0.0	-0.012060222076855209	-2.514412647495289205e-04	2.032233554329149205e-02
0.0019569471624266144	-0.008045345480104035	-2.117228529101502924e-04	2.034880333152182252e-02
0.003913894324853229	-0.004029234344924701	-1.719557641264856133e-04	2.037218010326699580e-02
0.005870841487279843	-1.2496517935159776e-05	-1.321460390843184690e-04	2.039246230755718120e-02
0.007827788649706457	0.004004260035653592	-9.229972494594968413e-05	2.040964686349239221e-02
0.009784735812133072	0.00802042732489154	-5.242287443162367468e-05	2.042373116071049752e-02
0.011741682974559686	0.012035397425978756	-1.252154490011038207e-05	2.043471305978373023e-02
0.0136986301369863	0.016048562575174168	2.739820257141775391e-05	2.044259089254366404e-02
0.015655577299412915	0.020059315261708625	6.733030410807295987e-05	2.044736346233463897e-02
0.01761252446183953	0.02406704832068687	1.072686939583647887e-04	2.044903004419549447e-02
0.019569471624266144	0.028071155025962795	1.472073054155977078e-04	2.044759038496972436e-02
0.021526418786692758	0.03207102918297256	1.871400717394136723e-04	2.044304470334392179e-02
0.023483365949119372	0.03606606522151011	2.270609270773399292e-04	2.043539368981455231e-02
0.025440313111545987	0.04005565828842932	2.669638073862022187e-04	2.042463850658306906e-02
0.0273972602739726	0.04403920434025745	3.068426513532622208e-04	2.041078078737939769e-02
0.029354207436399216	0.04801610023570407	3.466914013169414212e-04	2.039382263721372518e-02
0.03131115459882583	0.05198574382805007	3.865040041869895388e-04	2.037376663205678340e-02
0.033268101761252444	0.05594753405740099	4.262744123639589295e-04	2.035061581844853015e-02
0.03522504892367906	0.05990087104278917	4.659965846578448040e-04	2.032437371303540130e-02
0.03718199608610567	0.06384515617410905	5.056644872057517240e-04	2.029504430203609225e-02
0.03913894324853229	0.06777979220387007	5.452720943884475447e-04	2.026263204063607354e-02
0.0410958904109589	0.07170418333875163	5.848133897456645608e-04	2.022714185231082665e-02
0.043052837573385516	0.07561773533094451	6.242823668900098931e-04	2.018857912807797000e-02
0.04500978473581213	0.07951985556926312	6.636730304193448182e-04	2.014694972567833767e-02
0.046966731898238745	0.08340995317001329	7.029793968274976801e-04	2.010225996868620149e-02
0.04892367906066536	0.0872874390676001	7.421954954131666175e-04	2.005451664554868535e-02
0.050880626223091974	0.09115172610485989	7.813153691868796177e-04	2.000372700855461428e-02
0.05283757338551859	0.09500222912310195	8.203330757758711678e-04	1.994989877273285056e-02
0.0547945205479452	0.09883836505184346	8.592426883267375920e-04	1.989304011468040825e-02
0.05675146771037182	0.10265955299822323	8.980382964057370687e-04	1.983315967132036686e-02
0.05870841487279843	0.10646521433607883	9.367140068965926214e-04	1.977026653858995203e-02
0.060665362035225046	0.11025477279467144	9.752639448956673283e-04	1.970437027005881789e-02
0.06262230919765166	0.11402765454704393	1.013682254604370697e-03	1.963548087547785717e-02
0.06457925636007827	0.11778328829799702	1.051963100218666208e-03	1.956360881925870918e-02
0.06653620352250489	0.12152110537166805	1.090100666815535828e-03	1.948876501888417365e-02
0.0684931506849315	0.12524053979869826	1.128089161236280275e-03	1.941096084324986717e-02
0.07045009784735812	0.12894102840297306	1.165922812966506622e-03	1.933020811093722965e-02
0.07240704500978473	0.13262201088792114	1.203595875012679513e-03	1.924651908841828671e-02
0.07436399217221135	0.13628292992235747	1.241102624775099932e-03	1.915990648819234504e-02
0.07632093933463796	0.1399232312258556	1.278437364917175360e-03	1.907038346685494337e-02
0.07827788649706457	0.1435423636536353	1.315594424230857483e-03	1.897796362309934343e-02
0.08023483365949119	0.14713977928095062	1.352568158498104137e-03	1.888266099565086634e-02
0.0821917808219178	0.15071493348696488	1.389352951348248825e-03	1.878449006113438666e-02
0.08414872798434442	0.15426728503809753	1.425943215111134896e-03	1.868346573187532056e-02
0.08610567514677103	0.1577962961708299	1.462333391665891899e-03	1.857960335363439269e-02
0.08806262230919765	0.16130143267395558	1.498517953285223104e-03	1.847291870327662233e-02
0.09001956947162426	0.16478216397026127	1.534491403475076289e-03	1.836342798637476473e-02
0.09197651663405088	0.16823796319762532	1.570248277809571354e-03	1.825114783474767952e-02
0.09393346379647749	0.17166830728952004	1.605783144761053789e-03	1.813609530393391067e-02
0.0958904109589041	0.17507267705490429	1.641090606525154099e-03	1.801828787060093598e-02
0.09784735812133072	0.17845055725749365	1.676165299840721339e-03	1.789774342989043296e-02
0.09980430528375733	0.1818014366943946	1.711001896804513651e-03	1.777448029269996718e-02
0.10176125244618395	0.1851248082740905	1.745595105680513128e-03	1.764851718290154359e-02
0.10371819960861056	0.18842016909376577	1.779939671703751345e-03	1.751987323449742673e-02
0.10567514677103718	0.19168702051595618	1.814030377878514400e-03	1.738856798871363588e-02
0.10763209393346379	0.19492486824451333	1.847862045770814685e-03	1.725462139103161804e-02
0.1095890410958904	0.19813322239986977	1.881429536295003415e-03	1.711805378815849099e-02
0.11154598825831702	0.20131159759359366	1.914727750494405519e-03	1.697888592493634191e-02
0.11350293542074363	0.20445951300222087	1.947751630315859789e-03	1.683713894119106408e-02
0.11545988258317025	0.2075764924403525	1.980496159378045476e-03	1.669283436852115818e-02
0.11741682974559686	0.21066206443300634	2.012956363733478873e-03	1.654599412702707772e-02
0.11937377690802348	0.21371576228721073	2.045127312624064539e-03	1.639664052198150368e-02
0.12133072407045009	0.21673712416283	2.077004119230082754e-03	1.624479624044115542e-02
0.1232876712328767	0.21972569314260984	2.108581941412509576e-03	1.609048434780058212e-02
0.12524461839530332	0.22268101730143197	2.139855982448543928e-03	1.593372828428848975e-02
0.12720156555772993	0.2256026497747674	2.170821491760234825e-03	1.577455186140713783e-02
0.12915851272015655	0.22849014882631827	2.201473765636108131e-03	1.561297925831532304e-02
0.13111545988258316	0.23134307791483646	2.231808147945661853e-03	1.544903501815553942e-02
0.13307240704500978	0.23416100576011037	2.261820030846642404e-03	1.528274404432582861e-02
0.1350293542074364	0.23694350640810974	2.291504855484985566e-03	1.511413159669690830e-02
0.136986301369863	0.23969015929527712	2.320858112687308565e-03	1.494322328777515987e-02
0.13894324853228962	0.2424005493119591	2.349875343645868239e-03	1.477004507881204791e-02
0.14090019569471623	0.24507426686496475	2.378552140595852592e-03	1.459462327586057324e-02
0.14285714285714285	0.2477109079392458	2.406884147484935482e-03	1.441698452577931319e-02
0.14481409001956946	0.2503100741586854	2.434867060634963477e-03	1.423715581218475482e-02
0.14677103718199608	0.2528713728459904	2.462496629395690730e-03	1.405516445135240530e-02
0.1487279843444227	0.25539441708167643	2.489768656790465606e-03	1.387103808806743922e-02
0.1506849315068493	0.25787882576213755	2.516679000153750241e-03	1.368480469142537882e-02
0.15264187866927592	0.2603242236567932	2.543223571760404485e-03	1.349649255058356541e-02
0.15459882583170254	0.26273024146430346	2.569398339446616296e-03	1.330613027046398042e-02
0.15655577299412915	0.2650965158678458	2.595199327222392702e-03	1.311374676740810832e-02
0.15851272015655576	0.2674226895894443	2.620622615875519389e-03	1.291937126478451096e-02
0.16046966731898238	0.2697084114433457	2.645664343566896982e-03	1.272303328854972743e-02
0.162426614481409	0.27195333638843344	2.670320706417160343e-03	1.252476266276325231e-02
0.1643835616438356	0.2741571255796743	2.694587959084492404e-03	1.232458950505721344e-02
0.16634050880626222	0.27631944641858897	2.718462415333550153e-03	1.212254422206142900e-02
0.16829745596868884	0.2784399726027414	2.741940448595405616e-03	1.191865750478462820e-02
0.17025440313111545	0.28051838417424096	2.765018492518435921e-03	1.171296032395240279e-02
0.17221135029354206	0.28255436756724844	2.787693041510047078e-03	1.150548392530272024e-02
0.17416829745596868	0.2845476156544836	2.809960651269186385e-03	1.129625982483965611e-02
0.1761252446183953	0.2864978277927258	2.831817939309538498e-03	1.108531980404602220e-02
0.1780821917808219	0.2884047098673026	2.853261585473322766e-03	1.087269590505576290e-02
0.18003913894324852	0.2902679743355624	2.874288332435639796e-03	1.065842042578664384e-02
0.18199608610567514	0.2920873402693237	2.894894986199259695e-03	1.044252591503419710e-02
0.18395303326810175	0.2938625333962973	2.915078416579793864e-03	1.022504516752747832e-02
0.18590998043052837	0.29559328614047675	2.934835557681178368e-03	1.000601121894748209e-02
0.18786692759295498	0.29727933766149134	2.954163408361388209e-03	9.785457340909010232e-03
0.1898238747553816	0.29892043389291845	2.973059032688315714e-03	9.563417035906613892e-03
0.1917808219178082	0.30051632757954966	2.991519560385741058e-03	9.339924032225537659e-03
0.19373776908023482	0.30206677831360806	3.009542187269334187e-03	9.115012278818333466e-03
0.19569471624266144	0.3035715525699111	3.027124175672613569e-03	8.888715940147944028e-03
0.19765166340508805	0.3050304237399773	3.044262854862804513e-03	8.661069390998086745e-03
0.19960861056751467	0.30644317216507133	3.060955621446526803e-03	8.432107211251656242e-03
0.20156555772994128	0.3078095851681856	3.077199939765250941e-03	8.201864180637978216e-03
0.2035225048923679	0.309129457084954	3.092993342280474407e-03	7.970375273449731637e-03
0.2054794520547945	0.31040258929349623	3.108333429948542496e-03	7.737675653230265300e-03
0.20743639921722112	0.3116287902431883	3.123217872585066016e-03	7.503800667432230717e-03
0.20939334637964774	0.312807875482358	3.137644409218878598e-03	7.268785842048233053e-03
0.21135029354207435	0.31393966768490156	3.151610848435487666e-03	7.032666876214357932e-03
0.21330724070450097	0.3150239966758205	3.165115068709948784e-03	6.795479636787450130e-03
0.21526418786692758	0.31606069945567544	3.178155018729130442e-03	6.557260152896840673e-03
0.2172211350293542	0.3170496202239558	3.190728717703310291e-03	6.318044610471492892e-03
0.2191780821917808	0.3179906104013628	3.202834255667064665e-03	6.077869346743292565e-03
0.22113502935420742	0.3188835286510044	3.214469793769388940e-03	5.836770844727346037e-03
0.22309197651663404	0.31972824089850144	3.225633564553029645e-03	5.594785727680182293e-03
0.22504892367906065	0.32052462035100227	3.236323872222958073e-03	5.351950753536581507e-03
0.22700587084148727	0.32127254751510576	3.246539092903965446e-03	5.108302809326024062e-03
0.22896281800391388	0.3219719102136915	3.256277674887333648e-03	4.863878905569471271e-03
0.2309197651663405	0.3226226036016557	3.265538138866543386e-03	4.618716170657392005e-03
0.2328767123287671	0.3232245301805533	3.274319078161979854e-03	4.372851845209930338e-03
0.23483365949119372	0.32377759981214405	3.282619158934611640e-03	4.126323276419979237e-03
0.23679060665362034	0.3242817297308441	3.290437120388604690e-03	3.879167912380067102e-03
0.23874755381604695	0.32473684455508073	3.297771774962834912e-03	3.631423296393964002e-03
0.24070450097847357	0.3251428762975519	3.304622008511284674e-03	3.383127061273755263e-03
0.24266144814090018	0.32549976437438966	3.310986780472281558e-03	3.134316923623388547e-03
0.2446183953033268	0.3258074556132274	3.316865124026562028e-03	2.885030678109443397e-03
0.2465753424657534	0.3260659042601722	3.322256146244132249e-03	2.635306191720052180e-03
0.24853228962818003	0.3262750719856813	3.327159028219905251e-03	2.385181398012867129e-03
0.25048923679060664	0.32643492788934425	3.331573025198097081e-03	2.134694291352860589e-03
0.25244618395303325	0.32654544850357164	3.335497466685350722e-03	1.883882921140946640e-03
0.25440313111545987	0.32660661779618927	3.338931756552590384e-03	1.632785386034204264e-03
0.2563600782778865	0.32661842717194195	3.341875373125572334e-03	1.381439828158612798e-03
0.2583170254403131	0.3265808754729036	3.344327869264127930e-03	1.129884427315234899e-03
0.2602739726027397	0.3264939689777997	3.346288872430084986e-03	8.781573951806039132e-04
0.2622309197651663	0.32635772140023966	3.347758084743857054e-03	6.262969695023406407e-04
0.26418786692759294	0.3261721538858611	3.348735283029693685e-03	3.743414082907637599e-04
0.26614481409001955	0.3259372950083895	3.349220318849576057e-03	1.223289840074207101e-04
0.26810176125244617	0.3256531807646128	3.349213118525772720e-03	-1.297020222485291223e-04
0.2700587084148728	0.3253198545682734	3.348713683152022488e-03	-3.817133265553125177e-04
0.2720156555772994	0.32493736724287897	3.347722088593376583e-03	-6.336666479839008718e-04
0.273972602739726	0.3245057770134353	3.346238485474667922e-03	-8.855237144129596023e-04
0.2759295499021526	0.32402514949710143	3.344263099157636192e-03	-1.137246268342459541e-03
0.27788649706457924	0.32349555769277055	3.341796229706691344e-03	-1.388796072705026545e-03
0.27984344422700586	0.3229170819695784	3.338838251843333736e-03	-1.640134916674227750e-03
0.28180039138943247	0.3222898100543411	3.335389614889236985e-03	-1.891224621468872401e-03
0.2837573385518591	0.32161383701792645	3.331450842697990938e-03	-2.142027046152399517e-03
0.2857142857142857	0.3208892652605592	3.327022533575528171e-03	-2.392504093426585637e-03
0.2876712328767123	0.320116204496064	3.322105360189242691e-03	-2.642617715418552407e-03
0.2896281800391389	0.3192947717350493	3.316700069465808656e-03	-2.892329919460316819e-03
0.29158512720156554	0.3184250912670338	3.310807482477722517e-03	-3.141602773859951230e-03
0.29354207436399216	0.3175072946415194	3.304428494318577270e-03	-3.390398413663440070e-03
0.29549902152641877	0.3165415206480138	3.297564073967102632e-03	-3.638679046406462572e-03
0.2974559686888454	0.31552791529500396	3.290215264139966823e-03	-3.886406957855097558e-03
0.299412915851272	0.314466631787887	3.282383181133396305e-03	-4.133544517734693072e-03
0.3013698630136986	0.31335783050585875	3.274069014653599625e-03	-4.380054185445978431e-03
0.30332681017612523	0.31220167897776513	3.265274027636054337e-03	-4.625898515767511848e-03
0.30528375733855184	0.3109983518569192	3.255999556053663924e-03	-4.871040164543706009e-03
0.30724070450097846	0.3097480308948879	3.246247008713819444e-03	-5.115441894357435418e-03
0.30919765166340507	0.3084509049142517	3.236017867044402307e-03	-5.359066580186473520e-03
0.3111545988258317	0.30710716978034147	3.225313684868751606e-03	-5.601877215042862755e-03
0.3131115459882583	0.30571702837195597	3.214136088169634170e-03	-5.843836915594298985e-03
0.3150684931506849	0.30428069055106416	3.202486774842258979e-03	-6.084908927766794796e-03
0.31702544031311153	0.30279837313149666	3.190367514436360206e-03	-6.325056632327690116e-03
0.31898238747553814	0.3012702998466302	3.177780147887401818e-03	-6.564243550448145385e-03
0.32093933463796476	0.299696701316069	3.164726587236935812e-03	-6.802433349244359218e-03
0.32289628180039137	0.2980778150113284	3.151208815342160935e-03	-7.039589847296586801e-03
0.324853228962818	0.2964138852205242	3.137228885574720912e-03	-7.275677020145162807e-03
0.3268101761252446	0.2947051630120725	3.122788921508799428e-03	-7.510659005762640623e-03
0.3287671232876712	0.2929519061974057	3.107891116598536160e-03	-7.744500110001348823e-03
0.33072407045009783	0.29115437929270693	3.092537733844849708e-03	-7.977164812015352657e-03
0.33268101761252444	0.28931285347967106	3.076731105451672652e-03	-8.208617769656144023e-03
0.33463796477495106	0.28742760656529387	3.060473632471693260e-03	-8.438823824841143115e-03
0.33659491193737767	0.2854989229406968	3.043767784441630750e-03	-8.667748008894311795e-03
0.3385518590998043	0.2835270935389915	3.026616099007103933e-03	-8.895355547857950601e-03
0.3405088062622309	0.2815124157921891	3.009021181537164386e-03	-9.121611867774841523e-03
0.3424657534246575	0.27945519358715987	2.990985704728534901e-03	-9.346482599940203126e-03
0.34442270058708413	0.27735573722064816	2.972512408199620010e-03	-9.569933586122274932e-03
0.34637964774951074	0.2752143633533501	2.953604098074356227e-03	-9.791930883751041870e-03
0.34833659491193736	0.2730313949630563	2.934263646555955798e-03	-1.001244077107414643e-02
0.350293542074364	0.2708071612968674	2.914493991490614208e-03	-1.023142975227930851e-02
0.3522504892367906	0.26854199782248916	2.894298135921251694e-03	-1.044886456258232836e-02
0.3542074363992172	0.2662362461786104	2.873679147631335619e-03	-1.066471217328014698e-02
0.3561643835616438	0.26389025412437184	2.852640158678890377e-03	-1.087893979676790926e-02
0.35812133072407043	0.26150437548793054	2.831184364920721723e-03	-1.109151489151946092e-02
0.36007827788649704	0.2590789701141285	2.809315025526972626e-03	-1.130240516703046559e-02
0.36203522504892366	0.25661440381126815	2.787035462486040123e-03	-1.151157858872338749e-02
0.3639921722113503	0.25411104829700454	2.764349060099964214e-03	-1.171900338281359893e-02
0.3659491193737769	0.251569281143359	2.741259264470349497e-03	-1.192464804113582515e-02
0.3679060665362035	0.24898948572086124	2.717769582974889804e-03	-1.212848132593036601e-02
0.3698630136986301	0.24637205114182692	2.693883583734597333e-03	-1.233047227458810083e-02
0.37181996086105673	0.24371737220277725	2.669604895071796095e-03	-1.253059020435379201e-02
0.37377690802348335	0.24102584932600846	2.644937204958977724e-03	-1.272880471698682042e-02
0.37573385518590996	0.23829788850031655	2.619884260458587265e-03	-1.292508570337874869e-02
0.3776908023483366	0.2355339012208863	2.594449867153841328e-03	-1.311940334812694217e-02
0.3796477495107632	0.2327343044283516	2.568637888570657508e-03	-1.331172813406353815e-02
0.3816046966731898	0.22989952044703305	2.542452245590767941e-03	-1.350203084673921687e-02
0.3835616438356164	0.227029976922363	2.515896915856141898e-03	-1.369028257886088611e-02
0.38551859099804303	0.2241261067575028	2.488975933164768589e-03	-1.387645473468274680e-02
0.38747553816046965	0.22118834804916354	2.461693386857920739e-03	-1.406051903435004240e-02
0.38943248532289626	0.21821714402263456	2.434053421198970925e-03	-1.424244751819482221e-02
0.3913894324853229	0.21521294296603077	2.406060234743884717e-03	-1.442221255098300944e-02
0.3933463796477495	0.2121761981637656	2.377718079703433976e-03	-1.459978682611231919e-02
0.3953033268101761	0.20910736782925787	2.349031261297294254e-03	-1.477514336976012629e-02
0.3972602739726027	0.20600691503688273	2.320004137100068788e-03	-1.494825554498083880e-02
0.39921722113502933	0.20287530765317172	2.290641116379366592e-03	-1.511909705575209366e-02
0.40117416829745595	0.19971301826727544	2.260946659426027461e-03	-1.528764195096917779e-02
0.40313111545988256	0.1965205241206939	2.230925276876593623e-03	-1.545386462838703803e-02
0.4050880626223092	0.1932983070362845	2.200581529028147743e-03	-1.561773983850926750e-02
0.4070450097847358	0.19004685334655888	2.169920025145581459e-03	-1.577924268842361907e-02
0.4090019569471624	0.18676665382127441	2.138945422761448847e-03	-1.593834864558321684e-02
0.410958904109589	0.18345820359433335	2.107662426968478532e-03	-1.609503354153312554e-02
0.41291585127201563	0.18012200208999546	2.076075789704862409e-03	-1.624927357558154928e-02
0.41487279843444225	0.17675855294841816	2.044190309032424633e-03	-1.640104531841523119e-02
0.41682974559686886	0.1733683639505299	2.012010828407799663e-03	-1.655032571565835317e-02
0.4187866927592955	0.1699519469422487	1.979542235946687469e-03	-1.669709209137458863e-02
0.4207436399217221	0.1665098177580573	1.946789463681351546e-03	-1.684132215151158685e-02
0.4227005870841487	0.16304249614394128	1.913757486811431098e-03	-1.698299398728747578e-02
0.4246575342465753	0.15955050567970538	1.880451322948202466e-03	-1.712208607851884584e-02
0.42661448140900193	0.15603437370067433	1.846876031352393237e-03	-1.725857729688969749e-02
0.42857142857142855	0.15249463121879095	1.813036712165672212e-03	-1.739244690916088784e-02
0.43052837573385516	0.148931812843123	1.778938505635936423e-03	-1.752367458031948294e-02
0.4324853228962818	0.1453464566997873	1.744586591336487599e-03	-1.765224037666776602e-02
0.4344422700587084	0.141739104351305	1.709986187379254619e-03	-1.777812476885113138e-02
0.436399217221135	0.13811030071539632	1.675142549622150650e-03	-1.790130863482465584e-02
0.4383561643835616	0.13446059398322938	1.640060970870701584e-03	-1.802177326275776134e-02
0.44031311154598823	0.13079053553713166	1.604746780074055908e-03	-1.813950035387658019e-02
0.44227005870841485	0.12710067986777696	1.569205341515520239e-03	-1.825447202524353718e-02
0.44422700587084146	0.12339158449086078	1.533442053997699853e-03	-1.836667081247383981e-02
0.4461839530332681	0.11966380986327328	1.497462350022421822e-03	-1.847607967238832846e-02
0.4481409001956947	0.1159179192987852	1.461271694965527281e-03	-1.858268198560235687e-02
0.4500978473581213	0.11215447888325529	1.424875586246670493e-03	-1.868646155905031442e-02
0.4520547945205479	0.10837405738937542	1.388279552494254198e-03	-1.878740262844536685e-02
0.45401174168297453	0.10457722619096244	1.351489152705617021e-03	-1.888548986067409979e-02
0.45596868884540115	0.10076455917681082	1.314509975402623852e-03	-1.898070835612560708e-02
0.45792563600782776	0.09693663266412016	1.277347637782745311e-03	-1.907304365095480528e-02
0.4598825831702544	0.09309402531150676	1.240007784865805596e-03	-1.916248171927949218e-02
0.461839530332681	0.08923731803161676	1.202496088636492841e-03	-1.924900897531090643e-02
0.4637964774951076	0.0853670939033492	1.164818247182775523e-03	-1.933261227541743441e-02
0.4657534246575342	0.08148393808370688	1.126979983830350262e-03	-1.941327892012114850e-02
0.46771037181996084	0.07758843771928452	1.088987046273270400e-03	-1.949099665602686132e-02
0.46966731898238745	0.07368118185740911	1.050845205700845584e-03	-1.956575367768346660e-02
0.47162426614481406	0.06976276135694769	1.012560255920999693e-03	-1.963753862937719225e-02
0.4735812133072407	0.06583376879879232	9.741380124801794771e-04	-1.970634060685654693e-02
0.4755381604696673	0.06189479839604079	9.355843117799622459e-04	-1.977214915898869649e-02
0.4774951076320939	0.05794644590388194	8.969050101904988683e-04	-1.983495428934701002e-02
0.4794520547945205	0.05398930852920464	8.581059831609172189e-04	-1.989474645772954312e-02
0.48140900195694714	0.05002398483994036	8.191931243268438115e-04	-1.995151658160817729e-02
0.48336594911937375	0.0460510746741553	7.801723446151337220e-04	-2.000525603750831147e-02
0.48532289628180036	0.04207117904890775	7.410495713460027618e-04	-2.005595666231876559e-02
0.487279843444227	0.03808490006888155	7.018307473326547115e-04	-2.010361075453176091e-02
0.4892367906066536	0.03409284083481436	6.625218299785584370e-04	-2.014821107541280021e-02
0.4911937377690802	0.03009560535173106	6.231287903725083550e-04	-2.018975085010024997e-02
0.4931506849315068	0.026093798437001166	5.836576123816037721e-04	-2.022822376863443392e-02
0.49510763209393344	0.022088025628231502	5.441142917423009463e-04	-2.026362398691614400e-02
0.49706457925636005	0.0180788930910104	5.045048351496334970e-04	-2.029594612759436784e-02
0.49902152641878667	0.014067007526519735	4.648352593447977843e-04	-2.032518528088310752e-02
0.5009784735812133	0.010052976079026292	4.251115902011963900e-04	-2.035133700530718584e-02
0.5029354207436398	0.0060374062432717816	3.853398618090984819e-04	-2.037439732837692183e-02
0.5048923679060665	0.0020209057717722233	3.455261155590489005e-04	-2.039436274719154743e-02
0.5068493150684932	-0.0019959174179537986	3.056763992241823638e-04	-2.041123022897131309e-02
0.5088062622309197	-0.0060124553362163324	2.657967660415395559e-04	-2.042499721151816786e-02
0.5107632093933463	-0.010028100014027817	2.258932737925822614e-04	-2.043566160360496542e-02
0.512720156555773	-0.014042243596003675	1.859719838830033341e-04	-2.044322178529310932e-02
0.5146771037181996	-0.018054278433274996	1.460389604219893337e-04	-2.044767660817865124e-02
0.5166340508806262	-0.02206359717639756	1.061002693010725212e-04	-2.044902539556671048e-02
0.5185909980430528	-0.02606959286824411	6.616197727270909279e-05	-2.044726794257427718e-02
0.5205479452054794	-0.030071659036858926	2.623015102874102491e-05	-2.044240451616133672e-02
0.5225048923679061	-0.0340691897882639	-1.368914372116154235e-05	-2.043443585509030491e-02
0.5244618395303327	-0.03806157989920035	-5.358984317087997691e-05	-2.042336316981382960e-02
0.5264187866927592	-0.04204822490978849	-9.346588633895222520e-05	-2.040918814229089953e-02
0.5283757338551859	-0.046028521216090364	-1.333112159892456926e-04	-2.039191292573136124e-02
0.5303326810176126	-0.05000186616256057	-1.731197795510640617e-04	-2.037154014426884735e-02
0.5322896281800391	-0.0539676581343696	-2.128855300385315715e-04	-2.034807289256216137e-02
0.5342465753424657	-0.05792529664958381	-2.526024269691569618e-04	-2.032151473532519195e-02
0.5362035225048923	-0.06187418245118588	-2.922644372813810055e-04	-2.029186970678543284e-02
0.538160469667319	-0.06581371759892062	-3.318655362510118927e-04	-2.025914231007117094e-02
0.5401174168297456	-0.06974330556095053	-3.713997084063900937e-04	-2.022333751652746064e-02
0.5420743639921721	-0.07366235130530749	-4.108609484421485826e-04	-2.018446076496096045e-02
0.5440313111545988	-0.07757026139112015	-4.502432621314312721e-04	-2.014251796081377444e-02
0.5459882583170255	-0.08146644405960565	-4.895406672364146713e-04	-2.009751547526640592e-02
0.547945205479452	-0.08535030932481029	-5.287471944170367075e-04	-2.004946014426996909e-02
0.5499021526418786	-0.0892212690640811	-5.678568881377373369e-04	-1.999835926750778009e-02
0.5518590998043053	-0.09307873710825507	-6.068638075721178140e-04	-1.994422060728654605e-02
0.5538160469667319	-0.09692212933154762	-6.457620275053609733e-04	-1.988705238735723885e-02
0.5557729941291585	-0.10075086374113087	-6.845456392342845909e-04	-1.982686329166589989e-02
0.557729941291585	-0.10456436056638009	-7.232087514648715895e-04	-1.976366246303454949e-02
0.5596868884540117	-0.10836204234777674	-7.617454912071842813e-04	-1.969745950177234986e-02
0.5616438356164384	-0.11214333402545147	-8.001500046674691171e-04	-1.962826446421732027e-02
0.5636007827788649	-0.11590766302735345	-8.384164581373613036e-04	-1.955608786120877074e-02
0.5655577299412915	-0.11965445935702981	-8.765390388800343557e-04	-1.948094065649065912e-02
0.5675146771037182	-0.12338315568100043	-9.145119560131638285e-04	-1.940283426504620448e-02
0.5694716242661448	-0.12709318741571338	-9.523294413885750181e-04	-1.932178055136393041e-02
0.5714285714285714	-0.13078399281406602	-9.899857504684233828e-04	-1.923779182763542955e-02
0.573385518590998	-0.13445501305147903	-1.027475163197814987e-03	-1.915088085188510619e-02
0.5753424657534246	-0.13810569231150563	-1.064791984873681785e-03	-1.906106082603222646e-02
0.5772994129158513	-0.14173547787096186	-1.101930547009818831e-03	-1.896834539388552940e-02
0.5792563600782779	-0.14534382018456793	-1.138885208197935959e-03	-1.887274863907069736e-02
0.5812133072407044	-0.1489301729690809	-1.175650354964598819e-03	-1.877428508289102557e-02
0.5831702544031311	-0.15249399328690738	-1.212220402623924833e-03	-1.867296968212163108e-02
0.5851272015655578	-0.15603474162918143	-1.248589796125897881e-03	-1.856881782673749925e-02
0.5870841487279843	-0.15955188199829426	-1.284753010900203506e-03	-1.846184533757568719e-02
0.5890410958904109	-0.16304488198986214	-1.320704553695410503e-03	-1.835206846393213839e-02
0.5909980430528375	-0.16651321287411736	-1.356438963413407169e-03	-1.823950388109338641e-02
0.5929549902152642	-0.16995634967671022	-1.391950811938951491e-03	-1.812416868780354282e-02
0.5949119373776908	-0.17337377125890785	-1.427234704964212538e-03	-1.800608040366696860e-02
0.5968688845401173	-0.1767649603971787	-1.462285282808164924e-03	-1.788525696648705227e-02
0.598825831702544	-0.18012940386214474	-1.497097221230748315e-03	-1.776171672954137901e-02
0.6007827788649707	-0.18346659249689345	-1.531665232241617844e-03	-1.763547845879384970e-02
0.6027397260273972	-0.18677602129463494	-1.565984064903401529e-03	-1.750656133004412432e-02
0.6046966731898238	-0.19005718947569078	-1.600048506129325265e-03	-1.737498492601477484e-02
0.6066536203522505	-0.1933096005638026	-1.633853381475090663e-03	-1.724076923337662312e-02
0.6086105675146771	-0.1965327624617484	-1.667393555924882604e-03	-1.710393463971273884e-02
0.6105675146771037	-0.19972618752625385	-1.700663934671377232e-03	-1.696450193042157301e-02
0.6125244618395302	-0.20288939264218783	-1.733659463889667372e-03	-1.682249228555954962e-02
0.6144814090019569	-0.20602189929602807	-1.766375131504934479e-03	-1.667792727662383012e-02
0.6164383561643836	-0.20912323364858706	-1.798805967953795567e-03	-1.653082886327555956e-02
0.6183953033268101	-0.2121929266069861	-1.830947046939188517e-03	-1.638121939000414598e-02
0.6203522504892367	-0.21523051389586725	-1.862793486178683641e-03	-1.622912158273310396e-02
0.6223091976516634	-0.21823553612782895	-1.894340448146105077e-03	-1.607455854536796874e-02
0.62426614481409	-0.2212075388730779	-1.925583140806370495e-03	-1.591755375628673558e-02
0.6262230919765166	-0.2241460727282841	-1.956516818343400146e-03	-1.575813106477347986e-02
0.6281800391389432	-0.2270506933846301	-1.987136781881015252e-03	-1.559631468739561093e-02
0.6301369863013698	-0.22992096169504272	-2.017438380196709923e-03	-1.543212920432533546e-02
0.6320939334637965	-0.23275644374059581	-2.047417010428172375e-03	-1.526559955560588371e-02
0.6340508806262231	-0.2355567108960784	-2.077068118772473250e-03	-1.509675103736306603e-02
0.6360078277886496	-0.23832133989471396	-2.106387201177789201e-03	-1.492560929796280314e-02
0.6379647749510763	-0.2410499128920225	-2.135369804027583036e-03	-1.475220033411502388e-02
0.639921722113503	-0.2437420175288164	-2.164011524817112050e-03	-1.457655048692476328e-02
0.6418786692759295	-0.24639724699332177	-2.192308012822174329e-03	-1.439868643789089797e-02
0.6438356164383561	-0.2490152000824133	-2.220254969759993292e-03	-1.421863520485318853e-02
0.6457925636007827	-0.25159548126195613	-2.247848150442132049e-03	-1.403642413788821694e-02
0.6477495107632094	-0.25413770072624503	-2.275083363419344758e-03	-1.385208091515487128e-02
0.649706457925636	-0.2566414744565337	-2.301956471618268711e-03	-1.366563353868996931e-02
0.6516634050880625	-0.2591064242786436	-2.328463392969840062e-03	-1.347711033015476165e-02
0.6536203522504892	-0.26153217791964634	-2.354600101029384607e-03	-1.328653992653274461e-02
0.6555772994129159	-0.2639183690636099	-2.380362625588229239e-03	-1.309395127577970587e-02
0.6575342465753424	-0.2662646374064029	-2.405747053276784640e-03	-1.289937363242647100e-02
0.659491193737769	-0.26857062870954923	-2.430749528158995983e-03	-1.270283655313509188e-02
0.6614481409001957	-0.2708359948531227	-2.455366252318063637e-03	-1.250436989220914293e-02
0.6634050880626223	-0.27306039388767817	-2.479593486433354088e-03	-1.230400379705878962e-02
0.6653620352250489	-0.2752434900852114	-2.503427550348404779e-03	-1.210176870362140132e-02
0.6673189823874754	-0.2773849539891403	-2.526864823629951760e-03	-1.189769533173819921e-02
0.6692759295499021	-0.27948446246330133	-2.549901746117877802e-03	-1.169181468048792472e-02
0.6712328767123288	-0.28154169873995305	-2.572534818466002890e-03	-1.148415802347799684e-02
0.6731898238747553	-0.2835563524667853	-2.594760602673646006e-03	-1.127475690409402397e-02
0.6751467710371819	-0.2855281197529231	-2.616575722607860158e-03	-1.106364313070828248e-02
0.6771037181996086	-0.2874567032139222	-2.637976864516267811e-03	-1.085084877184803141e-02
0.6790606653620352	-0.2893418120157506	-2.658960777530436012e-03	-1.063640615132416950e-02
0.6810176125244618	-0.2911831619177493	-2.679524274159681904e-03	-1.042034784332124958e-02
0.6829745596868884	-0.29298047531456967	-2.699664230775256600e-03	-1.020270666744939499e-02
0.684931506849315	-0.2947334812770799	-2.719377588084831952e-03	-9.983515683758943660e-03
0.6868884540117417	-0.2964419155922373	-2.738661351597212155e-03	-9.762808187718574615e-03
0.6888454011741683	-0.2981055208019212	-2.757512592077203395e-03	-9.540617705157657460e-03
0.6908023483365948	-0.29972404624072346	-2.775928445990562612e-03	-9.316977987173680198e-03
0.6927592954990215	-0.3012972480726901	-2.793906115938981152e-03	-9.091923005005320829e-03
0.6947162426614482	-0.3028248893270117	-2.811442871085011348e-03	-8.865486944872208799e-03
0.6966731898238747	-0.3043067399326594	-2.828536047566883142e-03	-8.637704202781978230e-03
0.6986301369863013	-0.3057425767519605	-2.845183048903150019e-03	-8.408609379305450812e-03
0.700587084148728	-0.3071321836131126	-2.861381346387102675e-03	-8.178237274320741129e-03
0.7025440313111546	-0.3084753513416311	-2.877128479470875827e-03	-7.946622881727162177e-03
0.7045009784735812	-0.3097718777907297	-2.892422056139216067e-03	-7.713801384129492268e-03
0.7064579256360077	-0.3110215678706268	-2.907259753272831843e-03	-7.479808147493752571e-03
0.7084148727984344	-0.31222423357678	-2.921639317001277839e-03	-7.244678715775037386e-03
0.7103718199608611	-0.3133796940170414	-2.935558563045319140e-03	-7.008448805518333047e-03
0.7123287671232876	-0.3144877754377353	-2.949015377048731790e-03	-6.771154300433112998e-03
0.7142857142857142	-0.3155483112486541	-2.962007714899476431e-03	-6.532831245942528724e-03
0.7162426614481409	-0.31656114204696945	-2.974533603040195595e-03	-6.293515843708118521e-03
0.7181996086105675	-0.31752611564005906	-2.986591138768007747e-03	-6.053244446130613514e-03
0.7201565557729941	-0.3184430870672462	-2.998178490523530429e-03	-5.812053550828017931e-03
0.7221135029354206	-0.3193119186204503	-3.009293898169091742e-03	-5.569979795091542160e-03
0.7240704500978473	-0.3201324798637473	-3.019935673256101544e-03	-5.327059950320340090e-03
0.726027397260274	-0.3209046476518388	-3.030102199281533779e-03	-5.083330916435854774e-03
0.7279843444227005	-0.3216283061474284	-3.039791931933466182e-03	-4.838829716276730857e-03
0.7299412915851271	-0.32230334683750544	-3.049003399325672138e-03	-4.593593489974880963e-03
0.7318982387475538	-0.32292966854853383	-3.057735202221198781e-03	-4.347659489313905612e-03
0.7338551859099804	-0.3235071774605461	-3.065986014244914855e-03	-4.101065072070472946e-03
0.735812133072407	-0.3240357871201421	-3.073754582084987572e-03	-3.853847696339608893e-03
0.7377690802348336	-0.3245154184523927	-3.081039725683266776e-03	-3.606044914844749958e-03
0.7397260273972602	-0.32494599977164657	-3.087840338414532190e-03	-3.357694369233408648e-03
0.7416829745596869	-0.32532746679124197	-3.094155387254592451e-03	-3.108833784359416475e-03
0.7436399217221135	-0.3256597626321215	-3.099983912937209068e-03	-2.859500962552346918e-03
0.74559686888454	-0.3259428378303524	-3.105325030099803651e-03	-2.609733777875355206e-03
0.7475538160469667	-0.32617665034355064	-3.110177927417950156e-03	-2.359570170372025585e-03
0.7495107632093934	-0.3263611655562103	-3.114541867728613106e-03	-2.109048140303217914e-03
0.7514677103718199	-0.3264963562839388	-3.118416188142128335e-03	-1.858205742374764670e-03
0.7534246575342465	-0.32658220277659805	-3.121800300142890672e-03	-1.607081079956882699e-03
0.7553816046966731	-0.32661869272035393	-3.124693689678757248e-03	-1.355712299296280270e-03
0.7573385518590998	-0.32660582123863235	-3.127095917239128275e-03	-1.104137583721570906e-03
0.7592954990215264	-0.3265435908919862	-3.129006617921710476e-03	-8.523951478432370424e-04
0.7612524461839529	-0.32643201167687164	-3.130425501487948438e-03	-6.005232317487486059e-04
0.7632093933463796	-0.32627110102333706	-3.131352352407108276e-03	-3.485600951938325632e-04
0.7651663405088063	-0.3260608837916244	-3.131787029889020538e-03	-9.654401179073451552e-05
0.7671232876712328	-0.32580139226768634	-3.131729467905465004e-03	1.554867368055328001e-04
0.7690802348336594	-0.32549266615761907	-3.131179675200202600e-03	4.074938667123440212e-04
0.7710371819960861	-0.32513475258101354	-3.130137735287642255e-03	6.594390976347734752e-04
0.7729941291585127	-0.3247277060632276	-3.128603806440160076e-03	9.112841586804521854e-04
0.7749510763209393	-0.3242715885265788	-3.126578121664056083e-03	1.162990794172979146e-03
0.7769080234833659	-0.32376646928046277	-3.124060988664157171e-03	1.414520769463020917e-03
0.7788649706457925	-0.32321242501039726	-3.121052789797081062e-03	1.665835876736236837e-03
0.7808219178082192	-0.3226095397659953	-3.117553982013151689e-03	1.916897940817032875e-03
0.7827788649706457	-0.32195790494786924	-3.113565096786991178e-03	2.167668824967545864e-03
0.7847358121330723	-0.3212576192934685	-3.109086740036784945e-03	2.418110436680599891e-03
0.786692759295499	-0.32050878886185363	-3.104119592032241609e-03	2.668184733466042770e-03
0.7886497064579256	-0.3197115270174094	-3.098664407291262454e-03	2.917853728629458184e-03
0.7906066536203522	-0.3188659544124996	-3.092722014465325645e-03	3.167079497042427343e-03
0.7925636007827788	-0.3179721989690661	-3.086293316213614690e-03	3.415824180903345286e-03
0.7945205479452054	-0.3170303958591764	-3.079379289065901568e-03	3.664049995488191398e-03
0.7964774951076321	-0.3160406874845214	-3.071980983274208779e-03	3.911719234890017292e-03
0.7984344422700587	-0.31500322345486714	-3.064099522653279846e-03	4.158794277746554434e-03
0.8003913894324852	-0.31391816056546384	-3.055736104409865171e-03	4.405237592954962256e-03
0.8023483365949119	-0.31278566277341563	-3.046891998960864038e-03	4.651011745372860690e-03
0.8043052837573386	-0.3116059011730144	-3.037568549740350503e-03	4.896079401504809664e-03
0.8062622309197651	-0.3103790539700411	-3.027767172995499655e-03	5.140403335173256323e-03
0.8082191780821917	-0.3091053064550386	-3.017489357571458489e-03	5.383946433173359726e-03
0.8101761252446184	-0.307784850975559	-3.006736664685190005e-03	5.626671700910473514e-03
0.812133072407045	-0.30641788690739113	-2.995510727688316562e-03	5.868542268019708019e-03
0.8140900195694716	-0.30500462062476946	-2.983813251819017118e-03	6.109521393966591690e-03
0.8160469667318981	-0.3035452654695702	-2.971646013942993124e-03	6.349572473628044278e-03
0.8180039138943248	-0.3020400417194993	-2.959010862283568098e-03	6.588659042852677318e-03
0.8199608610567515	-0.3004891765552744	-2.945909716140929571e-03	6.826744783999870274e-03
0.821917808219178	-0.2988929040268075	-2.932344565600588857e-03	7.063793531456401958e-03
0.8238747553816046	-0.2972514650183895	-2.918317471231084669e-03	7.299769277130089065e-03
0.8258317025440313	-0.2955651072128856	-2.903830563770978292e-03	7.534636175919475105e-03
0.8277886497064579	-0.29383408505494196	-2.888886043805191477e-03	7.768358551158753567e-03
0.8297455968688845	-0.2920586597132108	-2.873486181430732166e-03	8.000900900037136859e-03
0.831702544031311	-0.2902390990415966	-2.857633315911867027e-03	8.232227898991717821e-03
0.8336594911937377	-0.2883756775395314	-2.841329855324778962e-03	8.462304409073279077e-03
0.8356164383561644	-0.2864686763112808	-2.824578276191776378e-03	8.691095481283890589e-03
0.837573385518591	-0.2845183830242885	-2.807381123105111460e-03	8.918566361885735955e-03
0.8395303326810175	-0.28252509186656133	-2.789741008340443883e-03	9.144682497680262784e-03
0.8414872798434442	-0.28048910350310424	-2.771660611460038427e-03	9.369409541256883481e-03
0.8434442270058709	-0.27841072503140635	-2.753142678905735538e-03	9.592713356210343448e-03
0.8454011741682974	-0.27629026993598704	-2.734190023581753795e-03	9.814560022326185990e-03
0.847358121330724	-0.27412805804200463	-2.714805524427415379e-03	1.003491584073323145e-02
0.8493150684931506	-0.2719244154679355	-2.694992125979824883e-03	1.025374733902250507e-02
0.8512720156555773	-0.2696796745773286	-2.674752837926589952e-03	1.047102127633174791e-02
0.8532289628180039	-0.26739417392964093	-2.654090734648647046e-03	1.068670464839475628e-02
0.8551859099804304	-0.26506825823016	-2.633008954753252202e-03	1.090076469255480546e-02
0.8571428571428571	-0.2627022782790205	-2.611510700597232185e-03	1.111316889274129027e-02
0.8590998043052838	-0.26029659091931956	-2.589599237800529856e-03	1.132388498440905014e-02
0.8610567514677103	-0.2578515589843376	-2.567277894750158267e-03	1.153288095943936012e-02
0.8630136986301369	-0.2553675512438719	-2.544550062094607691e-03	1.174012507100201386e-02
0.8649706457925636	-0.25284494234968846	-2.521419192228807095e-03	1.194558583837774038e-02
0.8669275929549902	-0.25028411278009954	-2.497888798769695544e-03	1.214923205174015496e-02
0.8688845401174168	-0.24768544878367163	-2.473962456022497231e-03	1.235103277689661959e-02
0.8708414872798433	-0.24504934232207426	-2.449643798437785118e-03	1.255095735998711277e-02
0.87279843444227	-0.24237619101207256	-2.424936520059391316e-03	1.274897543214071477e-02
0.8747553816046967	-0.23966639806667464	-2.399844373963284754e-03	1.294505691408861722e-02
0.8767123287671232	-0.236920372235437	-2.374371171687469917e-03	1.313917202073322521e-02
0.8786692759295498	-0.23413852774393804	-2.348520782653006414e-03	1.333129126567256587e-02
0.8806262230919765	-0.2313212842324256	-2.322297133576238688e-03	1.352138546567933919e-02
0.8825831702544031	-0.2284690666936491	-2.295704207872326097e-03	1.370942574513383562e-02
0.8845401174168297	-0.22558230540987848	-2.268746045050145342e-03	1.389538354041027976e-02
0.8864970645792563	-0.22266143588912188	-2.241426740098691889e-03	1.407923060421563052e-02
0.8884540117416829	-0.21970689880054983	-2.213750442865039351e-03	1.426093900988040578e-02
0.8904109589041096	-0.21671913990913202	-2.185721357423973076e-03	1.444048115560079247e-02
0.8923679060665362	-0.21369861000949694	-2.157343741439382914e-03	1.461782976863140043e-02
0.8943248532289627	-0.21064576485901973	-2.128621905517518419e-03	1.479295790942806131e-02
0.8962818003913894	-0.20756106511015052	-2.099560212552203584e-03	1.496583897573991982e-02
0.898238747553816	-0.20444497624198868	-2.070163077062097887e-03	1.513644670665044954e-02
0.9001956947162426	-0.20129796849111412	-2.040434964520130255e-03	1.530475518656647903e-02
0.9021526418786692	-0.19812051678168066	-2.010380390675184890e-03	1.547073884915481541e-02
0.9041095890410958	-0.19491310065478562	-1.980003920866151707e-03	1.563437248122582363e-02
0.9060665362035225	-0.19167620419712111	-1.949310169328440914e-03	1.579563122656334542e-02
0.9080234833659491	-0.18841031596891603	-1.918303798493083611e-03	1.595449058970037706e-02
0.9099804305283756	-0.18511592893118084	-1.886989518278484957e-03	1.611092643964001647e-02
0.9119373776908023	-0.18179354037226206	-1.855372085374992113e-03	1.626491501352098079e-02
0.913894324853229	-0.17844365183371824	-1.823456302522339203e-03	1.641643292022720163e-02
0.9158512720156555	-0.17506676903552387	-1.791247017780106966e-03	1.656545714394100366e-02
0.9178082191780821	-0.17166340180061543	-1.758749123791292527e-03	1.671196504763923854e-02
0.9197651663405088	-0.16823406397878624	-1.725967557039105723e-03	1.685593437653187462e-02
0.9217221135029354	-0.16477927336994247	-1.692907297097121216e-03	1.699734326144253238e-02
0.923679060665362	-0.16129955164672907	-1.659573365872856875e-03	1.713617022213046945e-02
0.9256360078277885	-0.15779542427653517	-1.625970826844948865e-03	1.727239417055346019e-02
0.9275929549902152	-0.15426742044289457	-1.592104784293996720e-03	1.740599441407108053e-02
0.9295499021526419	-0.15071607296628617	-1.557980382527216542e-03	1.753695065858798183e-02
0.9315068493150684	-0.14714191822434783	-1.523602805097008794e-03	1.766524301163658814e-02
0.933463796477495	-0.14354549607151434	-1.488977274013578156e-03	1.779085198539876594e-02
0.9354207436399217	-0.13992734975809074	-1.454109048951688059e-03	1.791375849966610548e-02
0.9373776908023483	-0.13628802584877453	-1.419003426451715148e-03	1.803394388473821344e-02
0.9393346379647749	-0.13262807414063268	-1.383665739115095801e-03	1.815138988425864935e-02
0.9412915851272015	-0.12894804758054956	-1.348101354794294191e-03	1.826607865798813429e-02
0.9432485322896281	-0.12524850218215716	-1.312315675777416760e-03	1.837799278451448387e-02
0.9452054794520548	-0.12152999694225702	-1.276314137967593477e-03	1.848711526389896706e-02
0.9471624266144814	-0.11779309375674965	-1.240102210057265507e-03	1.859342952025859128e-02
0.9491193737769079	-0.11403835733607777	-1.203685392697466470e-03	1.869691940428406737e-02
0.9510763209393346	-0.11026635512020225	-1.167069217662274668e-03	1.879756919569285784e-02
0.9530332681017613	-0.10647765719311826	-1.130259247008525607e-03	1.889536360561713813e-02
0.9549902152641878	-0.10267283619692741	-1.093261072230925120e-03	1.899028777892620284e-02
0.9569471624266144	-0.09885246724547435	-1.056080313412694057e-03	1.908232729648297668e-02
0.958904109589041	-0.09501712783756543	-1.018722618371863814e-03	1.917146817733432138e-02
0.9608610567514677	-0.09116739776978053	-9.811936618033762023e-04	1.925769688083471542e-02
0.9628180039138943	-0.08730385904888763	-9.434991444170703033e-04	1.934100030870317469e-02
0.9647749510763208	-0.08342709580387939	-9.056447920717466699e-04	1.942136580701285184e-02
0.9667318982387475	-0.0795376941976401	-8.676363549053981187e-04	1.949878116811319326e-02
0.9686888454011742	-0.07563624233825986	-8.294796064617524986e-04	1.957323463248432371e-02
0.9706457925636007	-0.07172333019000493	-7.911803428132613367e-04	1.964471489052331196e-02
0.9726027397260273	-0.06779954948396358	-7.527443816806765001e-04	1.971321108426212984e-02
0.974559686888454	-0.06386549362837662	-7.141775615493126681e-04	1.977871280901699613e-02
0.9765166340508806	-0.059921757618669615	-6.754857407821837243e-04	1.984121011496885537e-02
0.9784735812133072	-0.05596893794719795	-6.366747967301038171e-04	1.990069350867479381e-02
0.9804305283757337	-0.05200763251271888	-5.977506248389088863e-04	1.995715395451008040e-02
0.9823874755381604	-0.048038440529609865	-5.587191377539289794e-04	2.001058287604071464e-02
0.9843444227005871	-0.04406196243684059	-5.195862644218443875e-04	2.006097215732618663e-02
0.9863013698630136	-0.04007879980671638	-4.803579491900807508e-04	2.010831414415230334e-02
0.9882583170254402	-0.036089555253406964	-4.410401509038355079e-04	2.015260164519390093e-02
0.9902152641878669	-0.03209483234127493	-4.016388420009313863e-04	2.019382793310717239e-02
0.9921722113502935	-0.02809523549302162	-3.621600076045902858e-04	2.023198674555161392e-02
0.9941291585127201	-0.024091369897658334	-3.226096446142830273e-04	2.026707228614123626e-02
0.9960861056751467	-0.020083841418323055	-2.829937607947880006e-04	2.029907922532508610e-02
0.9980430528375733	-0.016073256499957275	-2.433183738636134790e-04	2.032800270119678593e-02
1.0	-0.012060222076855288	-2.035895105768787414e-04	2.035383832023307180e-02
