0.0	0.22914702121692432	9.402926446031565667e-04	9.441590422412428352e-02
0.0019569471624266144	0.2487814970263806	1.124629560977268797e-03	9.434272798578187402e-02
0.003913894324853229	0.2683786370858901	1.308809671169508613e-03	9.425533671006099123e-02
0.005870841487279843	0.28793547152126236	1.492805223945555719e-03	9.415374356459282890e-02
0.007827788649706457	0.3074490361852301	1.676588495879174434e-03	9.403796385686732928e-02
0.009784735812133072	0.3269163731156851	1.860131795529425215e-03	9.390801503192673649e-02
0.011741682974559686	0.3463345309934641	2.043407467613057339e-03	9.376391666973701855e-02
0.0136986301369863	0.36570056559960173	2.226387897171453259e-03	9.360569048223769950e-02
0.015655577299412915	0.3850115402719649	2.409045513731495128e-03	9.343336031007042075e-02
0.01761252446183953	0.40426452636118565	2.591352795459732697e-03	9.324695211898674507e-02
0.019569471624266144	0.42345660368580607	2.773282273309220485e-03	9.304649399593586945e-02
0.021526418786692758	0.4425848609865499	2.954806535158396256e-03	9.283201614483249653e-02
0.023483365949119372	0.46164639637963534	3.135898229941394295e-03	9.260355088200600271e-02
0.025440313111545987	0.48063831780904115	3.316530071769144272e-03	9.236113263133113871e-02
0.0273972602739726	0.4995577434976418	3.496674844040661978e-03	9.210479791904119251e-02
0.029354207436399216	0.5184018023971213	3.676305403543895720e-03	9.183458536822451668e-02
0.03131115459882583	0.5371676346365815	3.855394684545510389e-03	9.155053569300494742e-02
0.033268101761252444	0.5558523919697541	4.033915702869005082e-03	9.125269169240723954e-02
0.03522504892367906	0.5744532382207326	4.211841559960538897e-03	9.094109824390833596e-02
0.03718199608610567	0.5929673497281311	4.389145446941852997e-03	9.061580229667552666e-02
0.03913894324853229	0.6113919157875868	4.565800648649684379e-03	9.027685286449235735e-02
0.0410958904109589	0.629724139092515	4.741780547661058991e-03	8.992430101837353695e-02
0.043052837573385516	0.6479612361730298	4.917058628303852715e-03	8.955819987886981526e-02
0.04500978473581213	0.6661004378329412	5.091608480652036473e-03	8.917860460806407985e-02
0.046966731898238745	0.684138989584742	5.265403804504959276e-03	8.878557240125989347e-02
0.04892367906066536	0.7020741520824957	5.438418413350133186e-03	8.837916247836352657e-02
0.050880626223091974	0.7199032015525372	5.610626238308860127e-03	8.795943607496110872e-02
0.05283757338551859	0.7376234302219002	5.782001332064153239e-03	8.752645643309196755e-02
0.0547945205479452	0.7552321467443812	5.952517872770325680e-03	8.708028879171963998e-02
0.05675146771037182	0.772726676624156	6.122150167943691754e-03	8.662100037690212417e-02
0.05870841487279843	0.7901043626368602	6.290872658333762808e-03	8.614866039166249601e-02
0.060665362035225046	0.8073625652480476	6.458659921774368047e-03	8.566334000556187489e-02
0.06262230919765166	0.8244986630289393	6.625486677014139070e-03	8.516511234397597385e-02
0.06457925636007827	0.8415100530693816	6.791327787525731040e-03	8.465405247707694092e-02
0.06653620352250489	0.8583941513879235	6.956158265293267001e-03	8.413023740852225429e-02
0.0684931506849315	0.8751483933389301	7.119953274577391251e-03	8.359374606385222561e-02
0.07045009784735812	0.8917702340166511	7.282688135657374925e-03	8.304465927859787377e-02
0.07240704500978473	0.9082571486561575	7.444338328549722147e-03	8.248305978610119549e-02
0.07436399217221135	0.9246066330310642	7.604879496702706895e-03	8.190903220504926197e-02
0.07632093933463796	0.9408162038479605	7.764287450666281995e-03	8.132266302672436220e-02
0.07827788649706457	0.9568833991374609	7.922538171736805135e-03	8.072404060197206632e-02
0.08023483365949119	0.9728057786418014	8.079607815576053675e-03	8.011325512788890213e-02
0.0821917808219178	0.9885809241989002	8.235472715803949725e-03	7.949039863423199015e-02
0.08414872798434442	1.0042064401228017	8.390109387564475066e-03	7.885556496955256622e-02
0.08610567514677103	1.0196799535804288	8.543494531064250302e-03	7.820884978705530677e-02
0.08806262230919765	1.034999114964568	8.695605035083207521e-03	7.755035053018595470e-02
0.09001956947162426	1.050161598263006	8.846417980456867253e-03	7.688016641794896688e-02
0.09197651663405088	1.0651651014237487	8.995910643529664644e-03	7.619839842995780599e-02
0.09393346379647749	1.0800073467162474	9.144060499578830423e-03	7.550514929121990293e-02
0.0958904109589041	1.094686081088557	9.290845226208281973e-03	7.480052345665862135e-02
0.09784735812133072	1.109199076520359	9.436242706712047457e-03	7.408462709537450008e-02
0.09980430528375733	1.1235441303717735	9.580231033406680016e-03	7.335756807464841045e-02
0.10176125244618395	1.1377190657279006	9.722788510932191958e-03	7.261945594368858503e-02
0.10371819960861056	1.1517217317390114	9.863893659520983279e-03	7.187040191712447401e-02
0.10567514677103718	1.1655500039563294	1.000352521823430658e-02	7.111051885824941354e-02
0.10763209393346379	1.1792017846633407	1.014166214816572542e-02	7.033992126201514539e-02
0.1095890410958904	1.1926750032025568	1.027828363561116704e-02	6.955872523778025562e-02
0.11154598825831702	1.2059676162976802	1.041336909520499190e-02	6.876704849181548840e-02
0.11350293542074363	1.219077608371106	1.054689817302169319e-02	6.796501030956846046e-02
0.11545988258317025	1.2320029918566966	1.067885074964271437e-02	6.715273153769032999e-02
0.11741682974559686	1.24474180750778	1.080920694318792882e-02	6.633033456582734799e-02
0.11937377690802348	1.2572921247003068	1.093794711231132338e-02	6.549794330817984567e-02
0.12133072407045009	1.2696520417311148	1.106505185916046262e-02	6.465568318483153054e-02
0.1232876712328767	1.2818196861112436	1.119050203229923421e-02	6.380368110285186689e-02
0.12524461839530332	1.2937932148542557	1.131427872959348858e-02	6.294206543717451030e-02
0.12720156555772993	1.3055708147595013	1.143636330105910967e-02	6.207096601125432905e-02
0.12915851272015655	1.3171507026902864	1.155673735167208650e-02	6.119051407750649568e-02
0.13111545988258316	1.3285311258468946	1.167538274414016593e-02	6.030084229753000097e-02
0.13307240704500978	1.3397103620344148	1.179228160163569954e-02	5.940208472211898350e-02
0.1350293542074364	1.3506867199253325	1.190741631048920258e-02	5.849437677106466421e-02
0.136986301369863	1.3614585393168395	1.202076952284329182e-02	5.757785521275110563e-02
0.13894324853228962	1.3720241913828262	1.213232415926657204e-02	5.665265814354766838e-02
0.14090019569471623	1.3823820789205095	1.224206341132706190e-02	5.571892496700137781e-02
0.14285714285714285	1.3925306365916652	1.234997074412478961e-02	5.477679637283251052e-02
0.14481409001956946	1.4024683311584247	1.245602989878319064e-02	5.382641431573609303e-02
0.14677103718199608	1.412193661713603	1.256022489489890155e-02	5.286792199399305281e-02
0.1487279843444227	1.4217051599055262	1.266254003294959261e-02	5.190146382789388724e-02
0.1506849315068493	1.4310013901573244	1.276295989665949225e-02	5.092718543797816744e-02
0.15264187866927592	1.4400809498806628	1.286146935532222167e-02	4.994523362309331166e-02
0.15459882583170254	1.4489424696838848	1.295805356608060489e-02	4.895575633827572298e-02
0.15655577299412915	1.4575846135745365	1.305269797616311067e-02	4.795890267245771221e-02
0.15851272015655576	1.4660060791562493	1.314538832507657941e-02	4.695482282600367541e-02
0.16046966731898238	1.4742055978199624	1.323611064675491757e-02	4.594366808807871794e-02
0.162426614481409	1.482181934929461	1.332485127166343000e-02	4.492559081385314596e-02
0.1643835616438356	1.4899338900012036	1.341159682885846062e-02	4.390074440154662777e-02
0.16634050880626222	1.4974602968784356	1.349633424800205685e-02	4.286928326931484928e-02
0.16829745596868884	1.5047600238995584	1.357905076133134048e-02	4.183136283198268801e-02
0.17025440313111545	1.5118319740607489	1.365973390558227613e-02	4.078713947762718089e-02
0.17221135029354206	1.51867508517281	1.373837152386756487e-02	3.973677054401384551e-02
0.17416829745596868	1.5252883300122473	1.381495176750838390e-02	3.868041429488987271e-02
0.1761252446183953	1.531670716466554	1.388946309781967370e-02	3.761822989613787527e-02
0.1780821917808219	1.5378212876737027	1.396189428784872649e-02	3.655037739179361339e-02
0.18003913894324852	1.543739122155834	1.403223442406679664e-02	3.547701767993145794e-02
0.18199608610567514	1.549423333947136	1.410047290801349877e-02	3.439831248842115802e-02
0.18395303326810175	1.5548730727159141	1.416659945789371447e-02	3.331442435055961132e-02
0.18590998043052837	1.5600875238808463	1.423060411012680090e-02	3.222551658058122465e-02
0.18786692759295498	1.56506590872142	1.429247722084784657e-02	3.113175324905069832e-02
0.1898238747553816	1.5698074844825625	1.435220946736076239e-02	3.003329915814165196e-02
0.1917808219178082	1.574311544473449	1.440979184954296020e-02	2.893031981680528608e-02
0.19373776908023482	1.5785774181605126	1.446521569120145199e-02	2.782298141583234088e-02
0.19569471624266144	1.5826044712546394	1.451847264138012884e-02	2.671145080281241146e-02
0.19765166340508805	1.586392105792576	1.456955467561803046e-02	2.559589545699426233e-02
0.19960861056751467	1.5899397602125382	1.461845409715843182e-02	2.447648346405106867e-02
0.20156555772994128	1.5932469094240425	1.466516353810854399e-02	2.335338349075407466e-02
0.2035225048923679	1.596313064871964	1.470967596054967644e-02	2.222676475955890144e-02
0.2054794520547945	1.5991377745948347	1.475198465759765612e-02	2.109679702310804372e-02
0.20743639921722112	1.6017206232773908	1.479208325441339934e-02	1.996365053865346850e-02
0.20939334637964774	1.6040612322973893	1.482996570916342294e-02	1.882749604240318772e-02
0.21135029354207435	1.6061592597667003	1.486562631393020459e-02	1.768850472379576017e-02
0.21330724070450097	1.6080144005666972	1.489905969557221536e-02	1.654684819970629259e-02
0.21526418786692758	1.6096263863779596	1.493026081653351690e-02	1.540269848858824564e-02
0.2172211350293542	1.6109949857043047	1.495922497560278792e-02	1.425622798455462338e-02
0.2191780821917808	1.612120003891168	1.498594780862168123e-02	1.310760943140260905e-02
0.22113502935420742	1.6130012831383558	1.501042528914239144e-02	1.195701589658544443e-02
0.22309197651663404	1.6136387025071826	1.503265372903433289e-02	1.080462074513568842e-02
0.22504892367906065	1.614032177922026	1.505262977903984792e-02	9.650597613543407394e-03
0.22700587084148727	1.6141816621663083	1.507035042927886218e-02	8.495120383593677757e-03
0.22896281800391388	1.6140871448729412	1.508581300970238646e-02	7.338363156167025149e-03
0.2309197651663405	1.6137486525092504	1.509901519049482339e-02	6.180500225006879678e-03
0.2328767123287671	1.6131662483564035	1.510995498242502511e-02	5.021706050457932884e-03
0.23483365949119372	1.6123400324833752	1.511863073714600839e-02	3.862155233179512953e-03
0.23679060665362034	1.6112701417154671	1.512504114744331329e-02	2.702022487837602016e-03
0.23874755381604695	1.6099567495974114	1.512918524743198621e-02	1.541482616779886764e-03
0.24070450097847357	1.6084000663510944	1.513106241270209540e-02	3.807104836974915438e-04
0.24266144814090018	1.6066003388279133	1.513067236041281891e-02	-7.801190127225101278e-04
0.2446183953033268	1.6045578504558073	1.512801514933507022e-02	-1.940830965149876412e-03
0.2465753424657534	1.6022729211809885	1.512309117984262513e-02	-3.101250483965178103e-03
0.24853228962818003	1.5997459074043985	1.511590119385181584e-02	-4.261202723611317959e-03
0.25048923679060664	1.596977201912927	1.510644627470973146e-02	-5.420512908938203943e-03
0.25244618395303325	1.5939672338054205	1.509472784703098404e-02	-6.579006361536915946e-03
0.25440313111545987	1.5907164684135102	1.508074767648306252e-02	-7.736508526059278183e-03
0.2563600782778865	1.5872254072172942	1.506450786952028345e-02	-8.892844996518886949e-03
0.2583170254403131	1.5834945877559017	1.504601087306641112e-02	-1.004784154256965593e-02
0.2602739726027397	1.5795245835329768	1.502525947414596469e-02	-1.120132413575779078e-02
0.2622309197651663	1.5753160039171081	1.500225679946428498e-02	-1.235311897574355340e-02
0.26418786692759294	1.5708694940372387	1.497700631493641306e-02	-1.350305251648844899e-02
0.26614481409001955	1.566185734673095	1.494951182516488127e-02	-1.465095149240419788e-02
0.26810176125244617	1.5612654421406555	1.491977747286644257e-02	-1.579664294445942696e-02
0.2700587084148728	1.556109368172706	1.488780773824787025e-02	-1.693995424624020543e-02
0.2720156555772994	1.5507182997945035	1.485360743833091975e-02	-1.808071312996032201e-02
0.273972602739726	1.545093059194588	1.481718172622650646e-02	-1.921874771241780661e-02
0.2759295499021526	1.5392345035907742	1.477853609035827652e-02	-2.035388652089320863e-02
0.27788649706457924	1.5331435250913596	1.473767635363563804e-02	-2.148595851898619027e-02
0.27984344422700586	1.526821050551572	1.469460867257639872e-02	-2.261479313238635644e-02
0.28180039138943247	1.5202680414253058	1.464933953637913289e-02	-2.374022027457442507e-02
0.2837573385518591	1.5134854936121669	1.460187576594542888e-02	-2.486207037244987303e-02
0.2857142857142857	1.506474437299866	1.455222451285215386e-02	-2.598017439188137281e-02
0.2876712328767123	1.4992359368019934	1.450039325827388696e-02	-2.709436386317582574e-02
0.2896281800391389	1.4917710903912094	1.444638981185570638e-02	-2.820447090646247337e-02
0.29158512720156554	1.4840810301278764	1.439022231053647266e-02	-2.931032825698810448e-02
0.29354207436399216	1.4761669216841786	1.433189921732279382e-02	-3.041176929031957563e-02
0.29549902152641877	1.468029964163749	1.427142932001388038e-02	-3.150862804744980483e-02
0.2974559686888454	1.4596713899168492	1.420882172987743101e-02	-3.260073925980363357e-02
0.299412915851272	1.4510924643511207	1.414408588027681393e-02	-3.368793837413953940e-02
0.3013698630136986	1.442294485737955	1.407723152524969004e-02	-3.477006157734358754e-02
0.30332681017612523	1.4332787850145028	1.400826873803832917e-02	-3.584694582111189881e-02
0.30528375733855184	1.4240467255813631	1.393720790957183632e-02	-3.691842884651786588e-02
0.30724070450097846	1.4145997030959794	1.386405974690050127e-02	-3.798434920846036067e-02
0.30919765166340507	1.4049391452617745	1.378883527158251271e-02	-3.904454629998949794e-02
0.3111545988258317	1.395066511613062	1.371154581802330220e-02	-4.009886037650593066e-02
0.3131115459882583	1.3849832932957558	1.363220303176773500e-02	-4.114713257983025618e-02
0.3150684931506849	1.374691012843919	1.355081886774541985e-02	-4.218920496213893201e-02
0.31702544031311153	1.3641912239521758	1.346740558846941035e-02	-4.322492050976298184e-02
0.31898238747553814	1.353485511244022	1.338197576218857002e-02	-4.425412316684575881e-02
0.32093933463796476	1.3425754900360622	1.329454226099381978e-02	-4.527665785885696959e-02
0.32289628180039137	1.3314628060982043	1.320511825887869112e-02	-4.629237051595807423e-02
0.324853228962818	1.3201491354098442	1.311371722975431670e-02	-4.730110809621673740e-02
0.3268101761252446	1.3086361839120653	1.302035294541925570e-02	-4.830271860866648670e-02
0.3287671232876712	1.2969256872558912	1.292503947348443843e-02	-4.929705113620775486e-02
0.33072407045009783	1.2850194105466095	1.282779117525354069e-02	-5.028395585834725262e-02
0.33268101761252444	1.2729191480842106	1.272862270355910354e-02	-5.126328407377207796e-02
0.33463796477495106	1.2606267230999557	1.262754900055471606e-02	-5.223488822275519639e-02
0.33659491193737767	1.248143987489115	1.252458529546362706e-02	-5.319862190938896840e-02
0.3385518590998043	1.2354728215399011	1.241974710228408232e-02	-5.415433992364317856e-02
0.3405088062622309	1.2226151336586208	1.231305021745176392e-02	-5.510189826324459611e-02
0.3424657534246575	1.2095728600910873	1.220451071745967155e-02	-5.604115415537431338e-02
0.34442270058708413	1.1963479646403037	1.209414495643580494e-02	-5.697196607818005853e-02
0.34637964774951074	1.182942438380467	1.198196956367901696e-02	-5.789419378209986755e-02
0.34833659491193736	1.169358299367299	1.186800144115340676e-02	-5.880769831099407624e-02
0.350293542074364	1.1555975923447503	1.175225776094161213e-02	-5.971234202308255828e-02
0.3522504892367906	1.141662388448098	1.163475596265743130e-02	-6.060798861168376073e-02
0.3542074363992172	1.127554784903462	1.151551375081810887e-02	-6.149450312575262256e-02
0.3561643835616438	1.1132769047237785	1.139454909217671973e-02	-6.237175199021425392e-02
0.35812133072407043	1.0988308964012459	1.127188021301504979e-02	-6.323960302609035744e-02
0.36007827788649704	1.084218933596285	1.114752559639733791e-02	-6.409792547041509581e-02
0.36203522504892366	1.0694432148230288	1.102150397938537335e-02	-6.494658999593784510e-02
0.3639921722113503	1.0545059631313793	1.089383435021529060e-02	-6.578546873060940603e-02
0.3659491193737769	1.0394094257856572	1.076453594543652116e-02	-6.661443527684915433e-02
0.3679060665362035	1.0241558739398702	1.063362824701334988e-02	-6.743336473058982039e-02
0.3698630136986301	1.0087476023096342	1.050113097938946451e-02	-6.824213370009746260e-02
0.37181996086105673	0.9931869288407685	1.036706410651601351e-02	-6.904062032456327602e-02
0.37377690802348335	0.9774761943746033	1.023144782884352275e-02	-6.982870429246505750e-02
0.37573385518590996	0.9616177623100202	1.009430258027820861e-02	-7.060626685969505212e-02
0.3776908023483366	0.9456140182622581	9.955649025103116209e-03	-7.137319086745155805e-02
0.3796477495107632	0.9294673697185215	9.815508054864549234e-03	-7.212936075989188900e-02
0.3816046966731898	0.9131802456904022	9.673900785224225085e-03	-7.287466260154354392e-02
0.3835616438356164	0.8967550963631709	9.530848552777708774e-03	-7.360898409447155788e-02
0.38551859099804303	0.8801943927419403	9.386372911839510613e-03	-7.433221459519871732e-02
0.38747553816046965	0.8635006262947614	9.240495631195423665e-03	-7.504424513137689101e-02
0.38943248532289626	0.8466763085926545	9.093238690822505119e-03	-7.574496841820621551e-02
0.3913894324853229	0.8297239709466258	8.944624278577274074e-03	-7.643427887460033099e-02
0.3933463796477495	0.8126461640416998	8.794674786852547249e-03	-7.711207263909462817e-02
0.3953033268101761	0.795445457567989	8.643412809203493766e-03	-7.777824758549557738e-02
0.3972602739726027	0.7781244398488502	8.490861136943372162e-03	-7.843270333826848906e-02
0.39921722113502933	0.7606857174661421	8.337042755709435371e-03	-7.907534128766159631e-02
0.40117416829745595	0.7431319148826393	8.181980841999598672e-03	-7.970606460456400311e-02
0.40313111545988256	0.7254656740616189	8.025698759680338981e-03	-8.032477825509531932e-02
0.4050880626223092	0.7076896540836628	7.868220056466344176e-03	-8.093138901492488713e-02
0.4070450097847358	0.6898065307607186	7.709568460372485769e-03	-8.152580548331830879e-02
0.4090019569471624	0.671818996247437	7.549767876138605005e-03	-8.210793809690915268e-02
0.410958904109589	0.653729758649846	7.388842381627686549e-03	-8.267769914319386682e-02
0.41291585127201563	0.6355415416313768	7.226816224197938482e-03	-8.323500277374787371e-02
0.41487279843444225	0.6172570840163002	7.063713817049331080e-03	-8.377976501716065394e-02
0.41682974559686886	0.5988791393905987	6.899559735545155587e-03	-8.431190379168816695e-02
0.4187866927592955	0.5804104757003171	6.734378713509138123e-03	-8.483133891762041634e-02
0.4207436399217221	0.5618538748474425	6.568195639498708958e-03	-8.533799212936248046e-02
0.4227005870841487	0.5432121322833365	6.401035553054897249e-03	-8.583178708722714878e-02
0.4246575342465753	0.5244880565997828	6.232923640929533861e-03	-8.631264938893744298e-02
0.42661448140900193	0.5056844691176768	6.063885233290253196e-03	-8.678050658083698299e-02
0.42857142857142855	0.4868042034734083	5.893945799903871699e-03	-8.723528816880700421e-02
0.43052837573385516	0.4678501052029864	5.723130946298758855e-03	-8.767692562888801389e-02
0.4324853228962818	0.4488250313239407	5.551466409906728912e-03	-8.810535241760457381e-02
0.4344422700587084	0.4297318499150609	5.378978056185073492e-03	-8.852050398199171055e-02
0.436399217221135	0.41057343969400434	5.205691874719293663e-03	-8.892231776932137122e-02
0.4383561643835616	0.3913526895928397	5.031633975307137768e-03	-8.931073323652757856e-02
0.44031311154598823	0.37207249833156053	4.856830584024520933e-03	-8.968569185932867560e-02
0.44227005870841485	0.35273577398962386	4.681308039273919530e-03	-9.004713714104548017e-02
0.44422700587084146	0.33334543357557445	4.505092787815870303e-03	-9.039501462111379504e-02
0.4461839530332681	0.31390440259478847	4.328211380784087632e-03	-9.072927188329035775e-02
0.4481409001956947	0.29441561461541244	4.150690469684905834e-03	-9.104985856355052309e-02
0.4500978473581213	0.2748820108325281	3.972556802381572126e-03	-9.135672635767691507e-02
0.4520547945205479	0.2553065396306228	3.793837219064033831e-03	-9.164982902853756330e-02
0.45401174168297453	0.23569215614440137	3.614558648204801387e-03	-9.192912241305267740e-02
0.45596868884540115	0.2160418218180063	3.434748102501517311e-03	-9.219456442884893521e-02
0.45792563600782776	0.196358503962711	3.254432674806835221e-03	-9.244611508060018856e-02
0.4598825831702544	0.17664517531312707	3.073639534046217377e-03	-9.268373646605369831e-02
0.461839530332681	0.15690481358200947	2.892395921124273506e-03	-9.290739278174114935e-02
0.4637964774951076	0.13714040101369787	2.710729144820253709e-03	-9.311705032837316875e-02
0.4657534246575342	0.11735492393627814	2.528666577673302582e-03	-9.331267751591708348e-02
0.46771037181996084	0.0975513723125113	2.346235651858150691e-03	-9.349424486835662684e-02
0.46966731898238745	0.07773273928959966	2.163463855051739500e-03	-9.366172502813327472e-02
0.47162426614481406	0.05790202074786445	1.980378726291564303e-03	-9.381509276026833710e-02
0.4735812133072407	0.038062214848383416	1.797007851826236055e-03	-9.395432495616519442e-02
0.4755381604696673	0.01821632157967735	1.613378860958936687e-03	-9.407940063709119283e-02
0.4774951076320939	-0.0016326576965077443	1.429519421884393494e-03	-9.419030095733856023e-02
0.4794520547945205	-0.021481720700231858	1.245457237519986696e-03	-9.428700920706406530e-02
0.48140900195694714	-0.04132786468915231	1.061220041331629180e-03	-9.436951081480665637e-02
0.48336594911937375	-0.06116808691499729	8.768355931550415394e-04	-9.443779334968308015e-02
0.48532289628180036	-0.08099938508064124	6.923316750130549145e-04	-9.449184652326085565e-02
0.487279843444227	-0.10081875779772717	5.077360869295698305e-04	-9.453166219110854807e-02
0.4892367906066536	-0.12062320504473958	3.230766427407973204e-04	-9.455723435402280108e-02
0.4911937377690802	-0.14040972862547524	1.383811659044510136e-04	-9.456855915893240538e-02
0.4931506849315068	-0.1601753326278139	-4.632251469257672044e-05	-9.456563489947875101e-02
0.49510763209393344	-0.17991702388273048	-2.310065689272898450e-04	-9.454846201627296887e-02
0.49706457925636005	-0.19963181242346323	-4.156431696338833202e-04	-9.451704309682958105e-02
0.49902152641878667	-0.21931671194475238	-6.002044967965855472e-04	-9.447138287517657662e-02
0.5009784735812133	-0.23896874026208834	-7.846627417414242392e-04	-9.441148823114209332e-02
0.5029354207436398	-0.2585849197708669	-9.689901113262816123e-04	-9.433736818931789947e-02
0.5048923679060665	-0.2781622779053938	-1.153158832128611290e-03	-9.424903391769950955e-02
0.5068493150684932	-0.2976978475976351	-1.337141154630183031e-03	-9.414649872600355796e-02
0.5088062622309197	-0.3171886677356491	-1.520909357398225140e-03	-9.402977806366223656e-02
0.5107632093933463	-0.3366317836216088	-1.704435751262336216e-03	-9.389888951749560120e-02
0.512720156555773	-0.35602424742933053	-1.887692683486535440e-03	-9.375385280906156638e-02
0.5146771037181996	-0.3753631186612279	-2.070652541935828761e-03	-9.359468979168447667e-02
0.5166340508806262	-0.394645464604603	-2.253287759236626778e-03	-9.342142444716228233e-02
0.5185909980430528	-0.41386836078720524	-2.435570816930481344e-03	-9.323408288215312423e-02
0.5205479452054794	-0.4330288914319422	-2.617474249620388438e-03	-9.303269332424175808e-02
0.5225048923679061	-0.4521241499106819	-2.798970649109127143e-03	-9.281728611768633175e-02
0.5244618395303327	-0.4711512391970584	-2.980032668528975748e-03	-9.258789371884632025e-02
0.5264187866927592	-0.4901072723181814	-3.160633026462183505e-03	-9.234455069129215987e-02
0.5283757338551859	-0.508989372805171	-3.340744511051584389e-03	-9.208729370059740016e-02
0.5303326810176126	-0.5277946751424286	-3.520339984100728358e-03	-9.181616150881417859e-02
0.5322896281800391	-0.5465203252155594	-3.699392385162913414e-03	-9.153119496863268423e-02
0.5342465753424657	-0.5651634807578565	-3.877874735618502648e-03	-9.123243701722578980e-02
0.5362035225048923	-0.5837213117952555	-4.055760142739913039e-03	-9.091993266977947685e-02
0.538160469667319	-0.6021910010896768	-4.233021803743669716e-03	-9.059372901271021961e-02
0.5401174168297456	-0.6205697445806623	-4.409633009828870832e-03	-9.025387519657021573e-02
0.5420743639921721	-0.6388547518252322	-4.585567150201566057e-03	-8.990042242864172695e-02
0.5440313111545988	-0.6570432464358482	-4.760797716084289727e-03	-8.953342396522138980e-02
0.5459882583170255	-0.6751324665164153	-4.935298304710267724e-03	-8.915293510359588447e-02
0.547945205479452	-0.6931196650962356	-5.109042623301637137e-03	-8.875901317371003019e-02
0.5499021526418786	-0.7110021105618106	-5.282004493031095850e-03	-8.835171752952865332e-02
0.5518590998043053	-0.7287770870864195	-5.454157852966386166e-03	-8.793110954009342173e-02
0.5538160469667319	-0.7464418950573678	-5.625476763997003596e-03	-8.749725258027614416e-02
0.5557729941291585	-0.763993851500846	-5.795935412742564408e-03	-8.705021202122976975e-02
0.557729941291585	-0.7814302905042871	-5.965508115442221329e-03	-8.659005522053862813e-02
0.5596868884540117	-0.7987485636361465	-6.134169321824546259e-03	-8.611685151206936728e-02
0.5616438356164384	-0.8159460403630149	-6.301893618957310136e-03	-8.563067219552411569e-02
0.5636007827788649	-0.8330201084639838	-6.468655735076543276e-03	-8.513159052569746477e-02
0.5655577299412915	-0.8499681744421749	-6.634430543394371355e-03	-8.461968170143878420e-02
0.5675146771037182	-0.8667876639333449	-6.799193065884963534e-03	-8.409502285432167434e-02
0.5694716242661448	-0.8834760221114868	-6.962918477048086162e-03	-8.355769303702234585e-02
0.5714285714285714	-0.9000307140913406	-7.125582107649667055e-03	-8.300777321140818954e-02
0.573385518590998	-0.9164492253277388	-7.287159448438824787e-03	-8.244534623633910375e-02
0.5753424657534246	-0.9327290620116911	-7.447626153840782720e-03	-8.187049685518260622e-02
0.5772994129158513	-0.9488677514631298	-7.606958045625123940e-03	-8.128331168304529786e-02
0.5792563600782779	-0.9648628425202497	-7.765131116548837191e-03	-8.068387919372212169e-02
0.5812133072407044	-0.9807119059253453	-7.922121533973588287e-03	-8.007228970636560972e-02
0.5831702544031311	-0.9964125347070715	-8.077905643456690515e-03	-7.944863537187718538e-02
0.5851272015655578	-1.011962344559051	-8.232459972315241473e-03	-7.881301015902222873e-02
0.5870841487279843	-1.0273589742147542	-8.385761233162812231e-03	-7.816550984027158255e-02
0.5890410958904109	-1.0426000858185691	-8.537786327418316751e-03	-7.750623197737087355e-02
0.5909980430528375	-1.0576833652929873	-8.688512348786340753e-03	-7.683527590664061824e-02
0.5929549902152642	-1.0726065227018378	-8.837916586708547545e-03	-7.615274272400869571e-02
0.5949119373776908	-1.0873672926094826	-8.985976529785572736e-03	-7.545873526977779633e-02
0.5968688845401173	-1.101963434435926	-9.132669869168927312e-03	-7.475335811313003898e-02
0.598825831702544	-1.1163927328077328	-9.277974501922355705e-03	-7.403671753637100506e-02
0.6007827788649707	-1.1306529979047155	-9.421868534352196081e-03	-7.330892151891581221e-02
0.6027397260273972	-1.1447420658023082	-9.564330285306191226e-03	-7.257007972101926774e-02
0.6046966731898238	-1.158657798809565	-9.705338289440297236e-03	-7.182030346725294667e-02
0.6066536203522505	-1.17239808580271	-9.844871300452943605e-03	-7.105970572973140109e-02
0.6086105675146771	-1.185960842554182	-9.982908294286324882e-03	-7.028840111109010969e-02
0.6105675146771037	-1.1993440120571068	-1.011942847229416881e-02	-6.950650582721794313e-02
0.6125244618395302	-1.21254556484514	-1.025441126437558713e-02	-6.871413768974615754e-02
0.6144814090019569	-1.2255634993076112	-1.038783633207444185e-02	-6.791141608829739940e-02
0.6164383561643836	-1.238395841999917	-1.051968357164384180e-02	-6.709846197249662303e-02
0.6183953033268101	-1.2510406479491054	-1.064993311707525606e-02	-6.627539783374715443e-02
0.6203522504892367	-1.2634960009545964	-1.077856534309182442e-02	-6.544234768677431591e-02
0.6223091976516634	-1.2757600138839755	-1.090556086810537222e-02	-6.459943705093958155e-02
0.62426614481409	-1.2878308289638192	-1.103090055713672885e-02	-6.374679293132806679e-02
0.6262230919765166	-1.2997066180654913	-1.115456552469887459e-02	-6.288454379961200269e-02
0.6281800391389432	-1.3113855829858698	-1.127653713764250817e-02	-6.201281957469346323e-02
0.6301369863013698	-1.3228659557229474	-1.139679701796358392e-02	-6.113175160312880191e-02
0.6320939334637965	-1.3341459987462565	-1.151532704557238496e-02	-6.024147263933821855e-02
0.6340508806262231	-1.3452240052620885	-1.163210936102380098e-02	-5.934211682560291967e-02
0.6360078277886496	-1.3560982994734514	-1.174712636820825391e-02	-5.843381967185333481e-02
0.6379647749510763	-1.3667672368347221	-1.186036073700299717e-02	-5.751671803525131021e-02
0.639921722113503	-1.3772292043009602	-1.197179540588331863e-02	-5.659095009956915251e-02
0.6418786692759295	-1.387482620571848	-1.208141358449327761e-02	-5.565665535436892936e-02
0.6438356164383561	-1.3975259363302048	-1.218919875617557706e-02	-5.471397457398490677e-02
0.6457925636007827	-1.4073576344750576	-1.229513468046022039e-02	-5.376304979631240516e-02
0.6477495107632094	-1.416976230349217	-1.239920539551149330e-02	-5.280402430140661990e-02
0.649706457925636	-1.4263802719613468	-1.250139522053305211e-02	-5.183704258989352276e-02
0.6516634050880625	-1.4355683402024768	-1.260168875813059974e-02	-5.086225036119761816e-02
0.6536203522504892	-1.4445390490569454	-1.270007089663186851e-02	-4.987979449158868456e-02
0.6555772994129159	-1.4532910458077324	-1.279652681236357649e-02	-4.888982301205126169e-02
0.6575342465753424	-1.4618230112361679	-1.289104197188497766e-02	-4.789248508598022147e-02
0.659491193737769	-1.4701336598159922	-1.298360213417766237e-02	-4.688793098670555881e-02
0.6614481409001957	-1.4782217399017314	-1.307419335279133739e-02	-4.587631207485014240e-02
0.6634050880626223	-1.4860860339113844	-1.316280197794518318e-02	-4.485778077552349252e-02
0.6653620352250489	-1.4937253585033976	-1.324941465858453342e-02	-4.383249055535520106e-02
0.6673189823874754	-1.501138564747907	-1.333401834439254183e-02	-4.280059589937145609e-02
0.6692759295499021	-1.5083245382922361	-1.341660028775651901e-02	-4.176225228771808518e-02
0.6712328767123288	-1.5152821995206287	-1.349714804568868248e-02	-4.071761617223369073e-02
0.6731898238747553	-1.522010503708215	-1.357564948170099373e-02	-3.966684495287632617e-02
0.6751467710371819	-1.5285084411691967	-1.365209276763381697e-02	-3.861009695400738351e-02
0.6771037181996086	-1.5347750373992328	-1.372646638543811685e-02	-3.754753140053612714e-02
0.6790606653620352	-1.5408093532120313	-1.379875912891094340e-02	-3.647930839392858615e-02
0.6810176125244618	-1.5466104848701347	-1.386896010538390435e-02	-3.540558888808435084e-02
0.6829745596868884	-1.552177564209895	-1.393705873736443036e-02	-3.432653466508493734e-02
0.684931506849315	-1.5575097587606346	-1.400304476412951755e-02	-3.324230831081737003e-02
0.6868884540117417	-1.5626062718579963	-1.406690824327177028e-02	-3.215307319047663176e-02
0.6888454011741683	-1.5674663427514708	-1.412863955219744762e-02	-3.105899342395070789e-02
0.6908023483365948	-1.5720892467061214	-1.418822938957636955e-02	-2.996023386109192277e-02
0.6927592954990215	-1.5764742950984902	-1.424566877674336707e-02	-2.885696005687819754e-02
0.6947162426614482	-1.580620835506698	-1.430094905905113581e-02	-2.774933824646845862e-02
0.6966731898238747	-1.5845282517947488	-1.435406190717429357e-02	-2.663753532015478501e-02
0.6986301369863013	-1.588195964191034	-1.440499931836437993e-02	-2.552171879821660966e-02
0.700587084148728	-1.5916234293610518	-1.445375361765566767e-02	-2.440205680567963595e-02
0.7025440313111546	-1.5948101404743507	-1.450031745902157637e-02	-2.327871804698367075e-02
0.7045009784735812	-1.5977556272657067	-1.454468382648155256e-02	-2.215187178056319400e-02
0.7064579256360077	-1.600459456090544	-1.458684603515817552e-02	-2.102168779334444293e-02
0.7084148727984344	-1.602921229974616	-1.462679773228441407e-02	-1.988833637516284475e-02
0.7103718199608611	-1.605140588657956	-1.466453289816081057e-02	-1.875198829310471133e-02
0.7123287671232876	-1.6071172086331176	-1.470004584706251748e-02	-1.761281476577698790e-02
0.7142857142857142	-1.6088508031777191	-1.473333122809596281e-02	-1.647098743750899374e-02
0.7162426614481409	-1.610341122381309	-1.476438402600511839e-02	-1.532667835249001617e-02
0.7181996086105675	-1.6115879531665689	-1.479319956192715925e-02	-1.418005992884664029e-02
0.7201565557729941	-1.6125911193048759	-1.481977349409744488e-02	-1.303130493266374534e-02
0.7221135029354206	-1.613350481426249	-1.484410181850371636e-02	-1.188058645195307073e-02
0.7240704500978473	-1.6138659370236874	-1.486618086948940723e-02	-1.072807787057328613e-02
0.726027397260274	-1.6141374204519403	-1.488600732030595161e-02	-9.573952842105470581e-03
0.7279843444227005	-1.6141649029207155	-1.490357818361404303e-02	-8.418385263687953868e-03
0.7299412915851271	-1.6139483924823594	-1.491889081193375176e-02	-7.261549249814469413e-03
0.7318982387475538	-1.6134879340140322	-1.493194289804343662e-02	-6.103619106099546915e-03
0.7338551859099804	-1.6127836091944014	-1.494273247532737665e-02	-4.944769303015114637e-03
0.735812133072407	-1.6118355364748778	-1.495125791807209482e-02	-3.785174449602256557e-03
0.7377690802348336	-1.6106438710454283	-1.495751794171130966e-02	-2.625009267162095161e-03
0.7397260273972602	-1.6092088047949828	-1.496151160301948876e-02	-1.464448562929674368e-03
0.7416829745596869	-1.607530566266471	-1.496323830025395908e-02	-3.036672037353141331e-04
0.7436399217221135	-1.605609420606516	-1.496269777324559305e-02	8.571599103438569617e-04
0.74559686888454	-1.6034456695098056	-1.495989010343799080e-02	2.017857872336534242e-03
0.7475538160469667	-1.6010396511581881	-1.495481571387521740e-02	3.178251794731330650e-03
0.7495107632093934	-1.5983917401545038	-1.494747536913806560e-02	4.338166835827854916e-03
0.7514677103718199	-1.5955023474511942	-1.493787017522883731e-02	5.497428226080885300e-03
0.7534246575342465	-1.5923719202737165	-1.492600157940471642e-02	6.655861294433672651e-03
0.7553816046966731	-1.5890009420387954	-1.491187136995968804e-02	7.813291494636401269e-03
0.7573385518590998	-1.5853899322675433	-1.489548167595509953e-02	8.969544431545852306e-03
0.7592954990215264	-1.5815394464934778	-1.487683496689885809e-02	1.012444588740228982e-02
0.7612524461839529	-1.577450076165475	-1.485593405237334644e-02	1.127782184807962079e-02
0.7632093933463796	-1.5731224485456878	-1.483278208161208089e-02	1.242949852930488180e-02
0.7651663405088063	-1.5685572266024572	-1.480738254302521074e-02	1.357930240284308324e-02
0.7671232876712328	-1.5637551088982615	-1.477973926367390223e-02	1.472706022264347325e-02
0.7690802348336594	-1.5587168294727187	-1.474985640869369043e-02	1.587259905094330625e-02
0.7710371819960861	-1.5534431577206953	-1.471773848066691530e-02	1.701574628432511380e-02
0.7729941291585127	-1.5479348982655416	-1.468339031894428347e-02	1.815632967972366160e-02
0.7749510763209393	-1.5421928908274862	-1.464681709891570496e-02	1.929417738037854380e-02
0.7769080234833659	-1.536218010087232	-1.460802433123050380e-02	2.042911794172862575e-02
0.7788649706457925	-1.5300111655447806	-1.456701786096708737e-02	2.156098035724435258e-02
0.7808219178082192	-1.5235733013735204	-1.452380386675225857e-02	2.268959408419405147e-02
0.7827788649706457	-1.5169053962696124	-1.447838885983024695e-02	2.381478906934036965e-02
0.7847358121330723	-1.510008463296705	-1.443077968308162373e-02	2.493639577456295553e-02
0.786692759295499	-1.502883549726015	-1.438098350999227407e-02	2.605424520240350733e-02
0.7886497064579256	-1.495531736871803	-1.432900784357251343e-02	2.716816892152945639e-02
0.7906066536203522	-1.4879541399222853	-1.427486051522659782e-02	2.827799909211194118e-02
0.7925636007827788	-1.4801519077660015	-1.421854968357271452e-02	2.938356849111547001e-02
0.7945205479452054	-1.472126222813686	-1.416008383321368767e-02	3.048471053749381154e-02
0.7964774951076321	-1.463878300815665	-1.409947177345857901e-02	3.158125931728961167e-02
0.7984344422700587	-1.4554093906748218	-1.403672263699533816e-02	3.267304960863336161e-02
0.8003913894324852	-1.44672077425515	-1.397184587851474195e-02	3.375991690663811967e-02
0.8023483365949119	-1.437813766185939	-1.390485127328581691e-02	3.484169744818619435e-02
0.8043052837573386	-1.4286897136616232	-1.383574891568295842e-02	3.591822823660405228e-02
0.8062622309197651	-1.4193499962373155	-1.376454921766495816e-02	3.698934706622176299e-02
0.8082191780821917	-1.4097960256200726	-1.369126290720619477e-02	3.805489254681324041e-02
0.8101761252446184	-1.400029245455911	-1.361590102668019941e-02	3.911470412791360346e-02
0.812133072407045	-1.3900511311126174	-1.353847493119585653e-02	4.016862212301005458e-02
0.8140900195694716	-1.3798631894583708	-1.345899628688647896e-02	4.121648773360256368e-02
0.8160469667318981	-1.3694669586362205	-1.337747706915200403e-02	4.225814307313070783e-02
0.8180039138943248	-1.358864007834442	-1.329392956085463651e-02	4.329343119076315555e-02
0.8199608610567515	-1.3480559370528102	-1.320836635046810682e-02	4.432219609504616659e-02
0.821917808219178	-1.3370443768648093	-1.312080033018092964e-02	4.534428277740745750e-02
0.8238747553816046	-1.3258309881758166	-1.303124469395386918e-02	4.635953723551212297e-02
0.8258317025440313	-1.314417461977293	-1.293971293553194610e-02	4.736780649646674113e-02
0.8277886497064579	-1.3028055190970085	-1.284621884641128954e-02	4.836893863986859582e-02
0.8297455968688845	-1.2909969099453218	-1.275077651376109282e-02	4.936278282069607448e-02
0.831702544031311	-1.2789934142575596	-1.265340031830104739e-02	5.034918929203725108e-02
0.8336594911937377	-1.266796840832516	-1.255410493213453445e-02	5.132800942765290697e-02
0.8356164383561644	-1.2544090272671022	-1.245290531653790549e-02	5.229909574437069386e-02
0.837573385518591	-1.2418318396871817	-1.234981671970623168e-02	5.326230192430692068e-02
0.8395303326810175	-1.2290671724746045	-1.224485467445574245e-02	5.421748283691323056e-02
0.8414872798434442	-1.2161169479904865	-1.213803499588346317e-02	5.516449456084386582e-02
0.8434442270058709	-1.202983116294756	-1.202937377898426891e-02	5.610319440564092569e-02
0.8454011741682974	-1.1896676548619949	-1.191888739622578956e-02	5.703344093323426539e-02
0.847358121330724	-1.1761725682935966	-1.180659249508149086e-02	5.795509397925250467e-02
0.8493150684931506	-1.1624998880262851	-1.169250599552232144e-02	5.886801467414227995e-02
0.8512720156555773	-1.1486516720370137	-1.157664508746732157e-02	5.977206546409229160e-02
0.8532289628180039	-1.1346300045442614	-1.145902722819352321e-02	6.066711013175921097e-02
0.8551859099804304	-1.1204369957057816	-1.133967013970559740e-02	6.155301381679205430e-02
0.8571428571428571	-1.1060747813128033	-1.121859180606559446e-02	6.242964303615228944e-02
0.8590998043052838	-1.0915455224807358	-1.109581047068321398e-02	6.329686570422624059e-02
0.8610567514677103	-1.0768514053363836	-1.097134463356697412e-02	6.415455115272708508e-02
0.8630136986301369	-1.0619946407017204	-1.084521304853675212e-02	6.500257015038315989e-02
0.8649706457925636	-1.0469774637742382	-1.071743472039804294e-02	6.584079492240980935e-02
0.8669275929549902	-1.031802133803904	-1.058802890207844599e-02	6.666909916976188066e-02
0.8688845401174168	-1.016470933766747	-1.045701509172671309e-02	6.748735808816362647e-02
0.8708414872798433	-1.000986170035117	-1.032441302977489365e-02	6.829544838691356534e-02
0.87279843444227	-0.9853501720446286	-1.019024269596395527e-02	6.909324830746131629e-02
0.8747553816046967	-0.9695652919578365	-1.005452430633334282e-02	6.988063764175338199e-02
0.8767123287671232	-0.9536339043246527	-9.917278310174935940e-03	7.065749775034549374e-02
0.8786692759295498	-0.9375584057395471	-9.778525386951869569e-03	7.142371158027856215e-02
0.8806262230919765	-0.9213412144955576	-9.638286443182668764e-03	7.217916368271549976e-02
0.8825831702544031	-0.9049847702351531	-9.496582609291159133e-03	7.292374023033644515e-02
0.8845401174168297	-0.8884915335979486	-9.353435236422655980e-03	7.365732903448972413e-02
0.8864970645792563	-0.8718639858653305	-9.208865893226924823e-03	7.437981956209550882e-02
0.8884540117416829	-0.8551046286020185	-9.062896362608279313e-03	7.509110295230073118e-02
0.8904109589041096	-0.8382159832945856	-8.915548638443493087e-03	7.579107203288135142e-02
0.8923679060665362	-0.8212005909869814	-8.766844922267875984e-03	7.647962133639059357e-02
0.8943248532289627	-0.8040610119130723	-8.616807619930071452e-03	7.715664711605015047e-02
0.8962818003913894	-0.7867998251262552	-8.465459338216064361e-03	7.782204736138213785e-02
0.898238747553816	-0.7694196281261583	-8.312822881442921349e-03	7.847572181357954924e-02
0.9001956947162426	-0.7519230364824767	-8.158921248022754646e-03	7.911757198061261653e-02
0.9021526418786692	-0.7343126834559607	-8.003777626997462744e-03	7.974750115206913348e-02
0.9041095890410958	-0.7165912196166109	-7.847415394544719758e-03	8.036541441372611894e-02
0.9060665362035225	-0.6987613124591081	-7.689858110455792019e-03	8.097121866185105765e-02
0.9080234833659491	-0.6808256460155002	-7.531129514585680612e-03	8.156482261723023430e-02
0.9099804305283756	-0.6627869204652087	-7.371253523276126776e-03	8.214613683892214857e-02
0.9119373776908023	-0.6446478517423714	-7.210254225752031794e-03	8.271507373773404059e-02
0.913894324853229	-0.6264111711405739	-7.048155880491830012e-03	8.327154758941922308e-02
0.9158512720156555	-0.6080796249149906	-6.884982911572353620e-03	8.381547454759369353e-02
0.9178082191780821	-0.5896559738819971	-6.720759904988749499e-03	8.434677265636950083e-02
0.9197651663405088	-0.5711429930162767	-6.555511604949994589e-03	8.486536186270349225e-02
0.9217221135029354	-0.5525434710454761	-6.389262910150586561e-03	8.537116402845923435e-02
0.923679060665362	-0.5338602100424386	-6.222038870018932813e-03	8.586410294218040085e-02
0.9256360078277885	-0.5150960250150578	-6.053864680943051892e-03	8.634410433057393419e-02
0.9275929549902152	-0.49625374349382123	-5.884765682474119887e-03	8.681109586970110759e-02
0.9295499021526419	-0.4773362051170541	-5.714767353508445544e-03	8.726500719587491905e-02
0.9315068493150684	-0.4583462612139256	-5.543895308448442208e-03	8.770576991626208296e-02
0.933463796477495	-0.43928677438526237	-5.372175293343240191e-03	8.813331761918800911e-02
0.9354207436399217	-0.420160618082213	-5.199633182009340271e-03	8.854758588414352038e-02
0.9373776908023483	-0.40097067618282883	-5.026294972132145343e-03	8.894851229149119964e-02
0.9393346379647749	-0.38171984256657676	-4.852186781348752712e-03	8.933603643187058851e-02
0.9412915851272015	-0.3624110206868599	-4.677334843312701794e-03	8.971009991530014271e-02
0.9432485322896281	-0.34304712314159475	-4.501765503741229739e-03	9.007064637997531931e-02
0.9452054794520548	-0.3236310712418864	-4.325505216445646450e-03	9.041762150076070037e-02
0.9471624266144814	-0.30416579457886894	-4.148580539345417956e-03	9.075097299737545919e-02
0.9491193737769079	-0.2846542305887416	-3.971018130466574814e-03	9.107065064227071183e-02
0.9510763209393346	-0.2650993241160857	-3.792844743925018452e-03	9.137660626819742171e-02
0.9530332681017613	-0.2455040269754943	-3.614087225895369453e-03	9.166879377546406638e-02
0.9549902152641878	-0.2258712975115887	-3.434772510565928510e-03	9.194716913888263676e-02
0.9569471624266144	-0.20620410015745805	-3.254927616080387567e-03	9.221169041440209491e-02
0.958904109589041	-0.18650540499160637	-3.074579640466883115e-03	9.246231774542833237e-02
0.9608610567514677	-0.16677818729345606	-2.893755757555016572e-03	9.269901336882943599e-02
0.9628180039138943	-0.14702542709745411	-2.712483212881454560e-03	9.292174162062576126e-02
0.9647749510763208	-0.12725010874587228	-2.530789319584720969e-03	9.313046894136345344e-02
0.9667318982387475	-0.10745522044033977	-2.348701454289807075e-03	9.332516388117105544e-02
0.9686888454011742	-0.08764375379219028	-2.166247052983211619e-03	9.350579710449825888e-02
0.9706457925636007	-0.06781870337166604	-1.983453606879041417e-03	9.367234139453589625e-02
0.9726027397260273	-0.047983066256072925	-1.800348658276787256e-03	9.382477165731692437e-02
0.974559686888454	-0.028139841576931036	-1.616959796411401515e-03	9.396306492549738598e-02
0.9765166340508806	-0.00829203006620487	-1.433314653296309830e-03	9.408720036181701663e-02
0.9784735812133072	0.011557366398331088	-1.249440899559955704e-03	9.419715926223892755e-02
0.9804305283757337	0.03140534524852248	-1.065366240276600365e-03	9.429292505876771258e-02
0.9823874755381604	0.05124890368196308	-8.811184107917945313e-04	9.437448332194599276e-02
0.9843444227005871	0.07108503911878244	-6.967251725434244619e-04	9.444182176302837184e-02
0.9863013698630136	0.09091074965900517	-5.122143088787607700e-04	9.449493023583320495e-02
0.9882583170254402	0.11072303454040927	-3.276136208682165212e-04	9.453380073827127861e-02
0.9902152641878669	0.13051889459681032	-1.429509231164380854e-04	9.455842741355155456e-02
0.9921722113502935	0.15029533271667989	4.174596042864555664e-05	9.456880655106358891e-02
0.9941291585127201	0.17004935430205692	2.264492006681802466e-04	9.456493658693668203e-02
0.9960861056751467	0.18977796772764652	4.111309675455205388e-04	9.454681810427552346e-02
0.9980430528375733	0.2094781848000306	5.957634342395077632e-04	9.451445383307227610e-02
1.0	0.22914702121692393	7.803187813572602573e-04	9.446784864979525242e-02
