0.0	1.1771053385112222	-3.314263720939705522e-03	9.658625877752972100e-01
0.0019569471624266144	1.3734175960482082	-1.427598639992032001e-03	9.660583626918695099e-01
0.003913894324853229	1.5695272706673227	4.593076398728694783e-04	9.661095723864653317e-01
0.005870841487279843	1.7654046040300575	2.346172753700942470e-03	9.660162091958407471e-01
0.007827788649706457	1.9610198488917447	4.232714342698395971e-03	9.657782870912743345e-01
0.009784735812133072	2.1563432743094593	6.118650096485120024e-03	9.653958416764759631e-01
0.011741682974559686	2.3513451709425497	8.003697795340847590e-03	9.648689301822594988e-01
0.0136986301369863	2.5459958564416647	9.887575352437762144e-03	9.641976314579783214e-01
0.015655577299412915	2.74026568092176	1.177000085605319456e-02	9.633820459597257635e-01
0.01761252446183953	2.9341250325142476	1.365069261175615861e-02	9.624222957353026908e-01
0.019569471624266144	3.1275443429930605	1.552936918456132055e-02	9.613185244059532231e-01
0.021526418786692758	3.320494093469141	1.740574944104418195e-02	9.600708971448735918e-01
0.023483365949119372	3.5129448201475144	1.927955259141111294e-02	9.586796006524940239e-01
0.025440313111545987	3.704867120140866	2.115049823151799249e-02	9.571448431285400904e-01
0.0273972602739726	3.896231657333248	2.301830638483107899e-02	9.554668542408777387e-01
0.029354207436399216	4.08700916828732	2.488269754432396313e-02	9.536458850911432306e-01
0.03131115459882583	4.27717046818832	2.674339271430422812e-02	9.516822081771687536e-01
0.033268101761252444	4.4666864568177544	2.860011345216356693e-02	9.495761173522037080e-01
0.03522504892367906	4.6555281245496385	3.045258191004518097e-02	9.473279277809411036e-01
0.03718199608610567	4.843666558361981	3.230052087642214936e-02	9.449379758923559525e-01
0.03913894324853229	5.03107294785608	3.414365381758057566e-02	9.424066193293594296e-01
0.0410958904109589	5.217718591276119	3.598170491900131579e-02	9.397342368952801284e-01
0.043052837573385516	5.4035749015215035	3.781439912663408370e-02	9.369212284971780713e-01
0.04500978473581213	5.588613412144273	3.964146218805770366e-02	9.339680150860014685e-01
0.046966731898238745	5.772805783324054	4.146262069352053131e-02	9.308750385935926630e-01
0.04892367906066536	5.9561238078128484	4.327760211685462155e-02	9.276427618665565866e-01
0.050880626223091974	6.138539416842196	4.508613485625775907e-02	9.242716685969978307e-01
0.05283757338551859	6.320024685985162	4.688794827493714817e-02	9.207622632501386573e-01
0.0547945205479452	6.500551840965788	4.868277274160871110e-02	9.171150709888290509e-01
0.05675146771037182	6.680093263408756	5.047033967084587486e-02	9.133306375949590272e-01
0.05870841487279843	6.858621496522128	5.225038156327191374e-02	9.094095293877847430e-01
0.060665362035225046	7.036109250706263	5.402263204558965803e-02	9.053523331391827300e-01
0.06262230919765166	7.212529409082137	5.578682591044284433e-02	9.011596559858429112e-01
0.06457925636007827	7.387855032932609	5.754269915610286945e-02	8.968321253384131664e-01
0.06653620352250489	7.562059367050313	5.928998902597517467e-02	8.923703887876114349e-01
0.0684931506849315	7.735115844986238	6.102843404791932075e-02	8.877751140073170122e-01
0.07045009784735812	7.906998094193256	6.275777407337676528e-02	8.830469886546575831e-01
0.07240704500978473	8.077679941059229	6.447775031630074982e-02	8.781867202671046480e-01
0.07436399217221135	8.247135415824618	6.618810539188207942e-02	8.731950361565941066e-01
0.07632093933463796	8.415338757379887	6.788858335506532671e-02	8.680726833006893184e-01
0.07827788649706457	8.58226441793835	6.957892973884963195e-02	8.628204282307987416e-01
0.08023483365949119	8.747887067580447	7.125889159236824255e-02	8.574390569174697996e-01
0.0821917808219178	8.912181598665963	7.292821751874117853e-02	8.519293746527722977e-01
0.08414872798434442	9.07512313011087	7.458665771269534783e-02	8.462922059297910415e-01
0.08610567514677103	9.236687011526115	7.623396399794654665e-02	8.405283943192451979e-01
0.08806262230919765	9.396848827216006	7.786988986433764082e-02	8.346388023432527170e-01
0.09001956947162426	9.555584400034235	7.949419050472746051e-02	8.286243113462582466e-01
0.09197651663405088	9.712869795096053	8.110662285162469065e-02	8.224858213631454085e-01
0.09393346379647749	9.86868132334562	8.270694561356173313e-02	8.162242509845517580e-01
0.0958904109589041	10.022995544977842	8.429491931120247639e-02	8.098405372194059648e-01
0.09784735812133072	10.175789272714585	8.587030631317915663e-02	8.033356353547104201e-01
0.09980430528375733	10.327039574935531	8.743287087165246829e-02	7.967105188125879200e-01
0.10176125244618395	10.476723778664384	8.898237915758994143e-02	7.899661790046140775e-01
0.10371819960861056	10.62481947241162	9.051859929575717389e-02	7.831036251834584405e-01
0.10567514677103718	10.771304508875271	9.204130139941660294e-02	7.761238842918551928e-01
0.10763209393346379	10.916157007501875	9.355025760472882035e-02	7.690280008089271924e-01
0.1095890410958904	11.059355356909858	9.504524210485111591e-02	7.618170365938857769e-01
0.11154598825831702	11.200878217178282	9.652603118372812818e-02	7.544920707271285387e-01
0.11350293542074363	11.340704522004092	9.799240324956982884e-02	7.470541993487620491e-01
0.11545988258317025	11.478813480731453	9.944413886801140023e-02	7.395045354945699589e-01
0.11741682974559686	11.615184580257132	1.008810207949503573e-01	7.318442089294538988e-01
0.11937377690802348	11.749797586816149	1.023028340090559735e-01	7.240743659783697161e-01
0.12133072407045009	11.882632547652385	1.037093657439459443e-01	7.161961693547878038e-01
0.1232876712328767	12.01366979257899	1.051004055200257525e-01	7.082107979866975045e-01
0.12524461839530332	12.142889935433796	1.064757451759857226e-01	7.001194468401891191e-01
0.12720156555772993	12.270273875435235	1.078351788999512145e-01	6.919233267406326160e-01
0.12915851272015655	12.395802798444421	1.091785032602811262e-01	6.836236641914853474e-01
0.13111545988258316	12.51945817813936	1.105055172360104726e-01	6.752217011907514221e-01
0.13307240704500978	12.641221777107365	1.118160222469319065e-01	6.667186950451252647e-01
0.1350293542074364	12.761075647862036	1.131098221833121836e-01	6.581159181818413417e-01
0.136986301369863	12.879002133791131	1.143867234352388684e-01	6.494146579582632528e-01
0.13894324853228962	12.994983870042036	1.156465349215929916e-01	6.406162164692378314e-01
0.14090019569471623	13.109003784351327	1.168890681186433161e-01	6.317219103522434542e-01
0.14285714285714285	13.221045097825261	1.181141370882577285e-01	6.227330705903634245e-01
0.14481409001956946	13.331091325677901	1.193215585057279260e-01	6.136510423131114056e-01
0.14677103718199608	13.43912627793364	1.205111516872029581e-01	6.044771845951402156e-01
0.1487279843444227	13.54513406010091	1.216827386167274871e-01	5.952128702528640680e-01
0.1506849315068493	13.649099073823747	1.228361439728809096e-01	5.858594856390241246e-01
0.15264187866927592	13.75100601751792	1.239711951550132168e-01	5.764184304352291122e-01
0.15459882583170254	13.850839886998104	1.250877223090737234e-01	5.668911174424996480e-01
0.15655577299412915	13.9485859761026	1.261855583530287761e-01	5.572789723698520215e-01
0.15851272015655576	14.044229877321786	1.272645390018646294e-01	5.475834336209477460e-01
0.16046966731898238	14.137757482436541	1.283245027921718351e-01	5.378059520788445180e-01
0.162426614481409	14.22915498317242	1.293652911063071786e-01	5.279479908888805584e-01
0.1643835616438356	14.318408871875379	1.303867481961301644e-01	5.180110252397217563e-01
0.16634050880626222	14.405505942214415	1.313887212063095944e-01	5.079965421426096972e-01
0.16829745596868884	14.490433289916378	1.323710601971977430e-01	4.979060402088367754e-01
0.17025440313111545	14.573178313537776	1.333336181672677978e-01	4.877410294254893031e-01
0.17221135029354206	14.65372871527823	1.342762510751119298e-01	4.775030309294847064e-01
0.17416829745596868	14.732072501839802	1.351988178609962732e-01	4.671935767799436645e-01
0.1761252446183953	14.80819798533608	1.361011804679696235e-01	4.568142097289242809e-01
0.1780821917808219	14.882093784254685	1.369832038625231063e-01	4.463664829905588660e-01
0.18003913894324852	14.953748824476277	1.378447560547968465e-01	4.358519600086245283e-01
0.18199608610567514	15.023152340352892	1.386857081183318630e-01	4.252722142225811020e-01
0.18395303326810175	15.09029387584804	1.395059342093629973e-01	4.146288288321167137e-01
0.18590998043052837	15.155163285740503	1.403053115856507382e-01	4.039233965602287979e-01
0.18786692759295498	15.217750736893422	1.410837206248489462e-01	3.931575194148838048e-01
0.1898238747553816	15.278046709589796	1.418410448424056725e-01	3.823328084492842449e-01
0.1917808219178082	15.336041998935135	1.425771709089943828e-01	3.714508835207847581e-01
0.19373776908023482	15.391727716327496	1.432919886674731413e-01	3.605133730484884058e-01
0.19569471624266144	15.44509529099476	1.439853911493688687e-01	3.495219137695642631e-01
0.19765166340508805	15.49613647159852	1.446572745908847046e-01	3.384781504943172314e-01
0.19960861056751467	15.544843327903592	1.453075384484276145e-01	3.273837358600530933e-01
0.20156555772994128	15.591208252511587	1.459360854136541874e-01	3.162403300837690057e-01
0.2035225048923679	15.635223962656674	1.465428214280322661e-01	3.050496007137124543e-01
0.2054794520547945	15.676883502061228	1.471276556969163818e-01	2.938132223798416987e-01
0.20743639921722112	15.716180242848525	1.476905007031344697e-01	2.825328765432263411e-01
0.20939334637964774	15.753107887509435	1.482312722200845312e-01	2.712102512444270475e-01
0.21135029354207435	15.787660470919414	1.487498893243384968e-01	2.598470408508883334e-01
0.21330724070450097	15.819832362401987	1.492462744077521219e-01	2.484449458033876346e-01
0.21526418786692758	15.849618267834304	1.497203531890784478e-01	2.370056723615722172e-01
0.2172211350293542	15.87701323179015	1.501720547250837423e-01	2.255309323486285877e-01
0.2191780821917808	15.902012639715378	1.506013114211636472e-01	2.140224428951160440e-01
0.22113502935420742	15.924612220130433	1.510080590414583090e-01	2.024819261820095528e-01
0.22309197651663404	15.944808046854329	1.513922367184650786e-01	1.909111091829830686e-01
0.22504892367906065	15.962596541244164	1.517537869621467528e-01	1.793117234059795617e-01
0.22700587084148727	15.977974474444009	1.520926556685348319e-01	1.676855046340988697e-01
0.22896281800391388	15.990938969636714	1.524087921278258206e-01	1.560341926658482259e-01
0.2309197651663405	16.001487504292058	1.527021490319696029e-01	1.443595310547917399e-01
0.2328767123287671	16.00961791240437	1.529726824817489172e-01	1.326632668486359135e-01
0.23483365949119372	16.01532838671266	1.532203519933485747e-01	1.209471503277954330e-01
0.23679060665362034	16.01861748089613	1.534451205044136402e-01	1.092129347434718512e-01
0.23874755381604695	16.019484111737842	1.536469543795956072e-01	9.746237605529095571e-02
0.24070450097847357	16.017927561249177	1.538258234155857884e-01	8.569723266853168653e-02
0.24266144814090018	16.013947478747745	1.539817008456349501e-01	7.391926517099221827e-02
0.2446183953033268	16.00754388288129	1.541145633435589968e-01	6.213023606952623734e-02
0.2465753424657534	15.998717163590218	1.542243910272293739e-01	5.033190952629534171e-02
0.24853228962818003	15.987468084001275	1.543111674615485207e-01	3.852605109477035689e-02
0.25048923679060664	15.973797782245105	1.543748796609091534e-01	2.671442745552782619e-02
0.25244618395303325	15.957707773190362	1.544155180911375713e-01	1.489880615187470954e-02
0.25440313111545987	15.939199950087236	1.544330766709203773e-01	3.080955325346044181e-03
0.2563600782778865	15.91827658611335	1.544275527727144437e-01	-8.737356548886880334e-03
0.2583170254403131	15.89494033581515	1.543989472231402094e-01	-2.055436092666042963e-02
0.2602739726027397	15.869194236438089	1.543472643028579172e-01	-3.236828945946963049e-02
0.2622309197651663	15.841041709139182	1.542725117459270157e-01	-4.417737425909332855e-02
0.26418786692759294	15.810486560075537	1.541747007386489177e-01	-5.597984816214706533e-02
0.26614481409001955	15.777532981363048	1.540538459178928954e-01	-6.777394499453084920e-02
0.26810176125244617	15.7421855518994	1.539099653689058045e-01	-7.955789983572554569e-02
0.2700587084148728	15.70444923804603	1.537430806226058044e-01	-9.132994928290504022e-02
0.2720156555772994	15.66432939416395	1.535532166523602415e-01	-1.030883317148178907e-01
0.273972602739726	15.621831762998662	1.533404018702486382e-01	-1.148312875554057533e-01
0.2759295499021526	15.576962475909777	1.531046681228108719e-01	-1.265570595371124096e-01
0.27788649706457924	15.529728052941351	1.528460506862816815e-01	-1.382638929638505265e-01
0.27984344422700586	15.480135402729257	1.525645882613116122e-01	-1.499500359735813637e-01
0.28180039138943247	15.428191822242406	1.522603229671757596e-01	-1.616137398004706127e-01
0.2837573385518591	15.37390499635505	1.519333003354708389e-01	-1.732532590365827851e-01
0.2857142857142857	15.317282997247688	1.515835693033016907e-01	-1.848668518930700055e-01
0.2876712328767123	15.258334283634758	1.512111822059580279e-01	-1.964527804608228456e-01
0.2896281800391389	15.197067699817538	1.508161947690827842e-01	-2.080093109705367094e-01
0.29158512720156554	15.133492474561262	1.503986661003331171e-01	-2.195347140521626828e-01
0.29354207436399216	15.067618219795852	1.499586586805352340e-01	-2.310272649936961076e-01
0.29549902152641877	14.999454929140141	1.494962383543345652e-01	-2.424852439992720432e-01
0.2974559686888454	14.929012976249954	1.490114743203423409e-01	-2.539069364465210699e-01
0.299412915851272	14.856303112990778	1.485044391207805403e-01	-2.652906331431549303e-01
0.3013698630136986	14.781336467436383	1.479752086306262981e-01	-2.766346305827356855e-01
0.30332681017612523	14.704124541694975	1.474238620462576255e-01	-2.879372311995974654e-01
0.30528375733855184	14.624679209565162	1.468504818736021678e-01	-2.991967436228768484e-01
0.30724070450097846	14.543012714024234	1.462551539157905811e-01	-3.104114829296168998e-01
0.30919765166340507	14.459137664551864	1.456379672603166642e-01	-3.215797708969073132e-01
0.3111545988258317	14.373067034292637	1.449990142657058001e-01	-3.326999362530196902e-01
0.3131115459882583	14.284814157061279	1.443383905476941509e-01	-3.437703149275058156e-01
0.3150684931506849	14.194392724194858	1.436561949649202419e-01	-3.547892503002144649e-01
0.31702544031311153	14.1018167812566	1.429525296041311844e-01	-3.657550934491972106e-01
0.31898238747553814	14.007100724596315	1.422274997649062844e-01	-3.766662033974586543e-01
0.32093933463796476	13.910259297772791	1.414812139438991756e-01	-3.875209473585210507e-01
0.32289628180039137	13.81130758784384	1.407137838186021950e-01	-3.983177009807603586e-01
0.324853228962818	13.710261021530018	1.399253242306343903e-01	-4.090548485904817455e-01
0.3268101761252446	13.60713536125822	1.391159531685559336e-01	-4.197307834336969079e-01
0.3287671232876712	13.501946701091828	1.382857917502121337e-01	-4.303439079165645165e-01
0.33072407045009783	13.394711462554023	1.374349642046085729e-01	-4.408926338444615900e-01
0.33268101761252444	13.28544639035146	1.365635978533209227e-01	-4.513753826596493268e-01
0.33463796477495106	13.174168548005348	1.356718230914421286e-01	-4.617905856774929818e-01
0.33659491193737767	13.060895313397372	1.347597733680695187e-01	-4.721366843212084774e-01
0.3385518590998043	12.945644374237995	1.338275851663347504e-01	-4.824121303550937823e-01
0.3405088062622309	12.82843372346466	1.328753979829798981e-01	-4.926153861162152481e-01
0.3424657534246575	12.709281654577731	1.319033543074826786e-01	-5.027449247445077152e-01
0.34442270058708413	12.588206756921847	1.309115996007336191e-01	-5.127992304112630739e-01
0.34637964774951074	12.465227910920529	1.299002822732686635e-01	-5.227767985459632616e-01
0.34833659491193736	12.340364283271871	1.288695536630602712e-01	-5.326761360614337137e-01
0.350293542074364	12.213635322113026	1.278195680128706435e-01	-5.424957615772720843e-01
0.3522504892367906	12.08506075216137	1.267504824471702429e-01	-5.522342056415308065e-01
0.3542074363992172	11.954660569839815	1.256624569486247123e-01	-5.618900109506125284e-01
0.3561643835616438	11.822455038394022	1.245556543341546640e-01	-5.714617325673454484e-01
0.35812133072407043	11.688464683008764	1.234302402305708923e-01	-5.809479381372121276e-01
0.36007827788649704	11.552710285930884	1.222863830497892962e-01	-5.903472081026914786e-01
0.36203522504892366	11.415212881605779	1.211242539636288584e-01	-5.996581359156901714e-01
0.3639921722113503	11.275993751834392	1.199440268781969271e-01	-6.088793282480218227e-01
0.3659491193737769	11.135074420957366	1.187458784078650326e-01	-6.180094051999120985e-01
0.3679060665362035	10.9924766510727	1.175299878488396399e-01	-6.270470005064932018e-01
0.3698630136986301	10.848222437293096	1.162965371523311670e-01	-6.359907617422577708e-01
0.37181996086105673	10.70233400304879	1.150457108973264447e-01	-6.448393505234411016e-01
0.37377690802348335	10.554833795441427	1.137776962629672151e-01	-6.535914427083029388e-01
0.37573385518590996	10.405744480654104	1.124926830005399669e-01	-6.622457285952781936e-01
0.3776908023483366	10.25508893942244	1.111908634050804978e-01	-6.708009131189669461e-01
0.3796477495107632	10.102890262571224	1.098724322865983066e-01	-6.792557160439324226e-01
0.3816046966731898	9.949171746620502	1.085375869409243021e-01	-6.876088721562815254e-01
0.3835616438356164	9.793956889465115	1.071865271201863506e-01	-6.958591314529982697e-01
0.38551859099804303	9.637269386130617	1.058194550029178810e-01	-7.040052593289979344e-01
0.38747553816046965	9.479133124608788	1.044365751638026418e-01	-7.120460367618793862e-01
0.38943248532289626	9.319572181774895	1.030380945430615369e-01	-7.199802604943453810e-01
0.3913894324853229	9.158610819388908	1.016242224154849105e-01	-7.278067432142634186e-01
0.3933463796477495	8.996273480182191	1.001951703591159176e-01	-7.355243137323395075e-01
0.3953033268101761	8.832584784030757	9.875115222358907263e-02	-7.431318171573803033e-01
0.3972602739726027	8.667569524215914	9.729238409812877852e-02	-7.506281150691164195e-01
0.39921722113502933	8.501252663772378	9.581908427921272120e-02	-7.580120856885613767e-01
0.40117416829745595	8.333659331923888	9.433147323790518068e-02	-7.652826240458777685e-01
0.40313111545988256	8.164814820605537	9.282977358686474167e-02	-7.724386421457305474e-01
0.4050880626223092	7.994744581071805	9.131421004703130229e-02	-7.794790691301010099e-01
0.4070450097847358	7.823474220588953	8.978500941399827906e-02	-7.864028514385319468e-01
0.4090019569471624	7.651029499209674	8.824240052407360257e-02	-7.932089529657890825e-01
0.410958904109589	7.477436326627926	8.668661422003576256e-02	-7.998963552169071622e-01
0.41291585127201563	7.3027207591110574	8.511788331658928786e-02	-8.064640574596039224e-01
0.41487279843444225	7.126908996506354	8.353644256552572589e-02	-8.129110768740314130e-01
0.41682974559686886	6.9500273793184055	8.194252862059396569e-02	-8.192364486998515716e-01
0.4187866927592955	6.772102385853552	8.033638000208660757e-02	-8.254392263806061836e-01
0.4207436399217221	6.5931606294273735	7.871823706114640384e-02	-8.315184817053645761e-01
0.4227005870841487	6.413228855630604	7.708834194379947380e-02	-8.374733049476239533e-01
0.4246575342465753	6.232333939648912	7.544693855471919230e-02	-8.433028050014459431e-01
0.42661448140900193	6.050502883631408	7.379427252072741361e-02	-8.490061095148049297e-01
0.42857142857142855	5.867762814102613	7.213059115403754051e-02	-8.545823650201319621e-01
0.43052837573385516	5.684140979412492	7.045614341524597535e-02	-8.600307370620292602e-01
0.4324853228962818	5.499664747218662	6.877117987607636596e-02	-8.653504103221428823e-01
0.4344422700587084	5.314361601995077	6.707595268188283610e-02	-8.705405887411719057e-01
0.436399217221135	5.128259142560893	6.537071551391814006e-02	-8.756004956379914717e-01
0.4383561643835616	4.941385079623573	6.365572355137145977e-02	-8.805293738258810343e-01
0.44031311154598823	4.75376723332972	6.193123343318243657e-02	-8.853264857258318354e-01
0.44227005870841485	4.565433530817334	6.019750321963628775e-02	-8.899911134769225018e-01
0.44422700587084146	4.376412003763122	5.845479235374690524e-02	-8.945225590437418939e-01
0.4461839530332681	4.186730785918206	5.670336162243246741e-02	-8.989201443208466591e-01
0.4481409001956947	3.9964181106259944	5.494347311749019774e-02	-9.031832112342359498e-01
0.4500978473581213	3.80550230831552	5.317539019637557846e-02	-9.073111218398287603e-01
0.4520547945205479	3.614011803964094	5.139937744279276383e-02	-9.113032584189278973e-01
0.45401174168297453	3.4219751145227657	4.961570062710089768e-02	-9.151590235706588139e-01
0.45596868884540115	3.229420846298457	4.782462666654292011e-02	-9.188778403013674323e-01
0.45792563600782776	3.0363776922867802	4.602642358530321942e-02	-9.224591521109630765e-01
0.4598825831702544	2.8428744294494024	4.422136047439911150e-02	-9.259024230761965235e-01
0.461839530332681	2.6489399159304874	4.240970745141298126e-02	-9.292071379308572965e-01
0.4637964774951076	2.454603088206413	4.059173562007044322e-02	-9.323728021428813184e-01
0.4657534246575342	2.259892958163713	3.876771702967156397e-02	-9.353989419883537160e-01
0.46771037181996084	2.064838610099991	3.693792463438000384e-02	-9.382851046223992242e-01
0.46966731898238745	1.8694691976431173	3.510263225237699597e-02	-9.410308581469485345e-01
0.47162426614481406	1.673813940584289	3.326211452488581771e-02	-9.436357916753688180e-01
0.4735812133072407	1.4779021216206034	3.141664687507358944e-02	-9.460995153939506519e-01
0.4755381604696673	1.2817630830035351	2.956650546683552497e-02	-9.484216606202418021e-01
0.4774951076320939	1.0854262230895864	2.771196716346868358e-02	-9.506018798582180906e-01
0.4794520547945205	0.8889209927902215	2.585330948624062555e-02	-9.526398468502844663e-01
0.48140900195694714	0.6922768919181407	2.399081057286035074e-02	-9.545352566260977278e-01
0.48336594911937375	0.49552346542762093	2.212474913585631142e-02	-9.562878255482030188e-01
0.48532289628180036	0.29869029954703386	2.025540442086848011e-02	-9.578972913544794299e-01
0.487279843444227	0.10180701780181739	1.838305616486117511e-02	-9.593634131973854950e-01
0.4892367906066536	-0.09509672307299993	1.650798455426174052e-02	-9.606859716800009164e-01
0.4911937377690802	-0.29199123733164983	1.463047018303234581e-02	-9.618647688888577463e-01
0.4931506849315068	-0.4888468145278965	1.275079401068039513e-02	-9.628996284235578074e-01
0.49510763209393344	-0.685633723936741	1.086923732021493130e-02	-9.637903954231687997e-01
0.49706457925636005	-0.8823222190868824	8.986081676053926312e-03	-9.645369365893997626e-01
0.49902152641878667	-1.0788825424028319	7.101608881889881139e-03	-9.651391402065471192e-01
0.5009784735812133	-1.2752849299553775	5.216100938519216759e-03	-9.655969161582133031e-01
0.5029354207436398	-1.4714996163182799	3.329840001642832715e-03	-9.659101959407917493e-01
0.5048923679060665	-1.6674968395291043	1.443108339642891740e-03	-9.660789326737180271e-01
0.5068493150684932	-1.863246846151208	-4.438117086572716547e-04	-9.661031011064852292e-01
0.5088062622309197	-2.0587198964339177	-2.330637776243162616e-03	-9.659826976224228368e-01
0.5107632093933463	-2.253886269567254	-4.217087510164044262e-03	-9.657177402392377319e-01
0.512720156555773	-2.4487162690272344	-6.102878613785332404e-03	-9.653082686063180207e-01
0.5146771037181996	-2.643180228007472	-7.987728889032987348e-03	-9.647543439987996683e-01
0.5166340508806262	-2.8372485149323596	-9.871356278622454503e-03	-9.640560493083967231e-01
0.5185909980430528	-3.030891539046929	-1.175347890826723696e-02	-9.632134890309981268e-01
0.5205479452054794	-3.224079756077761	-1.363381512885967345e-02	-9.622267892510290022e-01
0.5225048923679061	-3.4167836739595083	-1.551208355861840096e-02	-9.610960976225836339e-01
0.5244618395303327	-3.608973858621045	-1.738800312519517624e-02	-9.598215833473302538e-01
0.5264187866927592	-3.800620939824904	-1.926129310773596476e-02	-9.584034371491898519e-01
0.5283757338551859	-3.991695617053584	-2.113167317888946239e-02	-9.568418712457965603e-01
0.5303326810176126	-4.182168665436008	-2.299886344675609873e-02	-9.551371193167395024e-01
0.5322896281800391	-4.372010941707254	-2.486258449677255719e-02	-9.532894364685946531e-01
0.5342465753424657	-4.561193390194431	-2.672255743352447421e-02	-9.512990991967493759e-01
0.5362035225048923	-4.749687048821459	-2.857850392248184254e-02	-9.491664053440259652e-01
0.538160469667319	-4.937463055125382	-3.043014623164980170e-02	-9.468916740561120760e-01
0.5401174168297456	-5.124492652276744	-3.227720727312996529e-02	-9.444752457338013718e-01
0.5420743639921721	-5.310747195096573	-3.411941064458490214e-02	-9.419174819820552713e-01
0.5440313111545988	-5.496198156062151	-3.595648067060051162e-02	-9.392187655558901227e-01
0.5459882583170255	-5.6808171312941305	-3.778814244393886163e-02	-9.363795003031006869e-01
0.547945205479452	-5.864575846517399	-3.961412186667681579e-02	-9.334001111038257026e-01
0.5499021526418786	-6.047446162987982	-4.143414569122309821e-02	-9.302810438069682997e-01
0.5518590998043053	-6.2294000833785725	-4.324794156120852912e-02	-9.270227651634757038e-01
0.5538160469667319	-6.410409757615084	-4.505523805224225659e-02	-9.236257627564936623e-01
0.5557729941291585	-6.590447488657189	-4.685576471252907160e-02	-9.200905449284019211e-01
0.557729941291585	-6.7694857382153755	-4.864925210334120759e-02	-9.164176407047434081e-01
0.5596868884540117	-6.94749713239763	-5.043543183933793528e-02	-9.126075997150593366e-01
0.5616438356164384	-7.124454467278863	-5.221403662872821372e-02	-9.086609921106391097e-01
0.5636007827788649	-7.300330714386519	-5.398480031326924333e-02	-9.045784084792016788e-01
0.5655577299412915	-7.475099026095936	-5.574745790809584184e-02	-9.003604597565159073e-01
0.5675146771037182	-7.648732740929296	-5.750174564137355143e-02	-8.960077771349785891e-01
0.5694716242661448	-7.8212053887523645	-5.924740099377084901e-02	-8.915210119691597823e-01
0.5714285714285714	-7.992490695863455	-6.098416273774361768e-02	-8.869008356783312230e-01
0.573385518590998	-8.162562589969443	-6.271177097662657129e-02	-8.821479396459914746e-01
0.5753424657534246	-8.33139520504383	-6.442996718352503316e-02	-8.772630351164056872e-01
0.5772994129158513	-8.498962886062312	-6.613849424000214916e-02	-8.722468530881707371e-01
0.5792563600782779	-8.665240193611911	-6.783709647455547775e-02	-8.671001442048256180e-01
0.5812133072407044	-8.830201908369617	-6.952551970087636479e-02	-8.618236786425220730e-01
0.5831702544031311	-8.993823035447265	-7.120351125588778030e-02	-8.564182459947722315e-01
0.5851272015655578	-9.156078808599691	-7.287082003755382398e-02	-8.508846551542897929e-01
0.5870841487279843	-9.316944694293577	-7.452719654245594516e-02	-8.452237341919437430e-01
0.5890410958904109	-9.476396395634888	-7.617239290312936839e-02	-8.394363302328430310e-01
0.5909980430528375	-9.634409856153104	-7.780616292515535326e-02	-8.335233093295679740e-01
0.5929549902152642	-9.790961263441107	-7.942826212400271035e-02	-8.274855563325718144e-01
0.5949119373776908	-9.946027052649775	-8.103844776161363284e-02	-8.213239747577653072e-01
0.5968688845401173	-10.09958390983709	-8.263647888272790398e-02	-8.150394866513135383e-01
0.598825831702544	-10.251608775171528	-8.422211635094066506e-02	-8.086330324516548540e-01
0.6007827788649707	-10.4020788459905	-8.579512288448770674e-02	-8.021055708487707658e-01
0.6027397260273972	-10.55097157971466	-8.735526309175362103e-02	-7.954580786407215998e-01
0.6046966731898238	-10.698264696619463	-8.890230350649641622e-02	-7.886915505874765309e-01
0.6066536203522505	-10.843936182465738	-9.043601262278480601e-02	-7.818069992620518827e-01
0.6086105675146771	-10.987964290991524	-9.195616092964165045e-02	-7.748054548989845580e-01
0.6105675146771037	-11.130327546267766	-9.346252094538887167e-02	-7.676879652401652487e-01
0.6125244618395302	-11.271004744920903	-9.495486725168895970e-02	-7.604555953780480770e-01
0.6144814090019569	-11.409974958225666	-9.643297652727750302e-02	-7.531094275962664231e-01
0.6164383561643836	-11.547217534071935	-9.789662758138203968e-02	-7.456505612076740341e-01
0.6183953033268101	-11.68271209880968	-9.934560138682192731e-02	-7.380801123898405036e-01
0.6203522504892367	-11.816438558976557	-1.007796811127844999e-01	-7.303992140180206594e-01
0.6223091976516634	-11.94837710291271	-1.021986521572726403e-01	-7.226090154956267275e-01
0.62426614481409	-12.07850820226806	-1.036023021792189386e-01	-7.147106825822249210e-01
0.6262230919765166	-12.206812613407228	-1.049904211302610108e-01	-7.067053972190886491e-01
0.6281800391389432	-12.333271378717871	-1.063628012861742439e-01	-6.985943573523258898e-01
0.6301369863013698	-12.457865827828044	-1.077192372779566393e-01	-6.903787767536128106e-01
0.6320939334637965	-12.580577578738707	-1.090595261225609930e-01	-6.820598848385617252e-01
0.6340508806262231	-12.701388538877659	-1.103834672532701400e-01	-6.736389264827437051e-01
0.6360078277886496	-12.820280906081159	-1.116908625497107649e-01	-6.651171618354019266e-01
0.6379647749510763	-12.937237169509752	-1.129815163675010614e-01	-6.564958661308747390e-01
0.639921722113503	-13.05224011050493	-1.142552355675276049e-01	-6.477763294977669783e-01
0.6418786692759295	-13.165272803393371	-1.155118295448476357e-01	-6.389598567658878459e-01
0.6438356164383561	-13.276318616245348	-1.167511102572120901e-01	-6.300477672709903221e-01
0.6457925636007827	-13.385361211594242	-1.179728922532050084e-01	-6.210413946573405397e-01
0.6477495107632094	-13.492384547123772	-1.191769926999951823e-01	-6.119420866781455359e-01
0.649706457925636	-13.597372876329857	-1.203632314106964779e-01	-6.027512049938679173e-01
0.6516634050880625	-13.700310749163595	-1.215314308713312391e-01	-5.934701249684632973e-01
0.6536203522504892	-13.801183012662124	-1.226814162673946079e-01	-5.841002354635637106e-01
0.6555772994129159	-13.899974811573745	-1.238130155100144320e-01	-5.746429386306419751e-01
0.6575342465753424	-13.996671588983741	-1.249260592617034565e-01	-5.650996497011882003e-01
0.659491193737769	-14.091259086947115	-1.260203809616996795e-01	-5.554717967749274177e-01
0.6614481409001957	-14.183723347134096	-1.270958168508911634e-01	-5.457608206061144163e-01
0.6634050880626223	-14.274050711494404	-1.281522059963219884e-01	-5.359681743879289861e-01
0.6653620352250489	-14.362227822945794	-1.291893903152744882e-01	-5.260953235350185331e-01
0.6673189823874754	-14.448241626092129	-1.302072145989258412e-01	-5.161437454642040512e-01
0.6692759295499021	-14.532079367976136	-1.312055265355739631e-01	-5.061149293733938626e-01
0.6712328767123288	-14.61372859887142	-1.321841767334302475e-01	-4.960103760187326571e-01
0.6731898238747553	-14.69317717311837	-1.331430187429751000e-01	-4.858315974900230816e-01
0.6751467710371819	-14.770413250007923	-1.340819090788733514e-01	-4.755801169844488530e-01
0.6771037181996086	-14.845425294716913	-1.350007072414460274e-01	-4.652574685786380893e-01
0.6790606653620352	-14.91820207929846	-1.358992757376954463e-01	-4.548651969990942789e-01
0.6810176125244618	-14.988732683730298	-1.367774801018799835e-01	-4.444048573910409083e-01
0.6829745596868884	-15.057006497023757	-1.376351889156363639e-01	-4.338780150857000084e-01
0.684931506849315	-15.123013218395457	-1.384722738276456255e-01	-4.232862453660497515e-01
0.6868884540117417	-15.186742858503605	-1.392886095728401719e-01	-4.126311332310919622e-01
0.6888454011741683	-15.248185740750131	-1.400840739911489441e-01	-4.019142731586661799e-01
0.6908023483365948	-15.30733250264976	-1.408585480457780204e-01	-3.911372688668455777e-01
0.6927592954990215	-15.364174097266309	-1.416119158410239220e-01	-3.803017330739464907e-01
0.6947162426614482	-15.418701794716391	-1.423440646396165465e-01	-3.694092872571988484e-01
0.6966731898238747	-15.470907183740136	-1.430548848795897554e-01	-3.584615614100980507e-01
0.6986301369863013	-15.52078217333802	-1.437442701906767595e-01	-3.474601937984864164e-01
0.700587084148728	-15.568318994472625	-1.444121174102278304e-01	-3.364068307153957327e-01
0.7025440313111546	-15.613510201833556	-1.450583265986478965e-01	-3.253031262346887664e-01
0.7045009784735812	-15.656348675663498	-1.456828010543520791e-01	-3.141507419635373721e-01
0.7064579256360077	-15.696827623642742	-1.462854473282365064e-01	-3.029513467937687277e-01
0.7084148727984344	-15.734940582829292	-1.468661752376623497e-01	-2.917066166521301573e-01
0.7103718199608611	-15.770681421651178	-1.474248978799513610e-01	-2.804182342494928593e-01
0.7123287671232876	-15.804044341947224	-1.479615316453901097e-01	-2.690878888290440529e-01
0.7142857142857142	-15.835023881052113	-1.484759962297419467e-01	-2.577172759135017421e-01
0.7162426614481409	-15.863614913921298	-1.489682146462638912e-01	-2.463080970513889245e-01
0.7181996086105675	-15.889812655290847	-1.494381132372273879e-01	-2.348620595624063279e-01
0.7201565557729941	-15.91361266186711	-1.498856216849406842e-01	-2.233808762819427252e-01
0.7221135029354206	-15.935010834540705	-1.503106730222717458e-01	-2.118662653047550526e-01
0.7240704500978473	-15.95400342061902	-1.507132036426690191e-01	-2.003199497278703445e-01
0.726027397260274	-15.970587016071196	-1.510931533096802337e-01	-1.887436573927305516e-01
0.7279843444227005	-15.984758567779283	-1.514504651659662471e-01	-1.771391206266315632e-01
0.7299412915851271	-15.996515375789075	-1.517850857418094890e-01	-1.655080759834900439e-01
0.7318982387475538	-16.00585509555385	-1.520969649631153664e-01	-1.538522639839781103e-01
0.7338551859099804	-16.012775740164134	-1.523860561589055751e-01	-1.421734288550647041e-01
0.735812133072407	-16.017275682556406	-1.526523160683022629e-01	-1.304733182689986337e-01
0.7377690802348336	-16.019353657693628	-1.528957048470015734e-01	-1.187536830817842864e-01
0.7397260273972602	-16.019008764710197	-1.531161860732362934e-01	-1.070162770711722139e-01
0.7416829745596869	-16.01624046901406	-1.533137267532260761e-01	-9.526285667421732772e-02
0.7436399217221135	-16.011048604338583	-1.534882973261147976e-01	-8.349518072443759542e-02
0.74559686888454	-16.003433374736655	-1.536398716683942123e-01	-7.171501018861467514e-02
0.7475538160469667	-15.993395356509714	-1.537684270978131318e-01	-5.992410790327502845e-02
0.7495107632093934	-15.98093550006432	-1.538739443767717374e-01	-4.812423831089212428e-02
0.7514677103718199	-15.966055131688847	-1.539564077152003330e-01	-3.631716719584417163e-02
0.7534246575342465	-15.948755955243215	-1.540158047729223434e-01	-2.450466142017945423e-02
0.7553816046966731	-15.929040053754465	-1.540521266615007823e-01	-1.268848865921189985e-02
0.7573385518590998	-15.906909890911255	-1.540653679455685210e-01	-8.704171369992676818e-04
0.7592954990215264	-15.882368312450467	-1.540555266436416104e-01	1.094778463826171291e-02
0.7612524461839529	-15.855418547429373	-1.540226042284156827e-01	2.276434813888266948e-02
0.7632093933463796	-15.826064209376938	-1.539666056265458216e-01	3.457750508233299602e-02
0.7651663405088063	-15.794309297318183	-1.538875392179090140e-01	4.638548769585685433e-02
0.7671232876712328	-15.760158196665719	-1.537854168343504024e-01	5.818652898100531989e-02
0.7690802348336594	-15.723615679972868	-1.536602537579125904e-01	6.997886297806123201e-02
0.7710371819960861	-15.684686907543208	-1.535120687185487776e-01	8.176072503030432093e-02
0.7729941291585127	-15.643377427891485	-1.533408838913199179e-01	9.353035204808214653e-02
0.7749510763209393	-15.599693178051425	-1.531467248930764580e-01	1.052859827726467384e-01
0.7769080234833659	-15.553640483726173	-1.529296207786247641e-01	1.170258580397160048e-01
0.7788649706457925	-15.50522605927758	-1.526896040363792950e-01	1.287482210427264850e-01
0.7808219178082192	-15.454457007550886	-1.524267105835009073e-01	1.404513175957243232e-01
0.7827788649706457	-15.4013408195318	-1.521409797605220715e-01	1.521333963958727831e-01
0.7847358121330723	-15.345885373833367	-1.518324543254597758e-01	1.637927092855241684e-01
0.786692759295499	-15.288098936010485	-1.515011804474169221e-01	1.754275115138216878e-01
0.7886497064579256	-15.227990157700367	-1.511472076996735192e-01	1.870360619977917971e-01
0.7906066536203522	-15.165568075587654	-1.507705890522682834e-01	1.986166235828872861e-01
0.7925636007827788	-15.100842110193357	-1.503713808640719796e-01	2.101674633029421979e-01
0.7945205479452054	-15.033822064487355	-1.499496428743534171e-01	2.216868526395035510e-01
0.7964774951076321	-14.964518122324447	-1.495054381938402122e-01	2.331730677804896013e-01
0.7984344422700587	-14.892940846704624	-1.490388332952742867e-01	2.446243898781519654e-01
0.8003913894324852	-14.819101177858514	-1.485498980034646865e-01	2.560391053062907041e-01
0.8023483365949119	-14.743010431159515	-1.480387054848388007e-01	2.674155059166889448e-01
0.8043052837573386	-14.664680294864597	-1.475053322364932029e-01	2.787518892947274951e-01
0.8062622309197651	-14.584122827686034	-1.469498580747465866e-01	2.900465590141412253e-01
0.8082191780821917	-14.501350456197008	-1.463723661231952911e-01	3.012978248908825818e-01
0.8101761252446184	-14.416375972074245	-1.457729428002746963e-01	3.125040032360435482e-01
0.812133072407045	-14.329212529181426	-1.451516778063270396e-01	3.236634171078133781e-01
0.8140900195694716	-14.239873640497308	-1.445086641101782643e-01	3.347743965624228601e-01
0.8160469667318981	-14.148373174893148	-1.438439979352257037e-01	3.458352789040419761e-01
0.8180039138943248	-14.054725353764157	-1.431577787450389050e-01	3.568444089335929825e-01
0.8199608610567515	-13.958944747520247	-1.424501092284753689e-01	3.678001391964416111e-01
0.821917808219178	-13.861046271941518	-1.417210952843138416e-01	3.787008302289290307e-01
0.8238747553816046	-13.761045184404328	-1.409708460054069357e-01	3.895448508037109292e-01
0.8258317025440313	-13.658957079984196	-1.401994736623562721e-01	4.003305781738573654e-01
0.8277886497064579	-13.554797887441842	-1.394070936867116139e-01	4.110563983156905188e-01
0.8297455968688845	-13.448583865099033	-1.385938246536973228e-01	4.217207061703138748e-01
0.831702544031311	-13.340331596611186	-1.377597882644681360e-01	4.323219058837999840e-01
0.8336594911937377	-13.230057986643828	-1.369051093278972897e-01	4.428584110460012657e-01
0.8356164383561644	-13.117780256460197	-1.360299157418997096e-01	4.533286449279463337e-01
0.837573385518591	-13.003515939427404	-1.351343384742924036e-01	4.637310407177920868e-01
0.8395303326810175	-12.887282876448694	-1.342185115431964171e-01	4.740640417552836050e-01
0.8414872798434442	-12.769099211329571	-1.332825719969813472e-01	4.843261017647026989e-01
0.8434442270058709	-12.648983386085467	-1.323266598937570537e-01	4.945156850862583164e-01
0.8454011741682974	-12.526954136198766	-1.313509182804145914e-01	5.046312669058901079e-01
0.847358121330724	-12.403030485832936	-1.303554931712201936e-01	5.146713334834476239e-01
0.8493150684931506	-12.277231743011669	-1.293405335259649180e-01	5.246343823792135597e-01
0.8512720156555773	-12.149577494770769	-1.283061912276737548e-01	5.345189226787343539e-01
0.8532289628180039	-12.020087602290394	-1.272526210598770025e-01	5.443234752159300527e-01
0.8551859099804304	-11.8887821960154	-1.261799806834481008e-01	5.540465727944396956e-01
0.8571428571428571	-11.75568167077121	-1.250884306130102541e-01	5.636867604071805760e-01
0.8590998043052838	-11.620806680882602	-1.239781341929165059e-01	5.732425954540822932e-01
0.8610567514677103	-11.484178135302493	-1.228492575728060837e-01	5.827126479579631813e-01
0.8630136986301369	-11.345817192757888	-1.217019696827410374e-01	5.920955007785189128e-01
0.8649706457925636	-11.205745256919613	-1.205364422079269471e-01	6.013897498243878648e-01
0.8669275929549902	-11.063983971602449	-1.193528495630207659e-01	6.105940042632699294e-01
0.8688845401174168	-10.920555216001866	-1.181513688660312533e-01	6.197068867300509210e-01
0.8708414872798433	-10.775481099973412	-1.169321799118138439e-01	6.287270335329213644e-01
0.87279843444227	-10.628783959360389	-1.156954651451654326e-01	6.376530948574444801e-01
0.8747553816046967	-10.480486351375218	-1.144414096335226311e-01	6.464837349685482737e-01
0.8767123287671232	-10.330611050039387	-1.131702010392673236e-01	6.552176324104105332e-01
0.8786692759295498	-10.179181041686771	-1.118820295916442414e-01	6.638534802042069805e-01
0.8806262230919765	-10.026219520534484	-1.105770880582938182e-01	6.723899860436960418e-01
0.8825831702544031	-9.871749884325343	-1.092555717164061524e-01	6.808258724886007140e-01
0.8845401174168297	-9.715795730045164	-1.079176783234984394e-01	6.891598771557735370e-01
0.8864970645792563	-9.558380849718104	-1.065636080878218928e-01	6.973907529081047052e-01
0.8884540117416829	-9.399529226282812	-1.051935636384015577e-01	7.055172680411481156e-01
0.8904109589041096	-9.239265029551449	-1.038077499947141213e-01	7.135382064674402613e-01
0.8923679060665362	-9.07761261225347	-1.024063745360078159e-01	7.214523678984801069e-01
0.8943248532289627	-8.91459650616545	-1.009896469702694366e-01	7.292585680243450774e-01
0.8962818003913894	-8.750241418328	-9.955777930284226418e-02	7.369556386909189571e-01
0.898238747553816	-8.584572227350124	-9.811098580470130337e-02	7.445424280746962831e-01
0.9001956947162426	-8.417613979801196	-9.664948298038839036e-02	7.520178008551477999e-01
0.9021526418786692	-8.249391886689928	-9.517348953561367841e-02	7.593806383846151142e-01
0.9041095890410958	-8.07993132002978	-9.368322634452740105e-02	7.666298388557096777e-01
0.9060665362035225	-7.909257809489418	-9.217891641666742242e-02	7.737643174661922307e-01
0.9080234833659491	-7.737397039126396	-9.066078486358723765e-02	7.807830065813063936e-01
0.9099804305283756	-7.564374844202287	-8.912905886516872545e-02	7.876848558935467537e-01
0.9119373776908023	-7.390217208076492	-8.758396763562668885e-02	7.944688325798285877e-01
0.913894324853229	-7.214950259176026	-8.602574238920783489e-02	8.011339214560455613e-01
0.9158512720156555	-7.038600268037854	-8.445461630559086830e-02	8.076791251289860973e-01
0.9178082191780821	-6.861193644420344	-8.287082449499252879e-02	8.141034641455878740e-01
0.9197651663405088	-6.68275693447975	-8.127460396298462342e-02	8.204059771395069145e-01
0.9217221135029354	-6.5033168180075185	-7.966619357502752186e-02	8.265857209749815082e-01
0.923679060665362	-6.322900105723743	-7.804583402072534648e-02	8.326417708879659818e-01
0.9256360078277885	-6.141533736621865	-7.641376777780765905e-02	8.385732206245185560e-01
0.9275929549902152	-5.95924477535969	-7.477023907584477713e-02	8.443791825764147552e-01
0.9295499021526419	-5.776060409691075	-7.311549385969964843e-02	8.500587879139739345e-01
0.9315068493150684	-5.592007947932756	-7.144977975272374937e-02	8.556111867160757223e-01
0.933463796477495	-5.407114816460528	-6.977334601970161532e-02	8.610355480973446163e-01
0.9354207436399217	-5.221408557228757	-6.808644352954974777e-02	8.663310603324878567e-01
0.9373776908023483	-5.034916825307265	-6.638932471777567179e-02	8.714969309777653717e-01
0.9393346379647749	-4.8476673864289985	-6.468224354870180659e-02	8.765323869895758069e-01
0.9412915851272015	-4.659688114542374	-6.296545547746189297e-02	8.814366748401361029e-01
0.9432485322896281	-4.471006989361906	-6.123921741177312111e-02	8.862090606302437390e-01
0.9452054794520548	-4.281652093910491	-5.950378767349136927e-02	8.908488301991011049e-01
0.9471624266144814	-4.091651612047076	-5.775942595995483403e-02	8.953552892311845701e-01
0.9491193737769079	-3.9010338259729638	-5.600639330512178354e-02	8.997277633601461488e-01
0.9510763209393346	-3.7098271137106815	-5.424495204050825553e-02	9.039655982697274439e-01
0.9530332681017613	-3.5180599465487647	-5.247536575593179237e-02	9.080681597916749892e-01
0.9549902152641878	-3.3257608864464068	-5.069789926006613989e-02	9.120348340006407817e-01
0.9569471624266144	-3.132958583391592	-4.891281854081491048e-02	9.158650273060510161e-01
0.958904109589041	-2.9396817727069426	-4.712039072550743696e-02	9.195581665409349181e-01
0.9608610567514677	-2.7459592722973976	-4.532088404092485256e-02	9.231136990476954685e-01
0.9628180039138943	-2.551819979833859	-4.351456777316140001e-02	9.265310927608114699e-01
0.9647749510763208	-2.357292869867746	-4.170171222732730471e-02	9.298098362864587463e-01
0.9667318982387475	-2.162406990870986	-3.988258868709924909e-02	9.329494389790362607e-01
0.9686888454011742	-1.9671914621967348	-3.805746937412376324e-02	9.359494310145902718e-01
0.9706457925636007	-1.7716754709559381	-3.622662740728158776e-02	9.388093634611185401e-01
0.9726027397260273	-1.5758882688057172	-3.439033676181641602e-02	9.415288083457523660e-01
0.974559686888454	-1.3798591686453212	-3.254887222833616894e-02	9.441073587187994720e-01
0.9765166340508806	-1.1836175412161465	-3.070250937169212782e-02	9.465446287146419557e-01
0.9784735812133072	-0.9871928116023876	-2.885152448974219117e-02	9.488402536094788786e-01
0.9804305283757337	-0.7906144556293591	-2.699619457200460107e-02	9.509938898759049408e-01
0.9823874755381604	-0.5939119961572114	-2.513679725820743699e-02	9.530052152343182481e-01
0.9843444227005871	-0.39711499926753263	-2.327361079674223135e-02	9.548739287011465127e-01
0.9863013698630136	-0.20025307034125242	-2.140691400302510011e-02	9.565997506338881351e-01
0.9882583170254402	-0.0033558500264877313	-1.953698621777370803e-02	9.581824227729592858e-01
0.9902152641878669	0.19354698990458755	-1.766410726520551908e-02	9.596217082803406573e-01
0.9921722113502935	0.39042575081017955	-1.578855741116363259e-02	9.609173917750191141e-01
0.9941291585127201	0.5872507115450117	-1.391061732117660973e-02	9.620692793652183550e-01
0.9960861056751467	0.7839921329375028	-1.203056801845855082e-02	9.630771986774134819e-01
0.9980430528375733	0.9806202623771831	-1.014869084185502854e-02	9.639409988821261432e-01
1.0	1.1771053385112182	-8.265267403743104674e-03	9.646605507164945914e-01
