0	-0.001334606000000001	-0.00018676075
1	-0.0008179080000000009	-0.00017100994999999996
2	-0.0006235150000000009	-0.00015300895
3	-0.000633103000000001	-0.00018001024999999996
4	0.000384078999999999	-0.00019801154999999997
5	0.0009277519999999991	-0.00016650964999999997
6	0.0010345199999999988	-0.00015525885
7	0.001231037999999999	-0.00013500774999999996
8	0.0010420549999999992	-9.675564999999997e-05
9	0.0008162979999999992	-0.00011475654999999995
10	0.0012948419999999992	-0.00011025624999999996
11	0.0018080989999999992	-0.00010125584999999998
12	0.001973598999999999	-8.325484999999996e-05
13	0.0019855999999999993	-6.750394999999995e-05
14	0.002394056999999999	-6.750394999999995e-05
15	0.002593027999999999	-2.7001649999999972e-05
16	0.002473939999999999	2.2501150000000017e-05
17	0.0018528509999999991	5.4002950000000015e-05
18	0.0014270299999999993	7.875435000000002e-05
19	0.0013897099999999989	7.650425000000003e-05
20	0.001831480999999999	8.775490000000002e-05
21	0.002102905999999999	0.00012600711000000002
22	0.0018735379999999992	0.00016650942000000002
23	0.0016091049999999991	0.00016875955
24	0.001861547999999999	0.00017100968000000004
25	0.0022889029999999993	0.00014175800000000002
26	0.003380993999999999	0.00015525878000000002
27	0.003931750999999999	0.00014625825000000003
28	0.004574892999999999	0.00014850838000000002
29	0.004886045999999999	0.00015300863000000003
30	0.005242749999999999	0.00016200916000000002
31	0.005410844999999999	0.00015525878000000002
32	0.006124559	0.00016650942000000002
33	0.006373281	0.00015750890000000003
34	0.006856860999999999	0.00015750890000000003
35	0.007377202999999999	0.00016650942000000002
36	0.007675639999999999	0.00019126083600000003
37	0.007528591999999999	0.00022051252000000003
38	0.0073185199999999985	0.00026101482000000004
39	0.006711096999999999	0.0002677652
40	0.007021456999999998	0.0002677652
41	0.007455247999999999	0.00026101482000000004
42	0.007904215	0.00030151715
43	0.0075301199999999995	0.00036002045
44	0.006916980999999999	0.00037127115
45	0.007017880999999998	0.00038702205
46	0.0067832679999999985	0.00040277295
47	0.007155203999999998	0.00041177345000000003
48	0.007491016	0.00045227575
49	0.007216139999999999	0.00048152735000000005
50	0.006960266	0.00051302925
51	0.006641033999999999	0.0005220298500000001
52	0.006730271999999999	0.00050852895
53	0.007647174	0.00048152735000000005
54	0.008710095	0.00046577655
55	0.009546875	0.00045002565
56	0.010171375	0.00045227575
57	0.010691794999999999	0.00042302405000000005
58	0.011589424999999999	0.00045227575
59	0.011512004999999999	0.00046802665
60	0.011576695	0.00047477705000000003
61	0.011698334999999999	0.00045677605
62	0.012238575	0.00047477705000000003
63	0.012571194999999999	0.00047702715000000004
64	0.012667695	0.00051752955
65	0.012240884999999998	0.00055803185
66	0.011632024999999999	0.00053103025
67	0.012255474999999998	0.00052878005
68	0.012616915	0.00054228095
69	0.012936584999999999	0.0005737825500000001
70	0.012752594999999999	0.00061653525
71	0.012011224999999999	0.00068403915
72	0.011144165	0.0006907892500000001
73	0.010898544999999999	0.00069978995
74	0.011023445	0.0007245413500000001
75	0.010829624999999999	0.00073354195
76	0.011342864999999999	0.0007470426500000001
77	0.011548824999999999	0.0007515429500000001
78	0.011644845	0.00074254225
79	0.012203074999999999	0.0007447924499999999
80	0.012476294999999998	0.00073804205
81	0.013023165	0.0007290416499999999
82	0.013701524999999999	0.0006975397500000001
83	0.014511475	0.0006975397500000001
84	0.014867505	0.0006975397500000001
85	0.015467584999999999	0.0006975397500000001
86	0.015477664999999998	0.0007042902500000001
87	0.015462315	0.00071104065
88	0.015681485	0.0007042902500000001
89	0.016231235	0.00070654035
90	0.016216184999999998	0.0007200410500000001
91	0.016226724999999997	0.0007200410500000001
92	0.016499595	0.0007717940499999999
93	0.015435914999999998	0.00082354705
94	0.014677025	0.00083254735
95	0.014553794999999998	0.0008212969500000001
96	0.014748314999999998	0.0008415480499999999
97	0.014872574999999999	0.0008415480499999999
98	0.015200735	0.00086629955
99	0.015042864999999999	0.00089330105
100	0.014631985	0.0009270527500000001
101	0.014363405	0.0009338032500000001
102	0.014290564999999998	0.00093605345
103	0.014346925	0.0009450540500000001
104	0.014497975	0.00093155315
105	0.014927424999999998	0.0009338032500000001
106	0.014995454999999998	0.0009608048500000001
107	0.014998914999999998	0.0009473039499999999
108	0.015369495	0.00091355215
109	0.016059945	0.00088205025
110	0.017205365	0.00084604835
111	0.018119524999999997	0.0008100461500000001
112	0.018941214999999997	0.00083929795
113	0.018628805	0.00082354705
114	0.019062755	0.0008415480499999999
115	0.018696535	0.00086629955
116	0.018215514999999998	0.0008798001500000001
117	0.018066125	0.0008685496499999999
118	0.018236634999999998	0.0008685496499999999
119	0.018291465	0.0009000512500000001
120	0.017947245	0.00091580235
121	0.017542335	0.00092480265
122	0.017307805	0.0009540543500000001
123	0.016842404999999998	0.0009473039499999999
124	0.016994005	0.00095180425
125	0.016924824999999998	0.00097880585
126	0.016796014999999997	0.00099680675
127	0.016360825	0.00103280895
128	0.015496255	0.00105981055
129	0.015205295	0.00104180935
130	0.015368395	0.00103955925
131	0.015614855	0.00103280895
132	0.015998195	0.00101705795
133	0.016488215	0.00101030775
134	0.016895894999999998	0.00101930815
135	0.016451455	0.00100805755
136	0.016900255	0.00099455665
137	0.017168835	0.00095855475
138	0.017888495	0.00092030265
139	0.018854565	0.0009113020499999999
140	0.019019555	0.0009068017500000001
141	0.018991934999999998	0.0009113020499999999
142	0.019036305	0.0009068017500000001
143	0.018948174999999998	0.00090905185
144	0.018703215	0.0009225527500000001
145	0.018538425	0.00091580235
146	0.018638325	0.00092930305
147	0.018053855	0.0009428038499999999
148	0.017643475	0.00099680675
149	0.016693275	0.00102830875
150	0.015963155	0.0010508100500000001
151	0.015232654999999998	0.00102830875
152	0.015462484999999998	0.00100580735
153	0.015980684999999998	0.00098555635
154	0.016568754999999998	0.00098555635
155	0.016704995	0.00098780645
156	0.016182735	0.00104180935
157	0.015223455	0.00103955925
158	0.015237885	0.00102830875
159	0.015114875	0.00101030775
160	0.015606244999999998	0.0009743055499999999
161	0.016328065	0.00097655565
162	0.016123844999999998	0.00098555635
163	0.015995185	0.00097205535
164	0.016152174999999998	0.0009540543500000001
165	0.016088465	0.00090230145
166	0.016902455	0.00088205025
167	0.017561125	0.0008572988500000001
168	0.018004654999999998	0.00085054865
169	0.017979875	0.00089330105
170	0.017010294999999998	0.0009225527500000001
171	0.015925264999999997	0.00094055375
172	0.015010795	0.0009383036499999999
173	0.014955335	0.00090230145
174	0.015544045	0.0008955512499999999
175	0.015497125	0.00092030265
176	0.014971075	0.0009495541500000001
177	0.014173865	0.00098330615
178	0.013116454999999999	0.0009923067500000001
179	0.012640344999999999	0.0009653052499999999
180	0.013082404999999998	0.00092930305
181	0.013623274999999999	0.0009225527500000001
182	0.013811935	0.00090905185
183	0.013982885	0.0009068017500000001
184	0.013643444999999999	0.0009045515499999999
185	0.013410924999999999	0.0008910508500000001
186	0.013463494999999999	0.0008685496499999999
187	0.013762364999999999	0.00080329605
188	0.014743494999999999	0.00076954385
189	0.015380434999999998	0.00075379315
190	0.015693185	0.0007605432500000001
191	0.014923315	0.0007942953500000001
192	0.013966165	0.0007785445500000001
193	0.013801224999999999	0.00074929285
194	0.013945964999999998	0.00069978995
195	0.014903504999999997	0.0006705381500000001
196	0.015290135	0.0006705381500000001
197	0.015000864999999999	0.00069303945
198	0.014144475	0.0007020400499999999
199	0.013629635	0.00071104065
200	0.012896405	0.0007312917500000001
201	0.012182295	0.0007245413500000001
202	0.011933214999999999	0.0007087905500000001
203	0.011685945	0.00073354195
204	0.011015444999999999	0.0007650435499999999
205	0.010309194999999998	0.0007875449499999999
206	0.009160274999999999	0.00080329605
207	0.008409944999999999	0.00079204515
208	0.008534114999999998	0.0007290416499999999
209	0.009372104999999999	0.00067503855
210	0.010285635	0.0006615378500000001
211	0.010569835	0.0006705381500000001
212	0.010052285	0.00069528965
213	0.008950054999999998	0.0007177908500000001
214	0.008373615	0.00067503855
215	0.008856095	0.00061653525
216	0.009488765	0.00059403375
217	0.009866485	0.00056928255
218	0.010191774999999998	0.0005715327500000001
219	0.009559064999999999	0.00058278325
220	0.009018845	0.00055803185
221	0.008912894999999999	0.0005377806500000001
222	0.008876644999999999	0.00051977975
223	0.009036534999999998	0.00050852895
224	0.008997114999999998	0.00048377745
225	0.008824174999999998	0.00050177845
226	0.008225735	0.00051977975
227	0.007591843999999999	0.00053103025
228	0.006667749999999998	0.00052427975
229	0.006266108999999999	0.00050852895
230	0.006103651	0.00047702715000000004
231	0.00635177	0.00047927715
232	0.006207776999999999	0.00050177845
233	0.005564209999999999	0.00052652985
234	0.004421657999999999	0.0005377806500000001
235	0.0035257659999999988	0.0005107790500000001
236	0.0037977359999999995	0.00045452585
237	0.004566259999999999	0.00039602255
238	0.005417507999999999	0.00037802155000000006
239	0.005591777999999999	0.00036452075000000005
240	0.005515396999999999	0.00035101995000000005
241	0.005097869999999999	0.00034201945000000004
242	0.004970619999999999	0.00030601735
243	0.005206365999999999	0.00027001536000000005
244	0.005241884999999999	0.00022951303000000003
245	0.005834059999999999	0.00021826239000000003
246	0.005792227999999999	0.00023401329000000002
247	0.004888037999999999	0.00027001536000000005
248	0.003804105999999999	0.0002677652
249	0.0033089649999999988	0.00023176316000000002
250	0.0030657949999999988	0.00020026135000000004
251	0.003465100999999999	0.00015975904000000002
252	0.003839392999999999	0.00015300863000000003
253	0.003613154999999999	0.00018676057900000003
254	0.002657007999999999	0.00018901070800000003
255	0.001922155999999999	0.00020251148000000003
256	0.0009748609999999992	0.00021826239000000003
257	0.0002635689999999991	0.00019126083600000003
258	0.0003294949999999991	0.00017776006400000002
259	0.00017137899999999885	0.00018001019200000003
260	-0.000149666000000001	0.00019126083600000003
261	-0.000933494000000001	0.00019576109000000002
262	-0.001538380100000001	0.00019576109000000002
263	-0.0018960806100000009	0.00015750890000000003
264	-0.0015455077000000009	0.00010575596000000002
265	-0.001115824600000001	8.325465000000003e-05
266	-0.0007236420000000009	5.1752850000000034e-05
267	-0.0002531770000000009	3.150165000000003e-05
268	-0.0005359020000000009	2.925155000000002e-05
269	-0.000819440100000001	9.00045000000002e-06
270	-0.000914113900000001	-2.025124999999997e-05
271	-0.0009077650000000009	-7.875464999999995e-05
272	-0.0005161510000000009	-8.775514999999996e-05
273	-0.00013646500000000098	-0.00013500774999999996
274	-1.525000000000918e-06	-0.00011475654999999995
275	-0.0007713250000000009	-0.00010350604999999997
276	-0.001382305500000001	-9.675564999999997e-05
277	-0.002280910800000001	-0.00010800624999999999
278	-0.002731138400000001	-0.00013725784999999997
279	-0.002444344400000001	-0.00017776045
280	-0.001994809300000001	-0.00016650964999999997
281	-0.0026665097000000007	-0.00013500774999999996
282	-0.003500903000000001	-0.00010575614999999998
283	-0.0047945270000000016	-0.00011250645
284	-0.005541622000000001	-0.00011025624999999996
285	-0.005778978000000001	-0.00013950804999999996
286	-0.005389719000000001	-0.00015525885
287	-0.005905514000000001	-0.00011700675
288	-0.006730705000000001	-0.00011025624999999996
289	-0.007340607000000001	-0.00010800624999999999
290	-0.007958360000000001	-0.00011700675
291	-0.008196171000000002	-0.00017100994999999996
292	-0.007521442000000001	-0.00020701184999999997
293	-0.007276877000000001	-0.00021826265
294	-0.007032362000000001	-0.00022726295
295	-0.007038465000000001	-0.00028576644999999995
296	-0.006626702000000001	-0.00029701695
297	-0.006689568000000001	-0.00035327035
298	-0.005945822000000001	-0.00036452105
299	-0.006023689000000001	-0.00037127125
300	-0.006566815000000001	-0.00039377254999999994
301	-0.006571596000000001	-0.00040277314999999993
302	-0.006584067000000001	-0.00039602264999999995
303	-0.007273328000000001	-0.00039152235
304	-0.007601373000000001	-0.00039602264999999995
305	-0.008380569000000001	-0.00042077414999999995
306	-0.008430499000000001	-0.00040727355
307	-0.008699418	-0.00043202484999999995
308	-0.00879709	-0.00042977474999999994
309	-0.009185713000000002	-0.00042752455
310	-0.009819627000000001	-0.00042752455
311	-0.010095863000000002	-0.00043427515
312	-0.010646887	-0.00048152775
313	-0.010248157	-0.00045227605
314	-0.010728886000000002	-0.00047702745
315	-0.010947676000000002	-0.00050627925
316	-0.010723185000000001	-0.0004972786499999999
317	-0.011193594000000001	-0.0004905281499999999
318	-0.011673306000000001	-0.00047927765
319	-0.012267055	-0.00047477724999999993
320	-0.012864195	-0.00045452615
321	-0.013470895	-0.00047027705000000003
322	-0.013661245	-0.00048602774999999997
323	-0.013488915	-0.0004950283499999999
324	-0.013537955	-0.0005242801500000001
325	-0.013224155000000001	-0.0005445312499999999
326	-0.013292075	-0.00055578175
327	-0.013286305000000002	-0.0005850334499999999
328	-0.012996455	-0.00063228625
329	-0.012485965000000002	-0.0006840392499999999
330	-0.011406384	-0.0007110407500000001
331	-0.010922568	-0.0007312919499999999
332	-0.010873448	-0.00074254245
333	-0.011085371	-0.00072904175
334	-0.011937445000000001	-0.0007380423500000001
335	-0.012101285000000002	-0.0007402923499999999
336	-0.012388235000000001	-0.0007582935499999999
337	-0.012374735000000001	-0.0007807947500000001
338	-0.012463425	-0.00076729415
339	-0.013149855	-0.00075604335
340	-0.013573365	-0.00074929285
341	-0.013977285	-0.0007605437500000001
342	-0.014204665000000002	-0.0007582935499999999
343	-0.014426295	-0.0007470427499999999
344	-0.014770005000000001	-0.0007470427499999999
345	-0.015328315	-0.0007515430499999999
346	-0.015372475000000002	-0.0007402923499999999
347	-0.015754925000000003	-0.0007537932500000001
348	-0.015934835	-0.00074254245
349	-0.016346515	-0.00071779105
350	-0.017002575	-0.00074254245
351	-0.016742375	-0.0007852951499999999
352	-0.016155535	-0.00082354755
353	-0.015312855	-0.00082354755
354	-0.015392565	-0.0008077964499999999
355	-0.016192905	-0.0008077964499999999
356	-0.016334445000000003	-0.0008347975499999999
357	-0.016126945	-0.0009113025499999999
358	-0.015090015000000002	-0.00092930355
359	-0.014395225000000001	-0.00093380355
360	-0.014271745	-0.0009158025499999998
361	-0.015056965	-0.00090005155
362	-0.015545325	-0.0009045515499999999
363	-0.015771565	-0.0009225525499999998
364	-0.015646245000000003	-0.00092030255
365	-0.015760385000000002	-0.0009090515499999999
366	-0.016074485	-0.0008978015499999999
367	-0.016835235	-0.0008910515499999999
368	-0.017120605	-0.0008820505499999999
369	-0.017417465	-0.0008685495499999999
370	-0.017803365	-0.0008662995499999998
371	-0.018219005	-0.0008775505499999999
372	-0.017889785000000002	-0.00092705255
373	-0.016996215000000002	-0.00094955455
374	-0.016558325	-0.0009068025499999999
375	-0.017337975	-0.0008662995499999998
376	-0.018310605	-0.0008843005499999999
377	-0.018552265000000002	-0.0009068025499999999
378	-0.018006875000000002	-0.00092930355
379	-0.017456805000000002	-0.0009450545499999998
380	-0.017238015000000002	-0.0009360535499999998
381	-0.017391535	-0.0009068025499999999
382	-0.018002645	-0.0009248035499999998
383	-0.017925925000000002	-0.00095630455
384	-0.017381105	-0.00100580755
385	-0.016180705	-0.00105981055
386	-0.015154415000000001	-0.0010553105499999998
387	-0.015185615000000001	-0.00101705855
388	-0.015859785	-0.00100580755
389	-0.016669455	-0.0009923065499999998
390	-0.017050595	-0.0010148085499999998
391	-0.016600325	-0.00103955955
392	-0.016136885	-0.0010350595499999998
393	-0.016338365	-0.00099005655
394	-0.016894755	-0.0009720555499999999
395	-0.017489715	-0.0009540545499999999
396	-0.018078025	-0.00094055355
397	-0.018376045	-0.0009450545499999998
398	-0.018341905000000002	-0.0009675555499999999
399	-0.017887185	-0.00096305555
400	-0.017634285	-0.0009360535499999998
401	-0.018036275	-0.0009180525499999999
402	-0.018747035000000002	-0.0008910515499999999
403	-0.019062755	-0.0009023015499999999
404	-0.018911555	-0.0009225525499999998
405	-0.018321665	-0.0009315535499999999
406	-0.018038445	-0.0009383035499999999
407	-0.017607275000000002	-0.00094955455
408	-0.017341475000000002	-0.00092930355
409	-0.017706575000000002	-0.0009248035499999998
410	-0.017709035	-0.0009473045499999999
411	-0.017258995	-0.0009450545499999998
412	-0.017291445000000003	-0.00097880655
413	-0.016171225	-0.0010215585499999999
414	-0.015063195000000001	-0.00103730955
415	-0.014747815000000001	-0.00102380855
416	-0.014674575	-0.00101930855
417	-0.014874075	-0.00099005655
418	-0.015498125000000001	-0.00098780655
419	-0.015561725	-0.00100580755
420	-0.015246425000000001	-0.00099905755
421	-0.014992805000000001	-0.0009720555499999999
422	-0.015569605	-0.0009180525499999999
423	-0.016427135000000002	-0.00087980055
424	-0.017388295	-0.00087980055
425	-0.017387565	-0.0008775505499999999
426	-0.017071085	-0.0009113025499999999
427	-0.016339275	-0.0009113025499999999
428	-0.015820645	-0.00088655055
429	-0.016069365000000002	-0.00087305055
430	-0.016320745	-0.00085054855
431	-0.016760825	-0.0008347975499999999
432	-0.016681925	-0.0008482985499999999
433	-0.016126895000000002	-0.00085954955
434	-0.015768755000000002	-0.0008662995499999998
435	-0.015263835000000002	-0.00086404955
436	-0.015082995	-0.0008753005499999998
437	-0.014587285	-0.0008820505499999999
438	-0.014258705000000002	-0.00088655055
439	-0.014011555	-0.0009068025499999999
440	-0.013270345000000001	-0.00090005155
441	-0.013304285	-0.0009180525499999999
442	-0.012416245000000001	-0.0009113025499999999
443	-0.012437215000000001	-0.0008955515499999998
444	-0.012627085000000001	-0.0008550495499999998
445	-0.013240595	-0.0008392975499999999
446	-0.013190365	-0.0008325475499999999
447	-0.013437945000000001	-0.0008190465499999999
448	-0.013253225	-0.00081454665
449	-0.013011885	-0.0008010459499999999
450	-0.013133325000000001	-0.00074929285
451	-0.013738215000000002	-0.00072904175
452	-0.014117675000000001	-0.00069528975
453	-0.014500505	-0.0006975398499999999
454	-0.014075325000000001	-0.00072454155
455	-0.013215605000000002	-0.0007312919499999999
456	-0.012801825000000001	-0.00071779105
457	-0.012530135000000001	-0.0006997900500000001
458	-0.012467075000000001	-0.00067953895
459	-0.012551325	-0.00068628935
460	-0.012305185000000001	-0.0006997900500000001
461	-0.011593931000000002	-0.0007312919499999999
462	-0.010511765000000001	-0.0007312919499999999
463	-0.010066072	-0.00071329105
464	-0.010018354	-0.00068628935
465	-0.010400258	-0.00067953895
466	-0.010618947	-0.00067503855
467	-0.010094319000000001	-0.00071329105
468	-0.008951322000000001	-0.00071779105
469	-0.008395876	-0.0007267916500000001
470	-0.007875832000000001	-0.00070654055
471	-0.008068054000000002	-0.0006705383499999999
472	-0.008396690000000002	-0.0006570376500000001
473	-0.008537167000000002	-0.0006210357500000001
474	-0.008716373000000001	-0.00060978495
475	-0.00866296	-0.0005872837499999999
476	-0.008989728	-0.00054678145
477	-0.009269913000000001	-0.00050852915
478	-0.009500814	-0.00050627925
479	-0.009521806	-0.0004950283499999999
480	-0.009303336	-0.00048602774999999997
481	-0.008851815	-0.00046577664999999994
482	-0.009031090000000002	-0.00045452615
483	-0.008804474000000001	-0.00047027705000000003
484	-0.008005031000000001	-0.00047477724999999993
485	-0.007413852000000001	-0.00045902625
486	-0.007177824000000001	-0.00043877504999999994
487	-0.007148217000000001	-0.00042527445
488	-0.007364684000000001	-0.00041177375000000003
489	-0.006969269000000001	-0.00043427515
490	-0.005927918000000001	-0.00043202484999999995
491	-0.005493923000000001	-0.00042977474999999994
492	-0.005324590000000001	-0.00041852404999999994
493	-0.005024519000000001	-0.00040727355
494	-0.004725699000000001	-0.00040502334999999997
495	-0.004399925000000001	-0.00039827285
496	-0.004335012000000001	-0.00038927225
497	-0.003978495	-0.00039152235
498	-0.003725720000000001	-0.00036002074999999994
499	-0.0035838790000000008	-0.00036002074999999994
500	-0.003325077000000001	-0.00035552045
501	-0.003221518000000001	-0.00029701695
502	-0.003768460000000001	-0.00026326515
503	-0.003887723000000001	-0.00024526424999999995
504	-0.003987412000000001	-0.00025651475
505	-0.0037565930000000008	-0.00022051284999999998
506	-0.003487386000000001	-0.00020701184999999997
507	-0.003420330000000001	-0.00016425944999999998
508	-0.003894984000000001	-0.00013725784999999997
509	-0.003872533000000001	-0.00015525885
510	-0.003393514000000001	-0.00017326004999999997
511	-0.002438298200000001	-0.00019576134999999998
