0	0.004570759	9.956998000000008e-05
1	0.004312356	0.00012534112000000007
2	0.004317371	0.00016985490000000008
3	0.003801227	0.00021436870000000007
4	0.0036667460000000002	0.00023545420000000008
5	0.0038743320000000003	0.00020968300000000009
6	0.005264464	0.00019328320000000008
7	0.0062432040000000005	0.00019562610000000008
8	0.006443103	0.00020968300000000009
9	0.006647914	0.0002518540000000001
10	0.006336159	0.0002401399000000001
11	0.007056164	0.0002518540000000001
12	0.00754086	0.0002729395000000001
13	0.007821733	0.00026825390000000007
14	0.008176568	0.0002916822000000001
15	0.008282774	0.0003385388000000001
16	0.008094103	0.0003736813000000001
17	0.007669207000000001	0.0003900810000000001
18	0.007905795	0.0004041382000000001
19	0.008277776	0.0004064811000000001
20	0.008831627	0.0003947667000000001
21	0.009590465	0.00038070990000000005
22	0.010513485	0.0004135093000000001
23	0.010389845	0.0004533377000000001
24	0.010138785	0.0005025371000000001
25	0.009497735	0.0004978514
26	0.010047295	0.0004908228000000001
27	0.011047855	0.0004509948000000001
28	0.012502945	0.0004509948000000001
29	0.012577675	0.0004837942000000001
30	0.012249455	0.0005306511000000001
31	0.011780515	0.0005681364
32	0.011642475	0.0005587649000000001
33	0.012282615	0.0005517366
34	0.013290315	0.0005329940000000001
35	0.014061535	0.0005423651000000001
36	0.014063885	0.0005868789000000001
37	0.014182825	0.0006173358
38	0.013432105	0.0006548210000000001
39	0.012764605	0.0006548210000000001
40	0.013679675	0.0006595067
41	0.014142435	0.0006805925000000001
42	0.014337855	0.0007016779
43	0.014503415	0.0007368202000000001
44	0.013653935	0.0007719628000000001
45	0.013002815000000001	0.0008117908000000001
46	0.012912135	0.0008164765000000001
47	0.013595765000000001	0.0007860196000000001
48	0.014634635000000002	0.0007649342000000001
49	0.015651195	0.0007813340000000001
50	0.016056325000000003	0.0008305334000000001
51	0.015584315	0.0008117908000000001
52	0.015887875000000003	0.0008492763
53	0.015741095000000004	0.000837562
54	0.016201655000000002	0.0008305334000000001
55	0.016847494999999997	0.0008656761
56	0.016715855	0.0008539618
57	0.016971245000000003	0.0008891043
58	0.017002575	0.0008984758000000001
59	0.017202654999999997	0.0008984758000000001
60	0.017305175	0.0008937901
61	0.018018504999999997	0.0008797329000000001
62	0.018922935000000002	0.0008586474000000001
63	0.019563974999999997	0.0008844186000000001
64	0.019623525000000003	0.0008773901000000001
65	0.019218155	0.000947675
66	0.018061235000000002	0.0009968744000000002
67	0.017369825	0.001032017
68	0.017235414999999997	0.0010249884
69	0.017960434999999997	0.0010039031
70	0.018591825	0.0010039031
71	0.019113405	0.0010226456000000002
72	0.018614575	0.0010390456000000001
73	0.019051955000000002	0.0010531025000000002
74	0.018973285	0.0010437313
75	0.019335014999999997	0.0010507596
76	0.019819465	0.00103436
77	0.020192705	0.0010507596
78	0.019969905000000003	0.001062474
79	0.019866125	0.0011069880000000002
80	0.019522014999999997	0.001128073
81	0.019184025	0.001130416
82	0.019383815	0.001104645
83	0.020430245	0.001078874
84	0.021594885	0.0010437313
85	0.022501465	0.0010413884
86	0.022270135000000003	0.0010853940000000002
87	0.021331194999999997	0.001123387
88	0.020951684999999998	0.001118702
89	0.021224504999999998	0.0011069880000000002
90	0.021456175	0.001111673
91	0.021915625	0.0011257300000000001
92	0.021884334999999998	0.001170244
93	0.020776895000000004	0.001198358
94	0.020401645000000003	0.00119133
95	0.020675375000000003	0.00114213
96	0.021570915000000003	0.001130416
97	0.022438624999999997	0.0011327590000000001
98	0.022412545	0.00115853
99	0.022021875000000003	0.001212415
100	0.020952935	0.0012475580000000002
101	0.020531735000000002	0.0012475580000000002
102	0.020322765	0.001254586
103	0.020386565000000002	0.001212415
104	0.021354715000000003	0.00119133
105	0.022102885000000003	0.0011936730000000001
106	0.022285945	0.001214758
107	0.022012604999999998	0.001200701
108	0.021973195	0.001200701
109	0.022170955	0.0011772730000000002
110	0.022660205000000003	0.001149159
111	0.023259265	0.0011374450000000002
112	0.023548185	0.0011561870000000001
113	0.023346025	0.001188987
114	0.022651445	0.001198358
115	0.022206055000000002	0.001198358
116	0.022349355	0.001160873
117	0.022843904999999998	0.00115853
118	0.023053515000000004	0.0011960150000000001
119	0.022525375	0.0011866440000000002
120	0.022326344999999997	0.0012171010000000002
121	0.021433704999999997	0.001238186
122	0.021421265000000002	0.001238186
123	0.021268654999999997	0.001245215
124	0.020755435000000003	0.001259272
125	0.020635055	0.0012569290000000002
126	0.020650074999999997	0.001254586
127	0.020461905000000002	0.0012873860000000002
128	0.019933275	0.001301443
129	0.019503285000000002	0.0012967570000000002
130	0.019166795	0.001292071
131	0.019542764999999997	0.0012499000000000002
132	0.020446025	0.001238186
133	0.020687835	0.0012428720000000001
134	0.020602725000000002	0.001252243
135	0.020536455000000002	0.0012335010000000001
136	0.020278165	0.001214758
137	0.020730415000000002	0.001172587
138	0.021540415	0.001151502
139	0.021861224999999998	0.0011655580000000001
140	0.021602135	0.001153844
141	0.021515895	0.001135102
142	0.021316045	0.001135102
143	0.021246414999999998	0.001128073
144	0.021417514999999998	0.001123387
145	0.021105505000000004	0.001128073
146	0.020821685	0.0011468160000000002
147	0.020262515000000002	0.001118702
148	0.020549325	0.001104645
149	0.020452735	0.0011327590000000001
150	0.020037045000000003	0.001123387
151	0.019747584999999998	0.001151502
152	0.018847285	0.001172587
153	0.018249145	0.00115853
154	0.018110395	0.001149159
155	0.018071545	0.0011374450000000002
156	0.018157515	0.001111673
157	0.018366105	0.001090588
158	0.018495835000000002	0.0010999590000000002
159	0.018188335	0.001064817
160	0.018439815	0.0010413884
161	0.018745764999999998	0.0010132744000000001
162	0.018972114999999998	0.0010039031
163	0.019116595	0.0010039031
164	0.018748414999999997	0.0010367028
165	0.017528475	0.0010460742
166	0.017011855	0.0010390456000000001
167	0.016535855000000002	0.0010109316
168	0.017083374999999998	0.0009687607000000001
169	0.017596305	0.0009757889000000001
170	0.017185355	0.0009687607000000001
171	0.016892675000000003	0.0009757889000000001
172	0.016486435	0.0009757889000000001
173	0.015813044999999998	0.0009687607000000001
174	0.015813015	0.0009664179000000001
175	0.015469275	0.0009640749000000001
176	0.015016855	0.0009804747
177	0.014236525	0.0010039031
178	0.013637355	0.0009898461
179	0.013167975	0.0009734461000000001
180	0.012976555	0.0009242466000000001
181	0.013824295	0.0008844186000000001
182	0.014342755	0.0008680189000000001
183	0.014379965	0.0008750472000000001
184	0.014176575	0.0008586474000000001
185	0.013974655	0.0008516188000000001
186	0.013546475	0.0008445906000000001
187	0.013259715	0.0008399049000000001
188	0.012915965	0.0008188194000000001
189	0.012522575	0.0008164765000000001
190	0.012482025	0.0007789911000000001
191	0.012684045	0.0007672771
192	0.012445795	0.0007672771
193	0.012200865	0.0007157347000000001
194	0.012622555	0.0006852779000000001
195	0.012596125	0.0006829350000000001
196	0.012468145	0.0006688781000000001
197	0.012035405	0.0006805925000000001
198	0.011328395	0.0006899635000000001
199	0.010667025	0.0007157347000000001
200	0.009551575	0.0007040204000000001
201	0.009054315	0.0007016779
202	0.008560487	0.0006759067000000001
203	0.008707205	0.0006454498
204	0.008805287	0.0006407642000000001
205	0.00857592	0.0006407642000000001
206	0.008367642	0.0006313927000000001
207	0.007636680999999999	0.0006337355
208	0.007220057	0.0006243644000000001
209	0.006918591	0.0006009361000000001
210	0.006809682	0.0005704792000000001
211	0.006773695	0.0005587649000000001
212	0.006855498999999999	0.0005517366
213	0.006425569	0.0005611077000000001
214	0.005858801	0.0005306511000000001
215	0.005613422	0.00047910880000000006
216	0.0060525710000000005	0.0004228808000000001
217	0.006622877	0.0003900810000000001
218	0.007284854	0.0003666527000000001
219	0.007301628000000001	0.0003760242000000001
220	0.006340779	0.0003994524000000001
221	0.005160861	0.00039242390000000007
222	0.004739084	0.0003549387000000001
223	0.004521823	0.0003268247000000001
224	0.004953918	0.0002916822000000001
225	0.005055176	0.00031511050000000007
226	0.004003241	0.0003315103000000001
227	0.0029598460000000004	0.00034556730000000007
228	0.0021682610000000003	0.0003057392000000001
229	0.0019857	0.00027996800000000007
230	0.002394004	0.0002401399000000001
231	0.002446118	0.00023545420000000008
232	0.002363899	0.00024951120000000007
233	0.001338259	0.0002518540000000001
234	0.00048462000000000006	0.0002588826000000001
235	-0.0004285897999999999	0.00022374010000000008
236	-0.00018417239999999984	0.00015814080000000008
237	0.0007263090000000001	0.00010659847000000009
238	0.0014154380000000002	9.956998000000008e-05
239	0.001175793	9.722715000000007e-05
240	0.0006339210000000002	9.722715000000007e-05
241	-0.00016906069999999987	5.739900000000008e-05
242	-8.1539999999998e-06	2.225651000000008e-05
243	0.00016007100000000013	-3.1628629999999925e-05
244	0.0006703140000000002	-7.379959999999992e-05
245	0.0007621380000000001	-6.677109999999993e-05
246	0.0004721670000000001	-5.739979999999992e-05
247	-0.0005250546999999999	-4.3342799999999927e-05
248	-0.0016255901999999997	-2.6942929999999917e-05
249	-0.002524616	-5.739979999999992e-05
250	-0.002808738	-6.442829999999993e-05
251	-0.003098479	-7.145669999999993e-05
252	-0.003332368	-8.785659999999991e-05
253	-0.003756248	-9.254219999999992e-05
254	-0.004394795999999999	-7.848519999999992e-05
255	-0.005185942	-6.208539999999992e-05
256	-0.0059275989999999995	-8.317089999999993e-05
257	-0.006420482	-9.957069999999991e-05
258	-0.00646869	-0.00012768469999999992
259	-0.00627846	-0.00014877019999999993
260	-0.006329383	-0.00012065619999999992
261	-0.0072228249999999996	-0.00013002749999999993
262	-0.007941658	-0.00015111299999999992
263	-0.008255301	-0.0001839126999999999
264	-0.00788107	-0.00024248349999999994
265	-0.007172876	-0.00029871129999999995
266	-0.006616466	-0.0003127684999999999
267	-0.006597078	-0.00032682529999999993
268	-0.006777957	-0.00034556819999999994
269	-0.0071487289999999995	-0.0003572821999999999
270	-0.007376132	-0.0003760247999999999
271	-0.0075446129999999995	-0.00041116749999999994
272	-0.007408106	-0.00041116749999999994
273	-0.008086889	-0.0004322528999999999
274	-0.008272380999999999	-0.00043928139999999994
275	-0.00865199	-0.0004533383999999999
276	-0.008965375	-0.00042053849999999993
277	-0.010159338	-0.00044162399999999994
278	-0.010309724	-0.0004955092
279	-0.009824206	-0.0005259662
280	-0.009674628	-0.0005212804
281	-0.01031296	-0.0005095664
282	-0.011177355	-0.0004697379999999999
283	-0.012400755	-0.0004767666999999999
284	-0.012909385	-0.0004978520999999999
285	-0.013236495	-0.0005119091999999999
286	-0.013313825	-0.0005119091999999999
287	-0.013755265	-0.0005329946999999999
288	-0.013906435	-0.0005353376
289	-0.014091455	-0.0005681369999999999
290	-0.013994535	-0.0005915652999999999
291	-0.013775134999999999	-0.0006103081999999999
292	-0.013682565	-0.0006524790999999999
293	-0.013484315	-0.0006571648
294	-0.013884185	-0.0006759073999999999
295	-0.013830105	-0.0006852785
296	-0.014086215	-0.0007297925999999999
297	-0.013751885	-0.0007415065999999999
298	-0.014046395	-0.0007251069
299	-0.014530115	-0.0007391637999999999
300	-0.014960325	-0.0007930489
301	-0.014708625	-0.0008258485999999999
302	-0.014285895	-0.0008516199
303	-0.014022815	-0.0008609908999999999
304	-0.014351325	-0.0008492768999999999
305	-0.014836205	-0.0008258485999999999
306	-0.015823515	-0.0008328769999999999
307	-0.016597105	-0.0008305343999999999
308	-0.016658705000000003	-0.0008516199
309	-0.016796264999999998	-0.0008422483999999999
310	-0.017485425	-0.0008188200999999999
311	-0.018314835	-0.0008328769999999999
312	-0.018663695	-0.0008539626999999999
313	-0.018780575	-0.0008820763999999999
314	-0.018265505	-0.0009172189999999999
315	-0.017692225	-0.0009383045
316	-0.017751154999999998	-0.0009265903999999998
317	-0.018145305	-0.0009289332999999999
318	-0.018601094999999998	-0.0009265903999999998
319	-0.019175844999999997	-0.0009265903999999998
320	-0.019452684999999997	-0.000952362
321	-0.019274624999999997	-0.0009898469999999999
322	-0.018747214999999998	-0.001013275
323	-0.018493255	-0.001062475
324	-0.018106354999999998	-0.001062475
325	-0.018295145	-0.001081217
326	-0.018058605	-0.001088246
327	-0.018243404999999997	-0.0010952739999999998
328	-0.018745485	-0.001074189
329	-0.019148594999999997	-0.0010952739999999998
330	-0.019356384999999997	-0.001081217
331	-0.019699215	-0.001081217
332	-0.020267164999999997	-0.001048418
333	-0.020981285000000002	-0.0010460749999999998
334	-0.021709235	-0.0010460749999999998
335	-0.021912105	-0.001088246
336	-0.021301895	-0.001118703
337	-0.020721045	-0.001114017
338	-0.020993304999999997	-0.0010859029999999998
339	-0.021639905	-0.001057789
340	-0.022610995000000002	-0.001053103
341	-0.023039505000000002	-0.001078875
342	-0.022647454999999997	-0.001123388
343	-0.021965935	-0.001121045
344	-0.022172285	-0.001114017
345	-0.022367835000000003	-0.001106988
346	-0.022661095	-0.001135102
347	-0.022382375000000003	-0.001160873
348	-0.021894795	-0.001203044
349	-0.021064955000000003	-0.0012358439999999998
350	-0.020569745	-0.001212416
351	-0.020843124999999997	-0.001214759
352	-0.021309295	-0.0012007019999999999
353	-0.021862275	-0.00119133
354	-0.022082974999999998	-0.00119133
355	-0.022449795	-0.0012007019999999999
356	-0.022355205000000003	-0.0012194439999999999
357	-0.022038175	-0.001245216
358	-0.021809324999999997	-0.0012405299999999999
359	-0.021947635	-0.001233501
360	-0.022155614999999997	-0.001212416
361	-0.022515385	-0.001203044
362	-0.022986174999999998	-0.00119133
363	-0.023321355000000002	-0.001212416
364	-0.022916435	-0.001233501
365	-0.022605374999999997	-0.0012053869999999998
366	-0.022943205	-0.0012100729999999999
367	-0.023113614999999997	-0.0011960159999999998
368	-0.023548185	-0.0011960159999999998
369	-0.023461265000000002	-0.0012194439999999999
370	-0.022928075	-0.001261615
371	-0.022160344999999998	-0.001285044
372	-0.021478144999999997	-0.0012756719999999998
373	-0.021454204999999997	-0.001254587
374	-0.022080505	-0.001233501
375	-0.022396245000000002	-0.001268644
376	-0.021963245	-0.0012873869999999999
377	-0.021544744999999997	-0.001301443
378	-0.021136145000000002	-0.001294415
379	-0.021150734999999997	-0.0012897289999999999
380	-0.021754564999999997	-0.0012663009999999998
381	-0.021779714999999998	-0.0012663009999999998
382	-0.021951304999999997	-0.001268644
383	-0.021831435000000003	-0.001252244
384	-0.022067245	-0.001254587
385	-0.021812915000000002	-0.001270987
386	-0.021556005000000003	-0.001238187
387	-0.021996614999999997	-0.001228816
388	-0.022182365000000002	-0.0012007019999999999
389	-0.022573675	-0.001198359
390	-0.022493785000000002	-0.00120773
391	-0.022104165000000002	-0.001221787
392	-0.021884715	-0.001198359
393	-0.022084805	-0.001188988
394	-0.022152535	-0.0012100729999999999
395	-0.021624915	-0.0012007019999999999
396	-0.021692325	-0.001193673
397	-0.021389895	-0.0012100729999999999
398	-0.020892095	-0.001214759
399	-0.020599214999999997	-0.001228816
400	-0.020031294999999998	-0.0012264729999999998
401	-0.020026885	-0.001221787
402	-0.020010325000000002	-0.0012100729999999999
403	-0.019928775000000003	-0.001228816
404	-0.019447005000000003	-0.001193673
405	-0.019589125	-0.001188988
406	-0.019949305	-0.001181959
407	-0.019543344999999997	-0.001184302
408	-0.019358535000000003	-0.0011561879999999998
409	-0.019668915000000002	-0.001142131
410	-0.019730104999999998	-0.001144474
411	-0.019634915000000003	-0.001137445
412	-0.019287924999999997	-0.001137445
413	-0.019105564999999998	-0.001121045
414	-0.019332675	-0.00106716
415	-0.020066315	-0.001034361
416	-0.020367005	-0.001024989
417	-0.020554825	-0.0010062469999999998
418	-0.020425415000000002	-0.001013275
419	-0.019846635	-0.001053103
420	-0.018808775	-0.00105076
421	-0.018198594999999998	-0.001041389
422	-0.018013904999999997	-0.0010367039999999998
423	-0.017904425	-0.0010062469999999998
424	-0.018203035	-0.001017961
425	-0.017561655000000002	-0.0010296749999999999
426	-0.017099165	-0.001034361
427	-0.016535624999999998	-0.0010156179999999998
428	-0.016371314999999997	-0.001003904
429	-0.016279415	-0.001001561
430	-0.016228895	-0.0009734469999999999
431	-0.016829354999999997	-0.0009359615999999999
432	-0.017440844999999996	-0.0009078475999999999
433	-0.017411885000000002	-0.0009289332999999999
434	-0.016515935000000002	-0.0009593899999999999
435	-0.015916134999999998	-0.0009687609999999998
436	-0.014419975	-0.000971104
437	-0.014192245	-0.0009687609999999998
438	-0.013958805	-0.0009359615999999999
439	-0.014081325	-0.0009242476
440	-0.013850845	-0.0009359615999999999
441	-0.013690424999999999	-0.0009265903999999998
442	-0.013065245	-0.0009476759999999999
443	-0.012362195	-0.0008492768999999999
444	-0.013380814999999999	-0.0008164771999999999
445	-0.014296915	-0.0007836777999999999
446	-0.014390455	-0.0007977345999999999
447	-0.013653755	-0.0007977345999999999
448	-0.013387015	-0.0007977345999999999
449	-0.012752275	-0.0008164771999999999
450	-0.011990535	-0.0007719634999999999
451	-0.012324835	-0.0007204210999999999
452	-0.012848975	-0.0006923070999999999
453	-0.012976495	-0.0006946499999999999
454	-0.012669475	-0.0006829359999999999
455	-0.012203825	-0.0006805930999999999
456	-0.011824605	-0.0006688787999999999
457	-0.011380495	-0.0006360792999999999
458	-0.011484635	-0.0006618504999999999
459	-0.010518316	-0.0006501361999999999
460	-0.010216042	-0.0006477932999999999
461	-0.009420741	-0.0006641930999999999
462	-0.008830885	-0.0006688787999999999
463	-0.008200416	-0.0006899642999999999
464	-0.006924953	-0.0006876213999999999
465	-0.00686412	-0.0006595075999999999
466	-0.006931542	-0.0005985938999999999
467	-0.007314048	-0.0005868798999999999
468	-0.007568819	-0.0005845369999999999
469	-0.006771472	-0.0005798512999999999
470	-0.006358587	-0.0006032796
471	-0.0058057759999999995	-0.0005587658999999999
472	-0.005912214	-0.0005142520999999999
473	-0.00639959	-0.0004767666999999999
474	-0.006545499	-0.0004580239999999999
475	-0.006404374	-0.00045099539999999996
476	-0.0062800519999999995	-0.0004345956999999999
477	-0.006009908	-0.0004135102999999999
478	-0.005942692	-0.0003713390999999999
479	-0.006134838	-0.0003174541999999999
480	-0.006499347	-0.00029402589999999993
481	-0.00674632	-0.0002682546999999999
482	-0.00648282	-0.00028465439999999994
483	-0.0052688859999999995	-0.00030339709999999993
484	-0.004599116	-0.0002963683999999999
485	-0.003956833999999999	-0.0002893401999999999
486	-0.003166908	-0.0002776258999999999
487	-0.0030249319999999997	-0.00024248349999999994
488	-0.003153825	-0.0002448262999999999
489	-0.0025470659999999997	-0.00025419759999999994
490	-0.0018434986999999999	-0.00024248349999999994
491	-0.0009448984299999999	-0.0002307692999999999
492	-0.0010133470399999998	-0.00023779779999999993
493	-0.0006014601999999999	-0.00018625549999999992
494	-0.0009135788799999999	-0.00015345589999999991
495	-0.0008494466999999998	-0.00015345589999999991
496	-0.0006034325999999999	-0.00017219849999999993
497	0.0010100770000000003	-0.0001979696999999999
498	0.001605964	-0.00019094119999999993
499	0.0021620230000000003	-0.00015111299999999992
500	0.001992732	-9.957069999999991e-05
501	0.001570419	-8.082809999999992e-05
502	0.0012705150000000003	-3.631428999999992e-05
503	0.0011252090000000003	-2.928575999999992e-05
504	0.001627641	-1.757160999999992e-05
505	0.00179853	5.856690000000082e-06
506	0.00208743	3.631351000000008e-05
507	0.002049331	5.974183200000008e-05
508	0.001926475	8.317015000000008e-05
509	0.00221367	9.722715000000007e-05
510	0.002690086	7.614165000000007e-05
511	0.0037299819999999997	6.677032900000008e-05
