0	0.002853937999999999	2.7527860000000032e-05
1	0.002959676999999999	6.652562000000003e-05
2	0.003120530999999999	4.817374000000003e-05
3	0.004157851999999999	5.2761710000000035e-05
4	0.004649391999999999	4.817374000000003e-05
5	0.005536471999999999	5.505570000000003e-05
6	0.006315756999999999	6.423163000000003e-05
7	0.006540929999999999	9.175948000000003e-05
8	0.006712858999999999	9.634745000000004e-05
9	0.007245306999999999	0.00010093542000000004
10	0.007795502999999999	0.00011469930000000003
11	0.008226773	0.00012387530000000004
12	0.008601508999999999	0.00016057910000000003
13	0.008753232	0.00016287300000000004
14	0.009215626	0.00017663700000000002
15	0.009454834999999998	0.00021563470000000002
16	0.009396756999999999	0.0002729844
17	0.008922343	0.00030280620000000004
18	0.008595361	0.00033262790000000003
19	0.008774587999999998	0.0003211581
20	0.009448152	0.0003372159
21	0.009881287999999998	0.0003853896
22	0.009870031	0.0004129175
23	0.010008778999999999	0.00043126940000000005
24	0.010100252999999998	0.00042668130000000004
25	0.010764069999999999	0.0004220933
26	0.011594879999999998	0.00042668130000000004
27	0.01210262	0.000479443
28	0.012051059999999999	0.0004977949000000001
29	0.012154549999999998	0.0005276168
30	0.011725439999999998	0.0005620266000000001
31	0.012016909999999999	0.0005276168
32	0.013363569999999998	0.0005115589
33	0.01425364	0.0005367928000000001
34	0.014755579999999999	0.0005528506
35	0.014793659999999998	0.0005826725000000001
36	0.014675579999999999	0.0006170821000000001
37	0.014837449999999999	0.0006147885000000001
38	0.015143889999999998	0.0006377280000000001
39	0.015491389999999999	0.0006606679000000001
40	0.015591129999999998	0.000683608
41	0.015613929999999998	0.0007248997
42	0.015477639999999999	0.0007547215
43	0.015196659999999999	0.0007730734
44	0.01523046	0.0007983072
45	0.015559599999999998	0.0007845431
46	0.01623657	0.0008006012
47	0.01674691	0.0008304228
48	0.01680891	0.000851069
49	0.01711608	0.0008763026
50	0.01706601	0.0009130064
51	0.01688588	0.0009359463
52	0.01677449	0.0009359463
53	0.01729141	0.0009015364
54	0.018625489999999998	0.0008992427
55	0.01946837	0.0009084185
56	0.01990175	0.0009336524
57	0.02002292	0.0009313583000000001
58	0.02036461	0.0009428283
59	0.02069204	0.0009153005
60	0.021714419999999998	0.0008900666
61	0.02240207	0.0009313583000000001
62	0.02256625	0.0009611802
63	0.02222445	0.001023118
64	0.021145979999999998	0.001048352
65	0.021116359999999997	0.001013942
66	0.0221476	0.001009354
67	0.02288701	0.001004766
68	0.02348987	0.00104147
69	0.02333722	0.001082761
70	0.02252541	0.0011332290000000001
71	0.021935669999999997	0.001156169
72	0.02162006	0.001183697
73	0.021503289999999998	0.001199755
74	0.021847369999999998	0.001199755
75	0.021991899999999998	0.001220401
76	0.02201582	0.0012593980000000001
77	0.02187149	0.001252516
78	0.0223844	0.0012571050000000001
79	0.02246824	0.001231871
80	0.0235954	0.001222695
81	0.02415894	0.0012249890000000001
82	0.024613069999999997	0.001220401
83	0.02491444	0.001241046
84	0.02487424	0.001263986
85	0.02475388	0.001268574
86	0.025042679999999998	0.00125481
87	0.02526815	0.0012571050000000001
88	0.02606482	0.001213519
89	0.02702394	0.001206637
90	0.027475799999999998	0.001227283
91	0.027552729999999998	0.001234164
92	0.02730898	0.0012754560000000001
93	0.02682522	0.001293808
94	0.02642034	0.00130069
95	0.02646059	0.001325924
96	0.026223319999999998	0.0013557460000000001
97	0.025884249999999998	0.0013878620000000001
98	0.02547445	0.001417683
99	0.02489054	0.001417683
100	0.02526835	0.001385567
101	0.02579111	0.0014039200000000001
102	0.02594981	0.00136951
103	0.026910379999999998	0.00139245
104	0.026665909999999998	0.001413095
105	0.026513679999999998	0.001447505
106	0.02602374	0.001456681
107	0.02560837	0.001479621
108	0.02535968	0.001442917
109	0.026277679999999998	0.0013901550000000001
110	0.02733785	0.00139245
111	0.02798187	0.001376392
112	0.0284359	0.0013718040000000001
113	0.028460239999999998	0.001424565
114	0.027607529999999998	0.001399332
115	0.027955189999999998	0.001401626
116	0.028032269999999998	0.001397038
117	0.02823407	0.001424565
118	0.027422719999999998	0.001468151
119	0.02660806	0.001500267
120	0.025983319999999997	0.001477327
121	0.0262984	0.001477327
122	0.026395469999999997	0.001468151
123	0.0268539	0.001481915
124	0.026635299999999997	0.001472739
125	0.026618899999999997	0.0014865030000000001
126	0.026629419999999997	0.001495679
127	0.026282609999999998	0.001507149
128	0.026046029999999998	0.001523207
129	0.0256733	0.001509443
130	0.02574003	0.001516325
131	0.025812369999999998	0.001475033
132	0.02641609	0.001456681
133	0.027016619999999998	0.001445211
134	0.027102019999999998	0.0014039200000000001
135	0.02777433	0.001394744
136	0.027970449999999997	0.001378685
137	0.028256629999999998	0.001362628
138	0.02849368	0.001360334
139	0.02833307	0.00138098
140	0.02784324	0.001397038
141	0.02723248	0.001410801
142	0.026771689999999997	0.001399332
143	0.02672666	0.001378685
144	0.026887329999999997	0.001362628
145	0.02686703	0.001362628
146	0.02683105	0.0013351
147	0.027112249999999997	0.0013557460000000001
148	0.02655461	0.001383273
149	0.02600744	0.001424565
150	0.024879949999999998	0.001442917
151	0.02384739	0.001458975
152	0.023352519999999998	0.0014383290000000001
153	0.0234067	0.001442917
154	0.02315825	0.0014543870000000001
155	0.02300512	0.001440623
156	0.0227545	0.001433741
157	0.02289643	0.00138098
158	0.023697609999999997	0.0013878620000000001
159	0.02360747	0.0013718040000000001
160	0.02378099	0.001348864
161	0.02389181	0.0013396880000000001
162	0.02366362	0.00134657
163	0.0233459	0.001321336
164	0.02324909	0.001309866
165	0.02311048	0.001286926
166	0.02357981	0.001241046
167	0.02407285	0.001202049
168	0.02431413	0.001202049
169	0.0242267	0.001190579
170	0.02399918	0.001195167
171	0.02344317	0.00120893
172	0.022627969999999997	0.00120893
173	0.02239836	0.0012112240000000001
174	0.02181551	0.001231871
175	0.020943669999999998	0.001241046
176	0.02023013	0.001261692
177	0.019393749999999998	0.0012593980000000001
178	0.01906269	0.001241046
179	0.01902531	0.001215812
180	0.01891898	0.001195167
181	0.019278069999999998	0.001179109
182	0.019201239999999998	0.001188285
183	0.01864921	0.001195167
184	0.01794397	0.001199755
185	0.01719847	0.001181403
186	0.017327469999999998	0.0011492870000000001
187	0.017461909999999997	0.001075879
188	0.01838395	0.001046058
189	0.01880857	0.001013942
190	0.01881613	0.0009887079
191	0.018868049999999997	0.0009978838
192	0.018438879999999998	0.0009634742
193	0.01847894	0.0009382403
194	0.018338939999999998	0.0009153005
195	0.01837612	0.0008900666
196	0.018450619999999997	0.0009038304
197	0.01726796	0.0009313583000000001
198	0.016225299999999998	0.0009313583000000001
199	0.01543317	0.0009290642
200	0.014819269999999999	0.0008808905
201	0.015081269999999999	0.0008350109
202	0.015473299999999999	0.0008281291000000001
203	0.015366399999999999	0.0008671268
204	0.01424725	0.0009084185
205	0.012385289999999998	0.0009244762
206	0.01144809	0.0008763026
207	0.011270089999999998	0.0008487749
208	0.01175394	0.000814365
209	0.011891979999999998	0.0008028952
210	0.01183862	0.0007937192
211	0.01136806	0.0007937192
212	0.010817359999999998	0.0007593092000000001
213	0.01089597	0.0007088418
214	0.011197359999999998	0.0006262582
215	0.012214649999999999	0.0006033183
216	0.012439929999999998	0.0005826725000000001
217	0.012215229999999999	0.0005941423000000001
218	0.011362949999999998	0.0005918483000000001
219	0.01083086	0.0005849666
220	0.010120992999999998	0.0005689085000000001
221	0.009695955999999999	0.0005230287000000001
222	0.009868886999999998	0.000504677
223	0.009690194999999999	0.00047256100000000003
224	0.009560902999999999	0.0004633853
225	0.009202085999999998	0.00048632510000000005
226	0.007980549	0.000504677
227	0.006985179999999999	0.0004955009
228	0.006157621999999999	0.0004977949000000001
229	0.005586011999999999	0.0004817371
230	0.005293451999999999	0.00048403110000000004
231	0.004696813999999999	0.0004886191000000001
232	0.003648917999999999	0.0004748551
233	0.003486547999999999	0.00044962120000000005
234	0.003134620999999999	0.0004335634
235	0.003063621999999999	0.00039915370000000004
236	0.003131689999999999	0.00036933180000000003
237	0.003112751999999999	0.00034409800000000004
238	0.002558797999999999	0.00034639200000000005
239	0.002447989999999999	0.00030280620000000004
240	0.002387364999999999	0.0002775723
241	0.0024413879999999988	0.00024086860000000003
242	0.002560278999999999	0.00023398660000000003
243	0.002116436999999999	0.00020645870000000004
244	0.001976552999999999	0.00017893090000000003
245	0.0017211159999999989	0.00014452110000000003
246	0.0017045419999999988	0.00010552340000000003
247	0.0018626459999999988	8.487749000000003e-05
248	0.0015946199999999989	7.799554000000003e-05
249	0.0010277834999999989	6.652562000000003e-05
250	0.0006075297999999989	3.440982000000003e-05
251	0.00017122565999999888	4.358577000000003e-05
252	-0.0006443905000000011	3.6703810000000034e-05
253	-0.001571364000000001	1.835191000000003e-05
254	-0.0016182200000000012	1.1469957000000032e-05
255	-0.002125880000000001	2.7527860000000032e-05
256	-0.003448491000000001	2.293989000000003e-05
257	-0.003748749000000001	4.588000000000031e-06
258	-0.004070145000000001	-3.211578999999997e-05
259	-0.003987203000000001	-6.193758999999997e-05
260	-0.004004820000000001	-7.111352999999996e-05
261	-0.004308495000000001	-8.717144999999997e-05
262	-0.004717558000000001	-0.00011240529999999997
263	-0.005231356000000001	-0.00012846319999999998
264	-0.0053790220000000015	-0.00016287299999999996
265	-0.005243018000000001	-0.00017663689999999996
266	-0.005665714000000001	-0.00019957669999999997
267	-0.005866211000000001	-0.00023857449999999998
268	-0.005798895000000001	-0.0002615144
269	-0.006071319000000001	-0.0002982181
270	-0.005832023000000001	-0.000334922
271	-0.005721000000000001	-0.00036244989999999997
272	-0.005787680000000001	-0.00033950999999999995
273	-0.007025692000000001	-0.0003532738
274	-0.007328225000000001	-0.00037850769999999995
275	-0.0075977050000000015	-0.0004014475
276	-0.007919846000000001	-0.00038080169999999997
277	-0.008706413000000001	-0.00040832959999999996
278	-0.008998402	-0.00045420929999999995
279	-0.008852973000000002	-0.0005023829
280	-0.008481430000000002	-0.0005390865999999999
281	-0.008559825000000002	-0.0005551447
282	-0.008731828	-0.0005390865999999999
283	-0.009617002000000001	-0.0005390865999999999
284	-0.01049359	-0.0005482627
285	-0.010853950000000001	-0.0005849663
286	-0.010877470000000002	-0.0006010243999999999
287	-0.011263710000000001	-0.0005918483
288	-0.01207819	-0.0005757906
289	-0.0131091	-0.0005459687
290	-0.014376330000000001	-0.0005390865999999999
291	-0.015054220000000002	-0.0005964364
292	-0.014647760000000001	-0.0006170822
293	-0.01492499	-0.0006583739
294	-0.014307390000000001	-0.0006836078
295	-0.014294770000000002	-0.0006813136999999999
296	-0.01507751	-0.0006652559
297	-0.015783520000000002	-0.000674432
298	-0.01627164	-0.0006996658
299	-0.016661870000000002	-0.0007478395
300	-0.016016000000000002	-0.0007891312
301	-0.01546202	-0.0008235407999999999
302	-0.015263160000000001	-0.0008373049
303	-0.01548702	-0.0008602448
304	-0.015730070000000002	-0.0008625387
305	-0.016295030000000002	-0.0009061245
306	-0.015780210000000003	-0.0009657682
307	-0.01560705	-0.0009497101
308	-0.01586055	-0.0009542982
309	-0.01643383	-0.0009565922
310	-0.01725393	-0.0009405341
311	-0.018153540000000003	-0.0009313583
312	-0.01880041	-0.0009497101
313	-0.0191201	-0.0009588862
314	-0.019190910000000002	-0.0009932957
315	-0.019202340000000002	-0.0009887078
316	-0.01968463	-0.0009887078
317	-0.02004047	-0.001009354
318	-0.02035183	-0.0009795319
319	-0.021096780000000002	-0.001000178
320	-0.02139579	-0.001027706
321	-0.021495740000000003	-0.001059821
322	-0.0211101	-0.001101113
323	-0.02050012	-0.001110289
324	-0.02106193	-0.0010965249999999999
325	-0.02176248	-0.001110289
326	-0.02182599	-0.001121759
327	-0.022165650000000002	-0.001174521
328	-0.02119062	-0.001250222
329	-0.020064910000000002	-0.001259398
330	-0.01997314	-0.001245634
331	-0.020668310000000002	-0.001229576
332	-0.0215189	-0.001215813
333	-0.02262509	-0.001257104
334	-0.02213476	-0.001305278
335	-0.021582780000000003	-0.001309866
336	-0.021709990000000002	-0.00131216
337	-0.021829380000000002	-0.001298396
338	-0.02275114	-0.00126628
339	-0.02384957	-0.0012548099999999999
340	-0.02446229	-0.001273162
341	-0.02468973	-0.001282338
342	-0.024505890000000002	-0.001307572
343	-0.02410968	-0.0013190419999999999
344	-0.02435097	-0.001298396
345	-0.02496417	-0.001273162
346	-0.025817970000000003	-0.001284632
347	-0.026300070000000002	-0.001280044
348	-0.02625353	-0.001325924
349	-0.02546845	-0.001344276
350	-0.02536833	-0.001355746
351	-0.0251906	-0.001380979
352	-0.024905590000000002	-0.001362628
353	-0.02544675	-0.0013832739999999999
354	-0.02533055	-0.001413095
355	-0.02507798	-0.001452093
356	-0.024291300000000002	-0.001470445
357	-0.02402235	-0.001479621
358	-0.02386785	-0.001472739
359	-0.02430782	-0.001445211
360	-0.025288520000000002	-0.001442917
361	-0.02560814	-0.001475033
362	-0.02510551	-0.001491091
363	-0.02507944	-0.001502561
364	-0.0247526	-0.001509443
365	-0.02451392	-0.001504855
366	-0.0250327	-0.001470445
367	-0.025931120000000002	-0.0014337409999999999
368	-0.026890030000000002	-0.001440623
369	-0.0270354	-0.001463563
370	-0.02673377	-0.001477327
371	-0.02627998	-0.001431447
372	-0.02722551	-0.001406213
373	-0.0277399	-0.001380979
374	-0.02849368	-0.0014016249999999999
375	-0.02833579	-0.001447505
376	-0.02728536	-0.001488797
377	-0.02624872	-0.001472739
378	-0.026232190000000002	-0.001461269
379	-0.026447250000000002	-0.001440623
380	-0.02715624	-0.001447505
381	-0.0269573	-0.001463563
382	-0.026540610000000003	-0.001486503
383	-0.026211520000000002	-0.001488797
384	-0.02594604	-0.001495679
385	-0.025680110000000003	-0.001509443
386	-0.02535898	-0.001504855
387	-0.02534078	-0.001523207
388	-0.02517058	-0.001509443
389	-0.025192430000000002	-0.001520913
390	-0.024978840000000002	-0.001518619
391	-0.02498069	-0.0015140309999999999
392	-0.02486265	-0.001491091
393	-0.02530609	-0.001479621
394	-0.02574084	-0.001436035
395	-0.026260330000000002	-0.001438329
396	-0.02632958	-0.001452093
397	-0.02587077	-0.0014819149999999999
398	-0.02506685	-0.001491091
399	-0.024506450000000003	-0.001479621
400	-0.024554020000000003	-0.001461269
401	-0.024856140000000002	-0.001463563
402	-0.02464184	-0.001472739
403	-0.02455597	-0.001454387
404	-0.02434802	-0.001447505
405	-0.02449317	-0.001431447
406	-0.02454021	-0.001454387
407	-0.0239198	-0.0014819149999999999
408	-0.02325791	-0.001470445
409	-0.02315479	-0.001475033
410	-0.02255551	-0.001463563
411	-0.022852380000000002	-0.001484209
412	-0.02223015	-0.001472739
413	-0.02192161	-0.001470445
414	-0.021847830000000002	-0.001447505
415	-0.022166710000000003	-0.00139245
416	-0.02302456	-0.001374097
417	-0.02336513	-0.001348864
418	-0.02349106	-0.0013695089999999999
419	-0.02294399	-0.0013511579999999999
420	-0.02273773	-0.001364922
421	-0.02211648	-0.001337394
422	-0.02210606	-0.001298396
423	-0.02248418	-0.001298396
424	-0.02252622	-0.001268574
425	-0.02277349	-0.001241047
426	-0.022594160000000002	-0.00124334
427	-0.02250732	-0.00123187
428	-0.0223337	-0.00123187
429	-0.021616120000000003	-0.001222695
430	-0.0215588	-0.0012043429999999999
431	-0.02138446	-0.001211225
432	-0.02079514	-0.001234164
433	-0.02013187	-0.001252516
434	-0.01889526	-0.001250222
435	-0.018342280000000002	-0.001241047
436	-0.018251180000000002	-0.001174521
437	-0.01904236	-0.0011607569999999999
438	-0.019259230000000002	-0.001167639
439	-0.01872321	-0.001179109
440	-0.01800596	-0.001195167
441	-0.017088100000000002	-0.001202048
442	-0.01659565	-0.001176815
443	-0.01616805	-0.001149287
444	-0.01638164	-0.001124053
445	-0.01669982	-0.001114877
446	-0.01639388	-0.001117171
447	-0.01594694	-0.001089643
448	-0.015776730000000003	-0.001068997
449	-0.015700770000000003	-0.001016236
450	-0.016446790000000003	-0.000970356
451	-0.01700737	-0.0009520042
452	-0.01690564	-0.0009634741999999999
453	-0.01633109	-0.0009910017999999999
454	-0.014361460000000001	-0.0009910017999999999
455	-0.01407035	-0.0009795319
456	-0.013764000000000002	-0.0009221823
457	-0.014159610000000001	-0.0008923604
458	-0.014619350000000001	-0.0008717145
459	-0.014639000000000001	-0.0008671266
460	-0.013916230000000002	-0.0008717145
461	-0.01334012	-0.0008648328
462	-0.012935990000000001	-0.0008487747
463	-0.012348020000000001	-0.0008395989
464	-0.011953600000000002	-0.0008235407999999999
465	-0.011555020000000001	-0.0008166591
466	-0.011312420000000002	-0.000807483
467	-0.01091072	-0.000805189
468	-0.010239910000000001	-0.0007960129999999999
469	-0.009662441	-0.000802895
470	-0.009060807	-0.0007547213
471	-0.009416403	-0.0006927837999999999
472	-0.010035140000000001	-0.0006537858999999999
473	-0.010549550000000001	-0.0006491981
474	-0.010161270000000002	-0.0006836078
475	-0.008695678000000002	-0.0007065476
476	-0.007521665000000001	-0.0006904897999999999
477	-0.006899399000000001	-0.000628552
478	-0.007419864000000001	-0.0005803783
479	-0.00800222	-0.0005459687
480	-0.008137654000000001	-0.0005344989
481	-0.007871112000000001	-0.0005436746
482	-0.006687112000000001	-0.0005459687
483	-0.005968338000000001	-0.0005184408
484	-0.006020160000000001	-0.0004771491
485	-0.005976304000000001	-0.00046338499999999997
486	-0.005830398000000001	-0.00044962119999999994
487	-0.0052742840000000015	-0.00046797299999999995
488	-0.004344096000000001	-0.00048403089999999997
489	-0.003118503000000001	-0.0004886189
490	-0.0025734990000000012	-0.00045650329999999997
491	-0.002284549000000001	-0.00044273919999999995
492	-0.002145378000000001	-0.00040603549999999997
493	-0.002267718000000001	-0.00036015579999999997
494	-0.002236176000000001	-0.00034868579999999995
495	-0.002180040000000001	-0.0003440977
496	-0.0015742650000000011	-0.000334922
497	-0.0010337670000000012	-0.00031198209999999996
498	-0.0006646946000000011	-0.00028445419999999997
499	-0.0008041900000000011	-0.00022939859999999998
500	-0.001062513000000001	-0.00019040079999999997
501	-0.0014502230000000011	-0.00015828499999999998
502	-0.001350867000000001	-0.00013763909999999998
503	-0.000999029000000001	-0.00012387519999999998
504	-0.0006743927000000011	-8.258347999999997e-05
505	-0.0005719925000000012	-4.817367999999997e-05
506	-0.0005393810000000011	2.7000000031026728e-11
507	-0.0007931750000000012	2.293989000000003e-05
508	-0.0008836320000000012	4.358577000000003e-05
509	-0.00015713850000000112	2.7527860000000032e-05
510	0.0007987031999999989	1.835191000000003e-05
511	0.001775683999999999	1.605793000000003e-05
