0	0.00047640680000000143	-0.00016941369999999998
1	0.0008134015000000014	-0.00014866919999999997
2	0.0009694476000000014	-0.00011870489999999999
3	0.0012157830000000015	-0.00012792469999999998
4	0.0022882310000000012	-0.00011179009999999998
5	0.0027595710000000015	-9.335048999999999e-05
6	0.0031746270000000015	-3.803183999999998e-05
7	0.0031494390000000013	-1.7287332999999983e-05
8	0.0032609090000000015	1.7286840000000018e-05
9	0.0032467110000000015	4.0336290000000015e-05
10	0.0036033950000000014	4.725112000000002e-05
11	0.004369223000000001	7.260549000000002e-05
12	0.0048705480000000015	0.00011870440000000002
13	0.0048493350000000015	0.00016710820000000003
14	0.004764142000000002	0.0002316467
15	0.004101541000000002	0.00027083070000000003
16	0.003947247000000001	0.0002731357
17	0.004819269000000001	0.0002616109
18	0.006073454000000002	0.000259306
19	0.0070412170000000015	0.00031001490000000004
20	0.007131835000000001	0.00034458890000000004
21	0.007129935000000001	0.00039529770000000004
22	0.0068685410000000014	0.0004206521
23	0.0070965770000000015	0.00042526200000000004
24	0.007628823000000002	0.00042526200000000004
25	0.008689728	0.0004183471
26	0.009772340000000001	0.0004160422
27	0.010711785000000001	0.00043448170000000004
28	0.011322245000000002	0.0004529215
29	0.011839665000000001	0.0004460065
30	0.012382655000000001	0.0004598361
31	0.012937525000000002	0.0004851905
32	0.013533355000000002	0.000466751
33	0.014371755000000002	0.0005220698000000001
34	0.014090785000000002	0.0005497291
35	0.014355915000000002	0.0005773882
36	0.014299825000000002	0.0005912181
37	0.015070875000000001	0.0005451192
38	0.016537015000000002	0.0005681686000000001
39	0.016882885	0.0006119625
40	0.016871875	0.0006557564
41	0.016605575	0.0007179901
42	0.015954585	0.0007525641
43	0.015808695	0.0008055779
44	0.015593225000000002	0.0008378472
45	0.015697975000000003	0.0008493718
46	0.015946355000000002	0.0008655063
47	0.016513265000000003	0.000886251
48	0.017142295000000002	0.0009000806
49	0.017510835000000002	0.00091852
50	0.017761855	0.0009553993
51	0.017896635	0.0009738387999999999
52	0.018226155	0.0009968885
53	0.018223485	0.0010245475
54	0.018710815000000002	0.0010107175000000001
55	0.019409385	0.0010107175000000001
56	0.020268075	0.0010222425
57	0.021119425	0.0010199375
58	0.021728785	0.0010429875
59	0.022015705	0.0010153275
60	0.023038265000000002	0.0010337675
61	0.023337585	0.0010660365
62	0.023547145000000002	0.0011167455
63	0.023319245000000002	0.0011305745
64	0.023199015	0.0011605395
65	0.023300965	0.0011766745000000001
66	0.023434275	0.0011766745000000001
67	0.023947725000000003	0.0011858935
68	0.024359655	0.0012181635
69	0.024563185	0.0012527375
70	0.024276705000000003	0.0012850065
71	0.024141705000000003	0.0013195805
72	0.024014715000000002	0.0013426305
73	0.024194575000000003	0.0013334105
74	0.024807405	0.0013449345
75	0.025254175	0.0013587645
76	0.025816785000000002	0.0013633745
77	0.026035505	0.0014025585
78	0.025832815000000002	0.0014163885
79	0.026077875	0.0013887285
80	0.027266335000000003	0.0013656795
81	0.028159535000000003	0.0013725945
82	0.028818475000000003	0.0013933385
83	0.028665895	0.0014140835
84	0.028683635000000002	0.0013979485
85	0.029412065	0.0014002535
86	0.029808265	0.0014186925
87	0.030049415000000003	0.0014371325
88	0.030011935	0.0014740115
89	0.029648755000000002	0.0014901465
90	0.029603405000000003	0.0015039765
91	0.029613585	0.0015270255
92	0.029376945	0.0015546845
93	0.029551305	0.0015546845
94	0.029749715000000003	0.0015846495
95	0.029685945000000002	0.0015984785
96	0.029652975	0.0016284435
97	0.029290015000000003	0.0016422725
98	0.029292955000000002	0.0016745425
99	0.029177755000000003	0.0017091165
100	0.028765075	0.0017413855
101	0.028580165	0.0017114205000000001
102	0.029274645000000002	0.0016883715
103	0.030036805	0.0016722375
104	0.031187685	0.0016561025
105	0.031635735	0.0016814565
106	0.031616855	0.0016837615
107	0.03192318500000001	0.0016768465
108	0.03202458500000001	0.0017022015
109	0.03199956500000001	0.0016814565
110	0.032520905	0.0016699325
111	0.032741435	0.0016883715
112	0.03301915500000001	0.0016676275
113	0.033370214999999995	0.0016376625
114	0.033917775	0.0016537975
115	0.034072965	0.0016653225
116	0.034136415	0.0016814565
117	0.033678385000000005	0.0017160305
118	0.033336875	0.0017275555
119	0.033009365	0.0017690445
120	0.032222155	0.0018082285
121	0.03164958500000001	0.0018335825
122	0.031041635	0.0018428035
123	0.030937965	0.0018105335
124	0.031726405	0.0017805695
125	0.032467245000000006	0.0018013145
126	0.03228866500000001	0.0018266685
127	0.03183646500000001	0.0018566325
128	0.031364375	0.0018681575
129	0.031040245	0.0018681575
130	0.031016395000000002	0.0018589375
131	0.03125167500000001	0.0018474125
132	0.031598105	0.0018358885
133	0.032104364999999996	0.0018059235
134	0.032661045	0.0018036185
135	0.032769265000000006	0.0017598245
136	0.033464284999999996	0.0017529105
137	0.033783675	0.0017321655
138	0.034189294999999995	0.0017390805
139	0.034046925000000006	0.0017529105
140	0.033601864999999995	0.0017736545000000001
141	0.03302838500000001	0.0017621295
142	0.032799625	0.0017621295
143	0.032860845	0.0017344705
144	0.033263555	0.0017252505
145	0.033199295000000004	0.0017413855
146	0.032929415000000004	0.0017367755
147	0.032879105000000006	0.0017805695
148	0.031753845	0.0018220585
149	0.030718095	0.0018358885
150	0.030150145	0.0018381925
151	0.029619825000000002	0.0018428035
152	0.029605725000000003	0.0018105335
153	0.030095415	0.0018036185
154	0.029784355000000002	0.0018220585
155	0.029704625000000002	0.0018128385
156	0.029429285000000003	0.0018128385
157	0.029037455	0.0017713495
158	0.029867265	0.0017367755
159	0.030397825	0.0017344705
160	0.030367255000000003	0.0017068115
161	0.030570385000000002	0.0017068115
162	0.030201675	0.0016745425
163	0.030622155	0.0016445775
164	0.030845115000000003	0.0016238335
165	0.030931755000000002	0.0015984785
166	0.031107585	0.0015938685
167	0.031119655000000003	0.0015892585
168	0.030738685	0.0016030885
169	0.029868975000000002	0.0016053935
170	0.029293465	0.0016007835
171	0.029023895	0.0015800395
172	0.028994915000000003	0.0015846495
173	0.028619065000000003	0.0016123085
174	0.027750655000000003	0.0016215285
175	0.027014345000000002	0.0016537975
176	0.025611055	0.0016837615
177	0.024868575	0.0016653225
178	0.024607335	0.0016491875
179	0.024549475	0.0016307475
180	0.024741305	0.0015915635
181	0.024988695000000002	0.0015731245
182	0.024820665000000002	0.0015639045
183	0.024851585000000002	0.0015362455
184	0.024784195000000002	0.0015339405
185	0.024422615	0.0014970615
186	0.024792565000000003	0.0014670975
187	0.024773495000000003	0.0014440475000000001
188	0.024948745	0.0014048635
189	0.025181685000000002	0.0013748995
190	0.025059465000000003	0.0013610695
191	0.024892485000000002	0.0013126655
192	0.025450615000000003	0.0012942265
193	0.025122915000000003	0.0012919215
194	0.024572045	0.0012988355
195	0.023809405000000002	0.0012988355
196	0.022982695	0.0013126655
197	0.022115195	0.0013241905
198	0.021050675	0.0013334105
199	0.020254595	0.0013311055
200	0.019635935	0.0012803965
201	0.019734765	0.0012780915
202	0.019631575000000002	0.0012711765000000001
203	0.019134775	0.0012803965
204	0.018229155	0.0012919215
205	0.017286045	0.0012827015
206	0.016878075000000003	0.0012919215
207	0.016135755	0.0012780915
208	0.015865775000000002	0.0012389075
209	0.015993815	0.0012043335
210	0.016063745	0.0011559295
211	0.016380025000000003	0.0011213555
212	0.016521175000000003	0.0010867815
213	0.016661125000000002	0.0010522075
214	0.016854505000000002	0.0009991935
215	0.016969945	0.0010084125
216	0.016397285	0.0009807538
217	0.016082685000000003	0.0009577043
218	0.015491485000000001	0.0009577043
219	0.015007835	0.0009438745
220	0.014448275000000002	0.0009023856
221	0.014385065	0.0008793361
222	0.014218355000000002	0.0008309323
223	0.014395855	0.0008194074
224	0.013943445000000002	0.0008078829
225	0.013437915000000002	0.0008055779
226	0.012421065000000002	0.0008240174
227	0.011342695000000002	0.0008401522
228	0.010076225000000001	0.0008217124
229	0.009580107000000001	0.0007894434
230	0.009517831000000001	0.000757174
231	0.009328137000000002	0.0007272097000000001
232	0.009205004000000001	0.0007249047
233	0.008681296000000002	0.0006995503000000001
234	0.008300279	0.0006649763000000001
235	0.008024862	0.0006511464
236	0.007923312000000002	0.0006050476
237	0.007841120000000002	0.0005819981000000001
238	0.007439678000000002	0.0005843031
239	0.006813657000000002	0.0005543387
240	0.006365486000000002	0.0005566437
241	0.005665715000000002	0.00048749540000000004
242	0.006019099000000002	0.00043678660000000003
243	0.0063048320000000015	0.00038377320000000003
244	0.006748164000000002	0.00036072370000000004
245	0.006661340000000002	0.0003584188
246	0.005532483000000001	0.0003745533
247	0.004404344000000001	0.0003768582
248	0.0033385330000000016	0.00034458890000000004
249	0.0028755010000000012	0.0003284544
250	0.0025705610000000016	0.0002731357
251	0.0028627930000000015	0.0002754406
252	0.0021113980000000013	0.0002777456
253	0.0012133180000000014	0.00028235550000000004
254	9.307090000000143e-05	0.00028466040000000003
255	-0.0009158779999999987	0.00025239120000000004
256	-0.0011372349999999986	0.00022242690000000002
257	-0.0012891329999999985	0.00021090220000000002
258	-0.0017285439999999985	0.0001901577
259	-0.0021387019999999984	0.00018324280000000002
260	-0.0029309809999999987	0.00017402310000000002
261	-0.0034109429999999987	0.00012100930000000001
262	-0.0033120049999999985	7.030055000000001e-05
263	-0.0031565389999999986	3.111651000000002e-05
264	-0.0030293119999999984	-1.9592279999999984e-05
265	-0.0025986709999999986	-2.1897219999999982e-05
266	-0.0035358859999999985	-1.4982389999999983e-05
267	-0.004342270999999998	-4.725161999999998e-05
268	-0.004903358999999999	-8.413071999999998e-05
269	-0.005158927999999998	-0.00015558399999999998
270	-0.004387026999999998	-0.00022012239999999998
271	-0.0037742049999999984	-0.00021781749999999999
272	-0.004432049999999998	-0.0002270373
273	-0.005232302999999999	-0.0002431719
274	-0.006008834999999999	-0.0002293422
275	-0.007150130999999999	-0.0002546966
276	-0.0072485039999999985	-0.0002708312
277	-0.008033013999999998	-0.00026391639999999997
278	-0.008965360999999998	-0.00028235589999999996
279	-0.009272263	-0.00031001529999999996
280	-0.009847684999999998	-0.0003146251
281	-0.010553754999999998	-0.00033997949999999997
282	-0.010564974999999999	-0.00034689439999999996
283	-0.011538215	-0.0003330649
284	-0.012462064999999998	-0.0003699439
285	-0.012565844999999999	-0.0003906883
286	-0.012927224999999999	-0.0004068231
287	-0.013181064999999999	-0.00043678719999999996
288	-0.013488364999999999	-0.0004552267
289	-0.014014895	-0.000485191
290	-0.013990444999999999	-0.0005750837
291	-0.012968004999999998	-0.0006073531
292	-0.012907134999999998	-0.0006280976
293	-0.013078014999999998	-0.0006557568999999999
294	-0.013572584999999998	-0.000648842
295	-0.014360664999999998	-0.0006718914
296	-0.014819524999999998	-0.0005727791
297	-0.018088095	-0.0006350125
298	-0.017488985	-0.0007041608
299	-0.016846965	-0.0007364301
300	-0.016657215	-0.0007571746
301	-0.016730435	-0.0007548696
302	-0.017594255	-0.0007640895
303	-0.018184395	-0.0008101884
304	-0.018103784999999997	-0.0008701167999999999
305	-0.017495294999999998	-0.0009277404
306	-0.017110145	-0.0009415701
307	-0.017431475	-0.00094618
308	-0.017988495	-0.0009116057
309	-0.019369474999999997	-0.000902386
310	-0.020689275	-0.0008977761999999999
311	-0.021286355	-0.00094618
312	-0.021072795	-0.0009853642
313	-0.021094025	-0.0009830592
314	-0.021508515	-0.0009899739
315	-0.022123724999999997	-0.0009784492999999998
316	-0.023206845	-0.0009669244
317	-0.024088465	-0.0009968887
318	-0.024364325	-0.0010061084
319	-0.024614914999999998	-0.0010637325
320	-0.023963255	-0.0011098305
321	-0.023591815	-0.0011397955
322	-0.023461165	-0.0011490145
323	-0.023909865	-0.0011467105
324	-0.024614185	-0.0011605394999999999
325	-0.024830755	-0.0012204685
326	-0.024438864999999997	-0.0012688725
327	-0.023936525	-0.0013011415
328	-0.023784894999999997	-0.0013380205
329	-0.023800815	-0.0013403255
330	-0.024228395	-0.0013495455
331	-0.024447405	-0.0013795095
332	-0.024436415	-0.0013910345
333	-0.024725834999999998	-0.0014256085
334	-0.024834594999999998	-0.0014209984999999999
335	-0.025592555	-0.0014186935
336	-0.026047155	-0.0013910345
337	-0.026944355	-0.0013910345
338	-0.027982375	-0.0013795095
339	-0.028575854999999997	-0.0014140835
340	-0.028380384999999998	-0.0014647925
341	-0.028002395	-0.0014878425
342	-0.027675454999999998	-0.0014901465
343	-0.027904315	-0.0014717075
344	-0.028824935	-0.0014417425
345	-0.029921415	-0.0014279135
346	-0.030991625	-0.0014371335
347	-0.031096274999999996	-0.0014763175
348	-0.030866885	-0.0015339405
349	-0.029864324999999997	-0.0015523805
350	-0.029478894999999998	-0.0015846495
351	-0.029291755	-0.0015662105
352	-0.030035515	-0.0015662105
353	-0.030415505	-0.0016284435
354	-0.029631035	-0.0016307485
355	-0.030047485	-0.0016353585
356	-0.029903074999999998	-0.0016422735
357	-0.030349724999999998	-0.0016261385
358	-0.030938604999999997	-0.0016653225
359	-0.030729895	-0.0016791525
360	-0.030827374999999997	-0.0016998975
361	-0.030510284999999998	-0.0017252515
362	-0.030119085	-0.0017529105
363	-0.030166864999999998	-0.0017390815
364	-0.030403895	-0.0017206415
365	-0.031080015	-0.0016653225
366	-0.032399685	-0.0016468835
367	-0.033241894999999994	-0.0016445785
368	-0.033795645	-0.0016653225
369	-0.033374375	-0.0017114215
370	-0.032449595	-0.0017367755
371	-0.032155224999999996	-0.0017091165
372	-0.032685624999999996	-0.0016814575
373	-0.033157635000000005	-0.0016768475
374	-0.034024525	-0.0016975915
375	-0.033604554999999994	-0.0017321655
376	-0.033004414999999995	-0.0017506055
377	-0.03264170499999999	-0.0017413855
378	-0.032669055	-0.0017436905
379	-0.03287024499999999	-0.0017436905
380	-0.033080255	-0.0017552155
381	-0.032784885	-0.0018082295
382	-0.031971215	-0.0018151445
383	-0.031704785	-0.0018404985
384	-0.031164505	-0.0018312785
385	-0.031530325	-0.0017897895
386	-0.032412315	-0.0017805695
387	-0.032455664999999995	-0.0017920944999999999
388	-0.032694245	-0.0017943995
389	-0.032617574999999996	-0.0017874845
390	-0.032480924999999994	-0.0017851795
391	-0.03279296499999999	-0.0017483005
392	-0.03341021499999999	-0.0017598255
393	-0.033196655000000005	-0.0017321655
394	-0.033554915000000005	-0.0017252515
395	-0.033718675000000004	-0.0017045065
396	-0.034189294999999995	-0.0017229465
397	-0.033731214999999995	-0.0017413855
398	-0.032959475	-0.0017575205
399	-0.032531775	-0.0017344705
400	-0.032898255	-0.0017367755
401	-0.032798275	-0.0017137265
402	-0.03304473499999999	-0.0017114215
403	-0.032831305000000005	-0.0017367755
404	-0.03223013499999999	-0.0017874845
405	-0.031070445	-0.0018358884999999999
406	-0.029785645	-0.0018681575
407	-0.028785884999999997	-0.0018566335
408	-0.028789165	-0.0018174495
409	-0.029397335	-0.0018105344999999999
410	-0.029709074999999998	-0.0018059245
411	-0.029719554999999998	-0.0018358884999999999
412	-0.028843024999999998	-0.0018520235
413	-0.028339134999999998	-0.0018289735
414	-0.028465795	-0.0017805695
415	-0.028842185	-0.0017598255
416	-0.029551015	-0.0017367755
417	-0.029915535	-0.0017506055
418	-0.029296944999999998	-0.0017713505
419	-0.028712985	-0.0017436905
420	-0.028659425	-0.0016975915
421	-0.029184824999999998	-0.0016146135
422	-0.030779215	-0.0015616005
423	-0.031634184999999995	-0.0015938694999999999
424	-0.031017645	-0.0016146135
425	-0.029879865	-0.0016561025
426	-0.028260604999999998	-0.0016584075
427	-0.027832924999999998	-0.0016100035
428	-0.028384984999999998	-0.0015754294999999999
429	-0.028702045	-0.0015500754999999999
430	-0.029011315	-0.0015592955
431	-0.028447945	-0.0015592955
432	-0.027840615	-0.0015708205
433	-0.027292354999999997	-0.0015662105
434	-0.026619465	-0.0015685145
435	-0.026303754999999998	-0.0015178065
436	-0.026774614999999998	-0.0015039765
437	-0.026604384999999998	-0.0014924515
438	-0.026475445	-0.0015131965
439	-0.025662414999999997	-0.0015339405
440	-0.024476244999999997	-0.0015108915
441	-0.024329834999999998	-0.0014509625
442	-0.024959315	-0.0013933395
443	-0.025539404999999998	-0.0013748995
444	-0.025821265	-0.0013587655
445	-0.025371104999999998	-0.0013748995
446	-0.024401725	-0.0013910345
447	-0.023590424999999998	-0.0013772044999999999
448	-0.023179724999999998	-0.0013541555
449	-0.022903305	-0.0013195805
450	-0.023402094999999998	-0.0012711775
451	-0.023700444999999997	-0.0012642625
452	-0.023308344999999998	-0.0013034465
453	-0.022174634999999998	-0.0012919215
454	-0.021326945	-0.0013149715
455	-0.020297504999999997	-0.0012942265
456	-0.019922625	-0.0012711775
457	-0.020026895	-0.0012296885
458	-0.020162924999999998	-0.0011951145
459	-0.020296075	-0.0012112485
460	-0.019311145	-0.0012596525
461	-0.018097315	-0.0012711775
462	-0.016493675	-0.0012850065
463	-0.015851724999999997	-0.0012366035
464	-0.016280174999999997	-0.0011628445
465	-0.017048795	-0.0011536245
466	-0.017069425	-0.0011374905
467	-0.016611064999999998	-0.0011374905
468	-0.015796394999999998	-0.0011259655
469	-0.015294605	-0.0010706475
470	-0.015504074999999999	-0.0010452925
471	-0.015727485	-0.0009922788
472	-0.016088445	-0.0009553998
473	-0.016004305	-0.0009415701
474	-0.015709035	-0.0009300455
475	-0.015217824999999999	-0.0008954712
476	-0.015003874999999998	-0.0008355427999999999
477	-0.015190104999999999	-0.0007917485
478	-0.015882814999999998	-0.0007202953
479	-0.016264735	-0.0007226003
480	-0.015757765	-0.0007548696
481	-0.014521274999999998	-0.0007571746
482	-0.012925904999999998	-0.0007848339
483	-0.011563354999999999	-0.0007479547
484	-0.011281014999999998	-0.0007041608
485	-0.011180064999999998	-0.0006741964
486	-0.011408854999999999	-0.0006672818
487	-0.010685404999999999	-0.000653452
488	-0.009975614999999998	-0.0006880263
489	-0.008859616999999998	-0.0006811114
490	-0.007890700999999998	-0.0006811114
491	-0.006886673999999999	-0.0006765014
492	-0.006390167999999998	-0.0006396224
493	-0.006197374999999999	-0.0006142681
494	-0.0062024329999999985	-0.0005866087
495	-0.005889296999999998	-0.0005727791
496	-0.005348868999999998	-0.0005497296
497	-0.005270827999999998	-0.0004990208
498	-0.005289873999999998	-0.000446007
499	-0.005530062999999998	-0.0004045182
500	-0.005736450999999998	-0.00037916379999999996
501	-0.005371687999999999	-0.0003929933
502	-0.004482251999999998	-0.00037916379999999996
503	-0.0039979019999999985	-0.00034458949999999997
504	-0.0034136509999999985	-0.00031923499999999996
505	-0.0032912149999999984	-0.0002546966
506	-0.003758212999999999	-0.0002270373
507	-0.0035839639999999985	-0.00021781749999999999
508	-0.0029912249999999984	-0.00022242739999999998
509	-0.0021075539999999985	-0.00020859779999999998
510	-0.0011964369999999985	-0.00022473239999999998
511	-8.37709999999986e-05	-0.0002016829
