0.000000000000000000e+00	4.263594999999994811e-04	-1.466399769742931082e-04	1.367703805261780668e-02
1.000000000000000000e+00	9.182125999999995103e-04	-1.199153567675350631e-04	1.368862945953344852e-02
2.000000000000000000e+00	1.519820799999999474e-03	-9.317011079382209182e-05	1.369815857280868437e-02
3.000000000000000000e+00	2.281511999999999429e-03	-6.640826842299339173e-05	1.370562395681186423e-02
4.000000000000000000e+00	3.389756999999999319e-03	-3.963386152525837829e-05	1.371102448682746944e-02
5.000000000000000000e+00	4.550053000000000084e-03	-1.285092386376582781e-05	1.371435934922556922e-02
6.000000000000000000e+00	4.993729999999999176e-03	1.393650951311259057e-05	1.371562804158438231e-02
7.000000000000000000e+00	4.930463999999999854e-03	4.072440287969237411e-05	1.371483037276599072e-02
8.000000000000000000e+00	5.027193999999999587e-03	6.750872044098812160e-05	1.371196646294512225e-02
9.000000000000000000e+00	5.494045999999999826e-03	9.428542694073601587e-05	1.370703674359105041e-02
1.000000000000000000e+01	6.048923999999999794e-03	1.210504882693352164e-04	1.370004195740258911e-02
1.100000000000000000e+01	6.183839999999999476e-03	1.477998720716163080e-04	1.369098315819620298e-02
1.200000000000000000e+01	6.693605999999999515e-03	1.745295483543456096e-04	1.367986171074723513e-02
1.300000000000000000e+01	7.091119999999999368e-03	2.012354900933736195e-04	1.366667929058430070e-02
1.400000000000000000e+01	7.464033999999999600e-03	2.279136738403358768e-04	1.365143788373684997e-02
1.500000000000000000e+01	7.697554999999999155e-03	2.545600803288156772e-04	1.363413978643596494e-02
1.600000000000000000e+01	7.538477999999999499e-03	2.811706950798759466e-04	1.361478760476841042e-02
1.700000000000000000e+01	7.319922999999999881e-03	3.077415090068707170e-04	1.359338425428400707e-02
1.800000000000000000e+01	7.700073999999999461e-03	3.342685190194437210e-04	1.356993295955638383e-02
1.900000000000000000e+01	8.194862000000000674e-03	3.607477286266231415e-04	1.354443725369717556e-02
2.000000000000000000e+01	9.088034999999999516e-03	3.871751485389235306e-04	1.351690097782372660e-02
2.100000000000000000e+01	1.015229499999999868e-02	4.135467972693612488e-04	1.348732828048040261e-02
2.200000000000000000e+01	1.083077499999999908e-02	4.398587017332949013e-04	1.345572361701357841e-02
2.300000000000000000e+01	1.132883499999999891e-02	4.661068978470008341e-04	1.342209174890041275e-02
2.400000000000000000e+01	1.171784499999999930e-02	4.922874311248908851e-04	1.338643774303148980e-02
2.500000000000000000e+01	1.235164499999999964e-02	5.183963572752857060e-04	1.334876697094745414e-02
2.600000000000000000e+01	1.362646499999999906e-02	5.444297427946510112e-04	1.330908510802976223e-02
2.700000000000000000e+01	1.464666499999999968e-02	5.703836655602092034e-04	1.326739813264561814e-02
2.800000000000000000e+01	1.465756499999999914e-02	5.962542154208368226e-04	1.322371232524731550e-02
2.900000000000000000e+01	1.462666499999999876e-02	6.220374947861569050e-04	1.317803426742602223e-02
3.000000000000000000e+01	1.562807499999999822e-02	6.477296192137411458e-04	1.313037084092022119e-02
3.100000000000000000e+01	1.709862499999999924e-02	6.733267179943285127e-04	1.308072922657893197e-02
3.200000000000000000e+01	1.812688499999999883e-02	6.988249347349774791e-04	1.302911690327984533e-02
3.300000000000000000e+01	1.861516499999999949e-02	7.242204279400596108e-04	1.297554164680259255e-02
3.400000000000000000e+01	1.871741500000000114e-02	7.495093715900099382e-04	1.292001152865725894e-02
3.500000000000000000e+01	1.858462500000000045e-02	7.746879557177449929e-04	1.286253491486834613e-02
3.600000000000000000e+01	1.850453499999999904e-02	7.997523869826618807e-04	1.280312046471438099e-02
3.700000000000000000e+01	1.822236500000000078e-02	8.246988892421344740e-04	1.274177712942331855e-02
3.800000000000000000e+01	1.824163499999999910e-02	8.495237041204164096e-04	1.267851415082397841e-02
3.900000000000000000e+01	1.854852499999999974e-02	8.742230915748691426e-04	1.261334105995369492e-02
4.000000000000000000e+01	1.910131500000000065e-02	8.987933304594256101e-04	1.254626767562239814e-02
4.100000000000000000e+01	1.966401499999999997e-02	9.232307190852102495e-04	1.247730410293332835e-02
4.200000000000000000e+01	2.019087500000000049e-02	9.475315757782251658e-04	1.240646073176063582e-02
4.300000000000000000e+01	2.024037499999999795e-02	9.716922394340209157e-04	1.233374823518406868e-02
4.400000000000000000e+01	2.010593499999999839e-02	9.957090700692707019e-04	1.225917756788098834e-02
4.500000000000000000e+01	2.024020500000000070e-02	1.019578449370159073e-03	1.218275996447597091e-02
4.600000000000000000e+01	2.004608499999999821e-02	1.043296781237509994e-03	1.210450693784822541e-02
4.700000000000000000e+01	2.025234499999999799e-02	1.066860492328562671e-03	1.202443027739709923e-02
4.800000000000000000e+01	2.067960500000000021e-02	1.090266032595325419e-03	1.194254204726590343e-02
4.900000000000000000e+01	2.150432500000000122e-02	1.113509875819415195e-03	1.185885458452437362e-02
5.000000000000000000e+01	2.230124500000000079e-02	1.136588520143307773e-03	1.177338049730999696e-02
5.100000000000000000e+01	2.315239499999999923e-02	1.159498488597921146e-03	1.168613266292849173e-02
5.200000000000000000e+01	2.394395499999999941e-02	1.182236329626443466e-03	1.159712422591376371e-02
5.300000000000000000e+01	2.463175499999999823e-02	1.204798617604338094e-03	1.150636859604756666e-02
5.400000000000000000e+01	2.554537499999999864e-02	1.227181953355439229e-03	1.141387944633922950e-02
5.500000000000000000e+01	2.606939499999999868e-02	1.249382964664061142e-03	1.131967071096571555e-02
5.600000000000000000e+01	2.671455500000000094e-02	1.271398306783049674e-03	1.122375658317232953e-02
5.700000000000000000e+01	2.688472499999999821e-02	1.293224662937692525e-03	1.112615151313440555e-02
5.800000000000000000e+01	2.702156500000000086e-02	1.314858744825414582e-03	1.102687020578028282e-02
5.900000000000000000e+01	2.743886499999999978e-02	1.336297293111187411e-03	1.092592761857588517e-02
6.000000000000000000e+01	2.776490499999999945e-02	1.357537077918571141e-03	1.082333895927128919e-02
6.100000000000000000e+01	2.832454499999999958e-02	1.378574899316318712e-03	1.071911968360954315e-02
6.200000000000000000e+01	2.906761499999999804e-02	1.399407587800470488e-03	1.061328549299815800e-02
6.300000000000000000e+01	2.964973499999999998e-02	1.420032004771862701e-03	1.050585233214357088e-02
6.400000000000000000e+01	2.947396499999999780e-02	1.440445043008981409e-03	1.039683638664895375e-02
6.500000000000000000e+01	2.926714499999999788e-02	1.460643627136087386e-03	1.028625408057573173e-02
6.600000000000000000e+01	2.889959500000000014e-02	1.480624714086545366e-03	1.017412207396918393e-02
6.700000000000000000e+01	2.924067500000000069e-02	1.500385293561284569e-03	1.006045726034847029e-02
6.800000000000000000e+01	2.978510499999999922e-02	1.519922388482321772e-03	9.945276764161513003e-03
6.900000000000000000e+01	3.039060500000000109e-02	1.539233055441281434e-03	9.828597938205060197e-03
7.000000000000000000e+01	3.056259499999999796e-02	1.558314385142840026e-03	9.710438361010364020e-03
7.100000000000000000e+01	3.013215500000000074e-02	1.577163502843035572e-03	9.590815834194840739e-03
7.200000000000000000e+01	3.005048499999999831e-02	1.595777568782366955e-03	9.469748379780125805e-03
7.300000000000000000e+01	3.035949500000000023e-02	1.614153778613626163e-03	9.347254237476931502e-03
7.400000000000000000e+01	3.087420499999999832e-02	1.632289363824393665e-03	9.223351861937074958e-03
7.500000000000000000e+01	3.120026499999999786e-02	1.650181592154134234e-03	9.098059919973177853e-03
7.600000000000000000e+01	3.208741499999999414e-02	1.667827768005834257e-03	8.971397287746358737e-03
7.700000000000000000e+01	3.283474499999999852e-02	1.685225232852111555e-03	8.843383047922384610e-03
7.800000000000000000e+01	3.370530500000000484e-02	1.702371365635744170e-03	8.714036486796757075e-03
7.900000000000000000e+01	3.388614500000000640e-02	1.719263583164549808e-03	8.583377091389064392e-03
8.000000000000000000e+01	3.343349499999999364e-02	1.735899340500565843e-03	8.451424546507121591e-03
8.100000000000000000e+01	3.346397499999999303e-02	1.752276131343458989e-03	8.318198731781316704e-03
8.200000000000000000e+01	3.388291499999999956e-02	1.768391488408123206e-03	8.183719718669588139e-03
8.300000000000000000e+01	3.441880499999999676e-02	1.784242983796389525e-03	8.048007767433517159e-03
8.400000000000000000e+01	3.533303499999999875e-02	1.799828229362810924e-03	7.911083324085958768e-03
8.500000000000000000e+01	3.602109500000000297e-02	1.815144877074451350e-03	7.772967017310715779e-03
8.600000000000000000e+01	3.616093500000000516e-02	1.830190619364635302e-03	7.633679655354655078e-03
8.700000000000000000e+01	3.612490499999999882e-02	1.844963189480601376e-03	7.493242222892797753e-03
8.800000000000000000e+01	3.650823499999999999e-02	1.859460361825002097e-03	7.351675877866838474e-03
8.900000000000000000e+01	3.670810500000000476e-02	1.873679952291210137e-03	7.209001948297509565e-03
9.000000000000000000e+01	3.684048500000000614e-02	1.887619818592367821e-03	7.065241929071390016e-03
9.100000000000000000e+01	3.677419499999999564e-02	1.901277860584139803e-03	6.920417478702520220e-03
9.200000000000000000e+01	3.619501499999999705e-02	1.914652020581114698e-03	6.774550416069403599e-03
9.300000000000000000e+01	3.568933500000000258e-02	1.927740283666810580e-03	6.627662717127810570e-03
9.400000000000000000e+01	3.602478500000000361e-02	1.940540677997238360e-03	6.479776511599950363e-03
9.500000000000000000e+01	3.644962499999999939e-02	1.953051275097972966e-03	6.330914079640467818e-03
9.600000000000000000e+01	3.714287500000000575e-02	1.965270190154693938e-03	6.181097848479756920e-03
9.700000000000000000e+01	3.763492499999999963e-02	1.977195582297144698e-03	6.030350389045144484e-03
9.800000000000000000e+01	3.783717500000000067e-02	1.988825654876476452e-03	5.878694412560415798e-03
9.900000000000000000e+01	3.800017499999999715e-02	2.000158655735923170e-03	5.726152767124187068e-03
1.000000000000000000e+02	3.812157500000000476e-02	2.011192877474778790e-03	5.572748434267675403e-03
1.010000000000000000e+02	3.708685500000000190e-02	2.021926657705630688e-03	5.418504525492364235e-03
1.020000000000000000e+02	3.716170500000000321e-02	2.032358379304808216e-03	5.263444278788084567e-03
1.030000000000000000e+02	3.724920499999999357e-02	2.042486470656017239e-03	5.107591055132032487e-03
1.040000000000000000e+02	3.827748499999999998e-02	2.052309405887113841e-03	4.950968334969265035e-03
1.050000000000000000e+02	3.935893499999999767e-02	2.061825705099987714e-03	4.793599714675209587e-03
1.060000000000000000e+02	4.005743500000000235e-02	2.071033934593522700e-03	4.635508903000675959e-03
1.070000000000000000e+02	4.017551499999999498e-02	2.079932707079591107e-03	4.476719717499967957e-03
1.080000000000000000e+02	4.014728500000000477e-02	2.088520681892061873e-03	4.317256080942598329e-03
1.090000000000000000e+02	4.041786499999999727e-02	2.096796565188779188e-03	4.157142017709127522e-03
1.100000000000000000e+02	4.055582500000000368e-02	2.104759110146492505e-03	3.996401650171726473e-03
1.110000000000000000e+02	4.111982499999999874e-02	2.112407117148696299e-03	3.835059195059963878e-03
1.120000000000000000e+02	4.140413499999999469e-02	2.119739433966363537e-03	3.673138959812363973e-03
1.130000000000000000e+02	4.117481500000000350e-02	2.126754955931537718e-03	3.510665338914320706e-03
1.140000000000000000e+02	4.076250500000000443e-02	2.133452626103757473e-03	3.347662810222879620e-03
1.150000000000000000e+02	4.036442499999999545e-02	2.139831435429292907e-03	3.184155931278982027e-03
1.160000000000000000e+02	4.023859500000000200e-02	2.145890422893169391e-03	3.020169335607668457e-03
1.170000000000000000e+02	4.033093499999999831e-02	2.151628675663948883e-03	2.855727729006865903e-03
1.180000000000000000e+02	4.051872500000000543e-02	2.157045329231255335e-03	2.690855885825284028e-03
1.190000000000000000e+02	4.013632500000000047e-02	2.162139567536020338e-03	2.525578645229958549e-03
1.200000000000000000e+02	4.000863500000000073e-02	2.166910623093428606e-03	2.359920907464055015e-03
1.210000000000000000e+02	3.963128500000000221e-02	2.171357777108543809e-03	2.193907630095471607e-03
1.220000000000000000e+02	3.924763500000000294e-02	2.175480359584602147e-03	2.027563824256776136e-03
1.230000000000000000e+02	3.871651499999999302e-02	2.179277749423951145e-03	1.860914550877108874e-03
1.240000000000000000e+02	3.841205500000000050e-02	2.182749374521623237e-03	1.693984916906558433e-03
1.250000000000000000e+02	3.847926499999999861e-02	2.185894711851526367e-03	1.526800071533627144e-03
1.260000000000000000e+02	3.910531500000000160e-02	2.188713287545244243e-03	1.359385202396300521e-03
1.270000000000000000e+02	3.881744500000000597e-02	2.191204676963425836e-03	1.191765531787351579e-03
1.280000000000000000e+02	3.871394499999999961e-02	2.193368504759761559e-03	1.023966312854424510e-03
1.290000000000000000e+02	3.849220500000000156e-02	2.195204444937531342e-03	8.560128257954418641e-04
1.300000000000000000e+02	3.861928500000000319e-02	2.196712220898718992e-03	6.879303740499649470e-04
1.310000000000000000e+02	3.951244499999999327e-02	2.197891605485683721e-03	5.197442804870513805e-04
1.320000000000000000e+02	4.032256500000000465e-02	2.198742421015382337e-03	3.514798835901586415e-04
1.330000000000000000e+02	4.078285499999999286e-02	2.199264539306139930e-03	1.831625336397229924e-04
1.340000000000000000e+02	4.041398499999999949e-02	2.199457881696960816e-03	1.481758889396025548e-05
1.350000000000000000e+02	4.029845499999999692e-02	2.199322419059377559e-03	-1.535295882315620790e-04
1.360000000000000000e+02	3.973560499999999329e-02	2.198858171801842867e-03	-3.218536349849488820e-04
1.370000000000000000e+02	3.975549500000000180e-02	2.198065209866651749e-03	-4.901291920990704385e-04
1.380000000000000000e+02	3.970060499999999992e-02	2.196943652719406115e-03	-6.583309076121118169e-04
1.390000000000000000e+02	3.993251500000000176e-02	2.195493669331016143e-03	-8.264334406870526119e-04
1.400000000000000000e+02	4.065377500000000310e-02	2.193715478152241920e-03	-9.944114654294431994e-04
1.410000000000000000e+02	4.100422500000000525e-02	2.191609347080784431e-03	-1.162239674702928967e-03
1.420000000000000000e+02	4.079642499999999727e-02	2.189175593420924180e-03	-1.329892783941977142e-03
1.430000000000000000e+02	4.045473500000000555e-02	2.186414583835715689e-03	-1.497345534961174937e-03
1.440000000000000000e+02	3.962149499999999269e-02	2.183326734291748256e-03	-1.664572699760553552e-03
1.450000000000000000e+02	3.877801499999999901e-02	2.179912509996477336e-03	-1.831549084326391814e-03
1.460000000000000000e+02	3.869286499999999296e-02	2.176172425328136949e-03	-1.998249532426869205e-03
1.470000000000000000e+02	3.834458500000000047e-02	2.172107043758245669e-03	-2.164648929402045261e-03
1.480000000000000000e+02	3.804609500000000200e-02	2.167716977766714469e-03	-2.330722205947556667e-03
1.490000000000000000e+02	3.842152499999999804e-02	2.163002888749573308e-03	-2.496444341891513805e-03
1.500000000000000000e+02	3.840637499999999260e-02	2.157965486919326010e-03	-2.661790369963964228e-03
1.510000000000000000e+02	3.823590500000000059e-02	2.152605531197951221e-03	-2.826735379558389851e-03
1.520000000000000000e+02	3.838223500000000066e-02	2.146923829102565916e-03	-2.991254520484691419e-03
1.530000000000000000e+02	3.847530500000000131e-02	2.140921236623766644e-03	-3.155323006713045726e-03
1.540000000000000000e+02	3.859590499999999980e-02	2.134598658096668877e-03	-3.318916120108097393e-03
1.550000000000000000e+02	3.836577500000000474e-02	2.127957046064660532e-03	-3.482009214152945262e-03
1.560000000000000000e+02	3.744679500000000494e-02	2.120997401135895667e-03	-3.644577717662314965e-03
1.570000000000000000e+02	3.681957499999999328e-02	2.113720771832545281e-03	-3.806597138484381186e-03
1.580000000000000000e+02	3.715512499999999718e-02	2.106128254432829052e-03	-3.968043067190710552e-03
1.590000000000000000e+02	3.736730500000000343e-02	2.098220992805853620e-03	-4.128891180753711462e-03
1.600000000000000000e+02	3.776613500000000623e-02	2.090000178239279083e-03	-4.289117246211083048e-03
1.610000000000000000e+02	3.774952500000000599e-02	2.081467049259844507e-03	-4.448697124316682537e-03
1.620000000000000000e+02	3.760264500000000398e-02	2.072622891446773263e-03	-4.607606773177294092e-03
1.630000000000000000e+02	3.771158500000000580e-02	2.063469037238090716e-03	-4.765822251874713214e-03
1.640000000000000000e+02	3.777046500000000306e-02	2.054006865729883329e-03	-4.923319724072623693e-03
1.650000000000000000e+02	3.674746499999999305e-02	2.044237802468527789e-03	-5.080075461607714594e-03
1.660000000000000000e+02	3.561063500000000159e-02	2.034163319235921842e-03	-5.236065848064502121e-03
1.670000000000000000e+02	3.504684499999999314e-02	2.023784933827748028e-03	-5.391267382333343738e-03
1.680000000000000000e+02	3.508900500000000644e-02	2.013104209824808505e-03	-5.545656682151018334e-03
1.690000000000000000e+02	3.550384500000000609e-02	2.002122756357458712e-03	-5.699210487623449992e-03
1.700000000000000000e+02	3.523061499999999291e-02	1.990842227863179326e-03	-5.851905664730008144e-03
1.710000000000000000e+02	3.429002500000000175e-02	1.979264323837325121e-03	-6.003719208808782140e-03
1.720000000000000000e+02	3.358799499999999549e-02	1.967390788577082390e-03	-6.154628248022420839e-03
1.730000000000000000e+02	3.313984500000000111e-02	1.955223410918675679e-03	-6.304610046803962170e-03
1.740000000000000000e+02	3.257594499999999504e-02	1.942764023967869609e-03	-6.453642009282080198e-03
1.750000000000000000e+02	3.261046500000000514e-02	1.930014504823796342e-03	-6.601701682685341167e-03
1.760000000000000000e+02	3.291534499999999863e-02	1.916976774296155111e-03	-6.748766760724893461e-03
1.770000000000000000e+02	3.233811500000000061e-02	1.903652796615831711e-03	-6.894815086955037239e-03
1.780000000000000000e+02	3.176301499999999861e-02	1.890044579138968131e-03	-7.039824658111303382e-03
1.790000000000000000e+02	3.108175499999999911e-02	1.876154172044542994e-03	-7.183773627425367805e-03
1.800000000000000000e+02	3.062656499999999796e-02	1.861983668025495595e-03	-7.326640307916447263e-03
1.810000000000000000e+02	3.068991499999999817e-02	1.847535201973445323e-03	-7.468403175658619789e-03
1.820000000000000000e+02	3.101230500000000043e-02	1.832810950657055285e-03	-7.609040873023533748e-03
1.830000000000000000e+02	3.074509500000000006e-02	1.817813132394087384e-03	-7.748532211898104781e-03
1.840000000000000000e+02	3.095820499999999906e-02	1.802544006717192232e-03	-7.886856176876681085e-03
1.850000000000000000e+02	3.051210500000000117e-02	1.787005874033497851e-03	-8.023991928427136669e-03
1.860000000000000000e+02	3.016865499999999908e-02	1.771201075278035567e-03	-8.159918806030523955e-03
1.870000000000000000e+02	2.992502500000000093e-02	1.755131991561057056e-03	-8.294616331293736683e-03
1.880000000000000000e+02	3.013201499999999811e-02	1.738801043809308283e-03	-8.428064211034716480e-03
1.890000000000000000e+02	3.010948499999999833e-02	1.722210692401294563e-03	-8.560242340339772882e-03
1.900000000000000000e+02	2.995633500000000060e-02	1.705363436796606801e-03	-8.691130805592563180e-03
1.910000000000000000e+02	2.894528500000000115e-02	1.688261815159361381e-03	-8.820709887474192587e-03
1.920000000000000000e+02	2.833430500000000060e-02	1.670908403975806611e-03	-8.948960063934089521e-03
1.930000000000000000e+02	2.780597500000000014e-02	1.653305817666151463e-03	-9.075862013131161601e-03
1.940000000000000000e+02	2.766206499999999957e-02	1.635456708190690962e-03	-9.201396616344750118e-03
1.950000000000000000e+02	2.789938499999999877e-02	1.617363764650264031e-03	-9.325544960855018661e-03
1.960000000000000000e+02	2.818509500000000029e-02	1.599029712881119879e-03	-9.448288342792309294e-03
1.970000000000000000e+02	2.764629499999999782e-02	1.580457315044254095e-03	-9.569608269954987465e-03
1.980000000000000000e+02	2.650428499999999896e-02	1.561649369209266482e-03	-9.689486464595449544e-03
1.990000000000000000e+02	2.531105499999999897e-02	1.542608708932809375e-03	-9.807904866173812464e-03
2.000000000000000000e+02	2.395623499999999934e-02	1.523338202831695833e-03	-9.924845634078836160e-03
2.010000000000000000e+02	2.341972499999999888e-02	1.503840754150715829e-03	-1.004029115031577872e-02
2.020000000000000000e+02	2.271561499999999803e-02	1.484119300325245899e-03	-1.015422402216064994e-02
2.030000000000000000e+02	2.231762500000000066e-02	1.464176812538700361e-03	-1.026662708478056144e-02
2.040000000000000000e+02	2.225406499999999996e-02	1.444016295274897855e-03	-1.037748340381976220e-02
2.050000000000000000e+02	2.203619499999999801e-02	1.423640785865419285e-03	-1.048677627795087906e-02
2.060000000000000000e+02	2.137030499999999916e-02	1.403053354032007512e-03	-1.059448924139112964e-02
2.070000000000000000e+02	2.077925499999999995e-02	1.382257101424089847e-03	-1.070060606638301506e-02
2.080000000000000000e+02	2.040622500000000006e-02	1.361255161151495160e-03	-1.080511076563912473e-02
2.090000000000000000e+02	2.015777499999999930e-02	1.340050697312426299e-03	-1.090798759475076346e-02
2.100000000000000000e+02	2.016066500000000122e-02	1.318646904516762846e-03	-1.100922105455996204e-02
2.110000000000000000e+02	1.994633499999999907e-02	1.297047007404772715e-03	-1.110879589349453647e-02
2.120000000000000000e+02	1.947349500000000039e-02	1.275254260161294822e-03	-1.120669710986583328e-02
2.130000000000000000e+02	1.868807499999999844e-02	1.253271946025470880e-03	-1.130290995412888688e-02
2.140000000000000000e+02	1.876159499999999897e-02	1.231103376796103101e-03	-1.139741993110450317e-02
2.150000000000000000e+02	1.929391499999999829e-02	1.208751892332706520e-03	-1.149021280216308907e-02
2.160000000000000000e+02	1.952646499999999979e-02	1.186220860052331636e-03	-1.158127458736981329e-02
2.170000000000000000e+02	1.964386499999999994e-02	1.163513674422243229e-03	-1.167059156759077052e-02
2.180000000000000000e+02	1.926668499999999867e-02	1.140633756448514993e-03	-1.175815028655987499e-02
2.190000000000000000e+02	1.850474499999999953e-02	1.117584553160628656e-03	-1.184393755290616412e-02
2.200000000000000000e+02	1.737408500000000092e-02	1.094369537092157408e-03	-1.192794044214114633e-02
2.210000000000000000e+02	1.645769499999999788e-02	1.070992205757600405e-03	-1.201014629860599515e-02
2.220000000000000000e+02	1.615445499999999812e-02	1.047456081125454222e-03	-1.209054273737821331e-02
2.230000000000000000e+02	1.595033499999999951e-02	1.023764709087607999e-03	-1.216911764613750647e-02
2.240000000000000000e+02	1.546899499999999927e-02	9.999216589251212501e-04	-1.224585918699059792e-02
2.250000000000000000e+02	1.502111499999999981e-02	9.759305227704920043e-04	-1.232075579825470113e-02
2.260000000000000000e+02	1.383140499999999974e-02	9.517949150664713285e-04	-1.239379619619935397e-02
2.270000000000000000e+02	1.331213499999999925e-02	9.275184720215200749e-04	-1.246496937674643028e-02
2.280000000000000000e+02	1.269413499999999875e-02	9.031048510619903635e-04	-1.253426461712794406e-02
2.290000000000000000e+02	1.172695499999999898e-02	8.785577302811060658e-04	-1.260167147750154530e-02
2.300000000000000000e+02	1.113003499999999993e-02	8.538808078848270739e-04	-1.266717980252335569e-02
2.310000000000000000e+02	1.115757499999999944e-02	8.290778016346934173e-04	-1.273077972287793222e-02
2.320000000000000000e+02	1.080392499999999895e-02	8.041524482877127587e-04	-1.279246165676515938e-02
2.330000000000000000e+02	1.032799499999999954e-02	7.791085030333892844e-04	-1.285221631134382883e-02
2.340000000000000000e+02	9.252395000000000064e-03	7.539497389279802876e-04	-1.291003468413166357e-02
2.350000000000000000e+02	8.854404999999999221e-03	7.286799463260559091e-04	-1.296590806436160627e-02
2.360000000000000000e+02	8.552698999999998677e-03	7.033029323094503946e-04	-1.301982803429417405e-02
2.370000000000000000e+02	8.673713999999999036e-03	6.778225201137029910e-04	-1.307178647048564020e-02
2.380000000000000000e+02	8.244191999999999146e-03	6.522425485520558100e-04	-1.312177554501190065e-02
2.390000000000000000e+02	7.675038999999999820e-03	6.265668714371061283e-04	-1.316978772664780147e-02
2.400000000000000000e+02	7.272088999999999810e-03	6.007993570002058241e-04	-1.321581578200177985e-02
2.410000000000000000e+02	6.780338999999999811e-03	5.749438873086811343e-04	-1.325985277660562262e-02
2.420000000000000000e+02	6.849644999999999692e-03	5.490043576809672731e-04	-1.330189207595920513e-02
2.430000000000000000e+02	6.437201999999999508e-03	5.229846760997558172e-04	-1.334192734653001471e-02
2.440000000000000000e+02	6.048297999999999695e-03	4.968887626232252209e-04	-1.337995255670735260e-02
2.450000000000000000e+02	5.179298999999999188e-03	4.707205487944519863e-04	-1.341596197771104115e-02
2.460000000000000000e+02	4.067237999999999062e-03	4.444839770491009335e-04	-1.344995018445450420e-02
2.470000000000000000e+02	3.759864999999999388e-03	4.181830001214608154e-04	-1.348191205636209596e-02
2.480000000000000000e+02	3.008787999999999654e-03	3.918215804489420459e-04	-1.351184277814055854e-02
2.490000000000000000e+02	2.463368999999999542e-03	3.654036895751032205e-04	-1.353973784050447292e-02
2.500000000000000000e+02	1.997416999999999596e-03	3.389333075513056869e-04	-1.356559304085563043e-02
2.510000000000000000e+02	2.181898999999999297e-03	3.124144223370951541e-04	-1.358940448391617040e-02
2.520000000000000000e+02	2.386318999999999593e-03	2.858510291993828184e-04	-1.361116858231543880e-02
2.530000000000000000e+02	1.715103999999999414e-03	2.592471301105262957e-04	-1.363088205713045530e-02
2.540000000000000000e+02	5.346463999999995437e-04	2.326067331454081543e-04	-1.364854193837990518e-02
2.550000000000000000e+02	-8.021570000000003905e-04	2.059338518775870482e-04	-1.366414556547158529e-02
2.560000000000000000e+02	-1.531768000000000626e-03	1.792325047746199513e-04	-1.367769058760324487e-02
2.570000000000000000e+02	-2.033821000000000326e-03	1.525067145926561863e-04	-1.368917496411675705e-02
2.580000000000000000e+02	-1.938607000000000611e-03	1.257605077703763798e-04	-1.369859696480554834e-02
2.590000000000000000e+02	-2.089538000000000593e-03	9.899791382237662979e-05	-1.370595517017527548e-02
2.600000000000000000e+02	-2.262662000000000354e-03	7.222296473209812275e-05	-1.371124847165767525e-02
2.610000000000000000e+02	-2.605271000000000583e-03	4.543969434437588982e-05	-1.371447607177759230e-02
2.620000000000000000e+02	-3.116994000000000535e-03	1.865213775770731419e-05	-1.371563748427310353e-02
2.630000000000000000e+02	-4.394949000000000425e-03	-8.135669283659630665e-06	-1.371473253416879978e-02
2.640000000000000000e+02	-4.650257000000000522e-03	-3.491969099774410644e-05	-1.371176135780212760e-02
2.650000000000000000e+02	-4.966969000000000765e-03	-6.169589217285584119e-05	-1.370672440280286744e-02
2.660000000000000000e+02	-5.354888000000000356e-03	-8.846023877552390622e-05	-1.369962242802567551e-02
2.670000000000000000e+02	-5.662711000000000827e-03	-1.152086985582567030e-04	-1.369045650343577239e-02
2.680000000000000000e+02	-6.690972000000000759e-03	-1.419372416670328953e-04	-1.367922800994773695e-02
2.690000000000000000e+02	-6.975772000000000743e-03	-1.686418412484220791e-04	-1.366593863921746442e-02
2.700000000000000000e+02	-7.187266000000001182e-03	-1.953184740562677812e-04	-1.365059039338730254e-02
2.710000000000000000e+02	-7.194291000000000227e-03	-2.219631210578127431e-04	-1.363318558478441959e-02
2.720000000000000000e+02	-6.995209000000000496e-03	-2.485717680391988111e-04	-1.361372683557242683e-02
2.730000000000000000e+02	-7.184895999999999644e-03	-2.751404062102410066e-04	-1.359221707735634027e-02
2.740000000000000000e+02	-7.866665000000000116e-03	-3.016650328083757054e-04	-1.356865955074090108e-02
2.750000000000000000e+02	-9.602245000000000572e-03	-3.281416517017095801e-04	-1.354305780484236880e-02
2.760000000000000000e+02	-1.026763500000000065e-02	-3.545662739910690974e-04	-1.351541569675380507e-02
2.770000000000000000e+02	-1.072440500000000109e-02	-3.809349186109523152e-04	-1.348573739096398279e-02
2.780000000000000000e+02	-1.056308499999999984e-02	-4.072436129293086570e-04	-1.345402735872997836e-02
2.790000000000000000e+02	-1.061407500000000059e-02	-4.334883933460484352e-04	-1.342029037740353342e-02
2.800000000000000000e+02	-1.106223500000000012e-02	-4.596653058901827558e-04	-1.338453152971131807e-02
2.810000000000000000e+02	-1.237806500000000060e-02	-4.857704068155215427e-04	-1.334675620298917884e-02
2.820000000000000000e+02	-1.307908500000000071e-02	-5.117997631948310736e-04	-1.330697008837049972e-02
2.830000000000000000e+02	-1.411462500000000043e-02	-5.377494535123527979e-04	-1.326517917992878215e-02
2.840000000000000000e+02	-1.502036500000000080e-02	-5.636155682546119348e-04	-1.322138977377460348e-02
2.850000000000000000e+02	-1.543767500000000140e-02	-5.893942104994169713e-04	-1.317560846710705280e-02
2.860000000000000000e+02	-1.574357499999999924e-02	-6.150814965029550302e-04	-1.312784215721982464e-02
2.870000000000000000e+02	-1.637438500000000172e-02	-6.406735562849087857e-04	-1.307809804046207273e-02
2.880000000000000000e+02	-1.658376500000000031e-02	-6.661665342115011441e-04	-1.302638361115424602e-02
2.890000000000000000e+02	-1.680954500000000212e-02	-6.915565895763692425e-04	-1.297270666045900051e-02
2.900000000000000000e+02	-1.763821499999999876e-02	-7.168398971791979440e-04	-1.291707527520741250e-02
2.910000000000000000e+02	-1.804194500000000020e-02	-7.420126479020175284e-04	-1.285949783668062334e-02
2.920000000000000000e+02	-1.865878500000000065e-02	-7.670710492830697331e-04	-1.279998301934715497e-02
2.930000000000000000e+02	-1.885541500000000037e-02	-7.920113260881766603e-04	-1.273853978955602310e-02
2.940000000000000000e+02	-1.908977499999999980e-02	-8.168297208795020697e-04	-1.267517740418589584e-02
2.950000000000000000e+02	-1.815340500000000093e-02	-8.415224945816398953e-04	-1.260990540925047837e-02
2.960000000000000000e+02	-1.787647499999999931e-02	-8.660859270449363127e-04	-1.254273363846032316e-02
2.970000000000000000e+02	-1.884491500000000028e-02	-8.905163176059525476e-04	-1.247367221174133095e-02
2.980000000000000000e+02	-1.980479500000000004e-02	-9.148099856449999059e-04	-1.240273153371008498e-02
2.990000000000000000e+02	-2.027407499999999904e-02	-9.389632711406554078e-04	-1.232992229210633055e-02
3.000000000000000000e+02	-2.035089500000000079e-02	-9.629725352211655461e-04	-1.225525545618278735e-02
3.010000000000000000e+02	-1.986693499999999876e-02	-9.868341607126719216e-04	-1.217874227505255300e-02
3.020000000000000000e+02	-2.061711500000000183e-02	-1.010544552684168335e-03	-1.210039427599432504e-02
3.030000000000000000e+02	-2.105146500000000184e-02	-1.034100138989098696e-03	-1.202022326271574848e-02
3.040000000000000000e+02	-2.211598500000000120e-02	-1.057497370803528848e-03	-1.193824131357509866e-02
3.050000000000000000e+02	-2.298239499999999921e-02	-1.080732723160807325e-03	-1.185446077976156677e-02
3.060000000000000000e+02	-2.294436500000000129e-02	-1.103802695482622312e-03	-1.176889428343448965e-02
3.070000000000000000e+02	-2.283741499999999980e-02	-1.126703812106391199e-03	-1.168155471582171291e-02
3.080000000000000000e+02	-2.337608500000000131e-02	-1.149432622808898566e-03	-1.159245523527742232e-02
3.090000000000000000e+02	-2.381620500000000001e-02	-1.171985703326092415e-03	-1.150160926529976077e-02
3.100000000000000000e+02	-2.516744500000000009e-02	-1.194359655868978140e-03	-1.140903049250847033e-02
3.110000000000000000e+02	-2.636267500000000208e-02	-1.216551109635521976e-03	-1.131473286458288541e-02
3.120000000000000000e+02	-2.718150500000000164e-02	-1.238556721318483924e-03	-1.121873058816064313e-02
3.130000000000000000e+02	-2.759795500000000040e-02	-1.260373175609112283e-03	-1.112103812669732253e-02
3.140000000000000000e+02	-2.765221500000000082e-02	-1.281997185696623657e-03	-1.102167019828742198e-02
3.150000000000000000e+02	-2.710834499999999897e-02	-1.303425493763379558e-03	-1.092064177344698010e-02
3.160000000000000000e+02	-2.674409499999999898e-02	-1.324654871475706031e-03	-1.081796807285814385e-02
3.170000000000000000e+02	-2.667252499999999901e-02	-1.345682120470261976e-03	-1.071366456507606181e-02
3.180000000000000000e+02	-2.761473500000000136e-02	-1.366504072835897842e-03	-1.060774696419844801e-02
3.190000000000000000e+02	-2.879754500000000078e-02	-1.387117591590927282e-03	-1.050023122749810592e-02
3.200000000000000000e+02	-2.943658500000000122e-02	-1.407519571155732389e-03	-1.039113355301887059e-02
3.210000000000000000e+02	-2.916041500000000203e-02	-1.427706937820645084e-03	-1.028047037713525867e-02
3.220000000000000000e+02	-2.865633500000000153e-02	-1.447676650209025031e-03	-1.016825837207616795e-02
3.230000000000000000e+02	-2.862117500000000217e-02	-1.467425699735463215e-03	-1.005451444341313137e-02
3.240000000000000000e+02	-2.899301500000000045e-02	-1.486951111059047403e-03	-9.939255727513342242e-03
3.250000000000000000e+02	-2.902958500000000011e-02	-1.506249942531624449e-03	-9.822499588957919053e-03
3.260000000000000000e+02	-2.933705500000000077e-02	-1.525319286640974001e-03	-9.704263617925836666e-03
3.270000000000000000e+02	-2.976849499999999898e-02	-1.544156270448853504e-03	-9.584565627543801397e-03
3.280000000000000000e+02	-2.996484500000000037e-02	-1.562758056023820594e-03	-9.463423651202612988e-03
3.290000000000000000e+02	-2.983162500000000050e-02	-1.581121840868796903e-03	-9.340855939840251101e-03
3.300000000000000000e+02	-3.049691499999999944e-02	-1.599244858343279799e-03	-9.216880959192255349e-03
3.310000000000000000e+02	-3.162167500000000186e-02	-1.617124378080155023e-03	-9.091517387009763126e-03
3.320000000000000000e+02	-3.314351499999999839e-02	-1.634757706397054486e-03	-8.964784110245494972e-03
3.330000000000000000e+02	-3.341925499999999494e-02	-1.652142186702172709e-03	-8.836700222208351829e-03
3.340000000000000000e+02	-3.341632499999999673e-02	-1.669275199894502655e-03	-8.707285019686865357e-03
3.350000000000000000e+02	-3.327932499999999849e-02	-1.686154164758428293e-03	-8.576558000041950569e-03
3.360000000000000000e+02	-3.317146499999999720e-02	-1.702776538352598857e-03	-8.444538858269507245e-03
3.370000000000000000e+02	-3.340213499999999947e-02	-1.719139816393040580e-03	-8.311247484033255223e-03
3.380000000000000000e+02	-3.389311500000000144e-02	-1.735241533630451239e-03	-8.176703958668155720e-03
3.390000000000000000e+02	-3.487867499999999787e-02	-1.751079264221605102e-03	-8.040928552155024098e-03
3.400000000000000000e+02	-3.573737500000000178e-02	-1.766650622094821004e-03	-7.903941720066752150e-03
3.410000000000000000e+02	-3.604435500000000014e-02	-1.781953261309448438e-03	-7.765764100486447809e-03
3.420000000000000000e+02	-3.600869500000000722e-02	-1.796984876409297299e-03	-7.626416510898204396e-03
3.430000000000000000e+02	-3.559745500000000007e-02	-1.811743202769969642e-03	-7.485919945050806441e-03
3.440000000000000000e+02	-3.510070499999999594e-02	-1.826226016940046826e-03	-7.344295569794811844e-03
3.450000000000000000e+02	-3.567587499999999578e-02	-1.840431136976068303e-03	-7.201564721893635723e-03
3.460000000000000000e+02	-3.617461500000000718e-02	-1.854356422771251530e-03	-7.057748904809042767e-03
3.470000000000000000e+02	-3.605042499999999706e-02	-1.867999776377923934e-03	-6.912869785461430577e-03
3.480000000000000000e+02	-3.576158499999999851e-02	-1.881359142323589095e-03	-6.766949190965572750e-03
3.490000000000000000e+02	-3.567917500000000741e-02	-1.894432507920597222e-03	-6.620009105342235418e-03
3.500000000000000000e+02	-3.548285499999999371e-02	-1.907217903569377419e-03	-6.472071666206061918e-03
3.510000000000000000e+02	-3.559045500000000695e-02	-1.919713403055167125e-03	-6.323159161430415981e-03
3.520000000000000000e+02	-3.577149500000000037e-02	-1.931917123838214432e-03	-6.173294025789526941e-03
3.530000000000000000e+02	-3.620939500000000533e-02	-1.943827227337391935e-03	-6.022498837578565793e-03
3.540000000000000000e+02	-3.705053499999999556e-02	-1.955441919207197808e-03	-5.870796315211997303e-03
3.550000000000000000e+02	-3.712437500000000112e-02	-1.966759449608085786e-03	-5.718209313800909875e-03
3.560000000000000000e+02	-3.732194499999999526e-02	-1.977778113470087841e-03	-5.564760821709761190e-03
3.570000000000000000e+02	-3.728281499999999693e-02	-1.988496250749701572e-03	-5.410473957092939469e-03
3.580000000000000000e+02	-3.749058500000000682e-02	-1.998912246679983989e-03	-5.255371964411877615e-03
3.590000000000000000e+02	-3.773247500000000143e-02	-2.009024532013827836e-03	-5.099478210933135712e-03
3.600000000000000000e+02	-3.793050500000000325e-02	-2.018831583260383145e-03	-4.942816183207882942e-03
3.610000000000000000e+02	-3.890219500000000052e-02	-2.028331922914581968e-03	-4.785409483533504919e-03
3.620000000000000000e+02	-3.889953499999999897e-02	-2.037524119679731596e-03	-4.627281826397780518e-03
3.630000000000000000e+02	-3.921752500000000308e-02	-2.046406788683155856e-03	-4.468457034906043665e-03
3.640000000000000000e+02	-3.937509499999999885e-02	-2.054978591684831612e-03	-4.308959037192098586e-03
3.650000000000000000e+02	-3.938478500000000548e-02	-2.063238237279006997e-03	-4.148811862813295281e-03
3.660000000000000000e+02	-4.039568500000000062e-02	-2.071184481088761496e-03	-3.988039639130235361e-03
3.670000000000000000e+02	-4.118889500000000314e-02	-2.078816125953479241e-03	-3.826666587671834208e-03
3.680000000000000000e+02	-4.133884499999999906e-02	-2.086132022109209519e-03	-3.664717020486210446e-03
3.690000000000000000e+02	-4.096043500000000337e-02	-2.093131067361891483e-03	-3.502215336477819928e-03
3.700000000000000000e+02	-3.950758499999999784e-02	-2.099812207253402320e-03	-3.339186017731615285e-03
3.710000000000000000e+02	-3.895155499999999882e-02	-2.106174435220421921e-03	-3.175653625824675572e-03
3.720000000000000000e+02	-3.892501500000000725e-02	-2.112216792746079812e-03	-3.011642798125750090e-03
3.730000000000000000e+02	-3.938226499999999963e-02	-2.117938369504362203e-03	-2.847178244083492255e-03
3.740000000000000000e+02	-3.915411500000000322e-02	-2.123338303497257929e-03	-2.682284741503831484e-03
3.750000000000000000e+02	-3.914149499999999837e-02	-2.128415781184626789e-03	-2.516987132816944119e-03
3.760000000000000000e+02	-3.917288500000000451e-02	-2.133170037606764696e-03	-2.351310321334590565e-03
3.770000000000000000e+02	-3.885511499999999563e-02	-2.137600356499649162e-03	-2.185279267498283114e-03
3.780000000000000000e+02	-3.848782500000000328e-02	-2.141706070402853417e-03	-2.018918985118739375e-03
3.790000000000000000e+02	-3.713533500000000542e-02	-2.145486560760100948e-03	-1.852254537607398712e-03
3.800000000000000000e+02	-3.713765500000000552e-02	-2.148941258012454850e-03	-1.685311034200473717e-03
3.810000000000000000e+02	-3.731872499999999704e-02	-2.152069641684130688e-03	-1.518113626175981697e-03
3.820000000000000000e+02	-3.772298500000000054e-02	-2.154871240460905571e-03	-1.350687503064555879e-03
3.830000000000000000e+02	-3.803554500000000393e-02	-2.157345632261127317e-03	-1.183057888854491474e-03
3.840000000000000000e+02	-3.807867500000000627e-02	-2.159492444299303347e-03	-1.015250038191491296e-03
3.850000000000000000e+02	-3.859124499999999625e-02	-2.161311353142264090e-03	-8.472892325739034801e-04
3.860000000000000000e+02	-3.973151499999999503e-02	-2.162802084757890504e-03	-6.792007765439116683e-04
3.870000000000000000e+02	-4.000469500000000678e-02	-2.163964414556398749e-03	-5.110099938751452549e-04
3.880000000000000000e+02	-4.030576500000000728e-02	-2.164798167424176415e-03	-3.427422237575012353e-04
3.890000000000000000e+02	-4.013991499999999824e-02	-2.165303217750165488e-03	-1.744228169796440699e-04
3.900000000000000000e+02	-4.018945499999999893e-02	-2.165479489444784716e-03	-6.077132109647544112e-06
3.910000000000000000e+02	-4.012340500000000088e-02	-2.165326955951394836e-03	1.622694683254247605e-04
3.920000000000000000e+02	-4.026931499999999997e-02	-2.164845640250298835e-03	3.305916216605360707e-04
3.930000000000000000e+02	-4.045710500000000709e-02	-2.164035614855280756e-03	4.988639689138231947e-04
3.940000000000000000e+02	-4.103283500000000361e-02	-2.162897001802678229e-03	6.670611586070790107e-04
3.950000000000000000e+02	-4.140413499999999469e-02	-2.161429972633000050e-03	8.351578505851040869e-04
3.960000000000000000e+02	-4.135785499999999892e-02	-2.159634748365081396e-03	1.003128719833462201e-03
3.970000000000000000e+02	-4.086205499999999435e-02	-2.157511599462783210e-03	1.170948460293833428e-03
3.980000000000000000e+02	-4.016976499999999617e-02	-2.155060845794248316e-03	1.338591788676583762e-03
3.990000000000000000e+02	-4.015302499999999497e-02	-2.152282856583709499e-03	1.506033448269831349e-03
4.000000000000000000e+02	-3.964788499999999383e-02	-2.149178050355862128e-03	1.673248212744631383e-03
4.010000000000000000e+02	-3.841618500000000547e-02	-2.145746894872812161e-03	1.840210889955473141e-03
4.020000000000000000e+02	-3.838509499999999408e-02	-2.141989907063603007e-03	2.006896325735625739e-03
4.030000000000000000e+02	-3.789898499999999615e-02	-2.137907652946336844e-03	2.173279407686876195e-03
4.040000000000000000e+02	-3.785211500000000562e-02	-2.133500747542898656e-03	2.339335068962858540e-03
4.050000000000000000e+02	-3.719296499999999450e-02	-2.128769854786301610e-03	2.505038292045526447e-03
4.060000000000000000e+02	-3.648729500000000292e-02	-2.123715687420656834e-03	2.670364112514300552e-03
4.070000000000000000e+02	-3.651963499999999474e-02	-2.118339006893795329e-03	2.835287622807105504e-03
4.080000000000000000e+02	-3.691900500000000473e-02	-2.112640623242551148e-03	2.999783975972844432e-03
4.090000000000000000e+02	-3.656412500000000287e-02	-2.106621394970720120e-03	3.163828389414849365e-03
4.100000000000000000e+02	-3.647753500000000537e-02	-2.100282228919723212e-03	3.327396148624525707e-03
4.110000000000000000e+02	-3.678410499999999750e-02	-2.093624080131982739e-03	3.490462610904741889e-03
4.120000000000000000e+02	-3.697438499999999850e-02	-2.086647951707037898e-03	3.653003209082505368e-03
4.130000000000000000e+02	-3.714654500000000303e-02	-2.079354894650419557e-03	3.814993455210154757e-03
4.140000000000000000e+02	-3.707195500000000365e-02	-2.071746007715311640e-03	3.976408944254613588e-03
4.150000000000000000e+02	-3.626037499999999747e-02	-2.063822437237012100e-03	4.137225357774263791e-03
4.160000000000000000e+02	-3.641006500000000534e-02	-2.055585376960230790e-03	4.297418467582659989e-03
4.170000000000000000e+02	-3.645837500000000120e-02	-2.047036067859243740e-03	4.456964139398653969e-03
4.180000000000000000e+02	-3.713127500000000525e-02	-2.038175797950929433e-03	4.615838336482472673e-03
4.190000000000000000e+02	-3.726052500000000267e-02	-2.029005902100719169e-03	4.774017123256992477e-03
4.200000000000000000e+02	-3.714761499999999494e-02	-2.019527761821494037e-03	4.931476668913785215e-03
4.210000000000000000e+02	-3.699559500000000611e-02	-2.009742805065443689e-03	5.088193251003466679e-03
4.220000000000000000e+02	-3.650478499999999793e-02	-1.999652506008936775e-03	5.244143259009632040e-03
4.230000000000000000e+02	-3.574111500000000385e-02	-1.989258384830429934e-03	5.399303197905915876e-03
4.240000000000000000e+02	-3.479782500000000445e-02	-1.978562007481434858e-03	5.553649691695763946e-03
4.250000000000000000e+02	-3.428671499999999539e-02	-1.967564985450598065e-03	5.707159486934166442e-03
4.260000000000000000e+02	-3.385248500000000160e-02	-1.956268975520923312e-03	5.859809456230925979e-03
4.270000000000000000e+02	-3.349939500000000125e-02	-1.944675679520156599e-03	6.011576601735040513e-03
4.280000000000000000e+02	-3.272618500000000485e-02	-1.932786844064398159e-03	6.162438058599465675e-03
4.290000000000000000e+02	-3.226223500000000022e-02	-1.920604260294963336e-03	6.312371098425840175e-03
4.300000000000000000e+02	-3.225646499999999806e-02	-1.908129763608529218e-03	6.461353132688753623e-03
4.310000000000000000e+02	-3.236208499999999877e-02	-1.895365233380619718e-03	6.609361716138845502e-03
4.320000000000000000e+02	-3.230298500000000628e-02	-1.882312592682468992e-03	6.756374550184309456e-03
4.330000000000000000e+02	-3.112345499999999779e-02	-1.868973807991288144e-03	6.902369486250416013e-03
4.340000000000000000e+02	-3.070739500000000191e-02	-1.855350888894005245e-03	7.047324529116318244e-03
4.350000000000000000e+02	-2.971771500000000218e-02	-1.841445887784508816e-03	7.191217840228769989e-03
4.360000000000000000e+02	-2.932496500000000145e-02	-1.827260899554433802e-03	7.334027740992323831e-03
4.370000000000000000e+02	-2.970423499999999897e-02	-1.812798061277552490e-03	7.475732716035346156e-03
4.380000000000000000e+02	-2.998668499999999904e-02	-1.798059551887813082e-03	7.616311416451432108e-03
4.390000000000000000e+02	-3.118739500000000317e-02	-1.783047591851059542e-03	7.755742663015843114e-03
4.400000000000000000e+02	-3.126850500000000199e-02	-1.767764442830505999e-03	7.894005449376280056e-03
4.410000000000000000e+02	-3.102424500000000238e-02	-1.752212407346003019e-03	8.031078945217614770e-03
4.420000000000000000e+02	-3.052357500000000071e-02	-1.736393828427140176e-03	8.166942499400196495e-03
4.430000000000000000e+02	-2.980824500000000057e-02	-1.720311089260254762e-03	8.301575643071056748e-03
4.440000000000000000e+02	-2.942511500000000169e-02	-1.703966612829385012e-03	8.434958092747713368e-03
4.450000000000000000e+02	-2.987531499999999951e-02	-1.687362861551235061e-03	8.567069753373988267e-03
4.460000000000000000e+02	-2.979733500000000118e-02	-1.670502336904184596e-03	8.697890721347538781e-03
4.470000000000000000e+02	-2.884915500000000133e-02	-1.653387579051428637e-03	8.827401287518448630e-03
4.480000000000000000e+02	-2.895451500000000011e-02	-1.636021166458285180e-03	8.955581940158535009e-03
4.490000000000000000e+02	-2.840868499999999949e-02	-1.618405715503722737e-03	9.082413367900981499e-03
4.500000000000000000e+02	-2.772471500000000047e-02	-1.600543880086188015e-03	9.207876462649727811e-03
4.510000000000000000e+02	-2.756202500000000041e-02	-1.582438351223779908e-03	9.331952322458203497e-03
4.520000000000000000e+02	-2.705969500000000166e-02	-1.564091856648819681e-03	9.454622254377107252e-03
4.530000000000000000e+02	-2.617068499999999909e-02	-1.545507160396901707e-03	9.575867777270609046e-03
4.540000000000000000e+02	-2.553849500000000133e-02	-1.526687062390475911e-03	9.695670624600652432e-03
4.550000000000000000e+02	-2.472196500000000199e-02	-1.507634398017009426e-03	9.814012747178978840e-03
4.560000000000000000e+02	-2.366981500000000030e-02	-1.488352037701818308e-03	9.930876315886365616e-03
4.570000000000000000e+02	-2.254837499999999897e-02	-1.468842886475622443e-03	1.004624372435867878e-02
4.580000000000000000e+02	-2.245951499999999934e-02	-1.449109883536871561e-03	1.016009759163945259e-02
4.590000000000000000e+02	-2.237582500000000196e-02	-1.429156001808937117e-03	1.027242076479843898e-02
4.600000000000000000e+02	-2.177302500000000141e-02	-1.408984247492224692e-03	1.038319632151579741e-02
4.610000000000000000e+02	-2.161249499999999893e-02	-1.388597659611257636e-03	1.049240757263161794e-02
4.620000000000000000e+02	-2.032934500000000214e-02	-1.367999309556831074e-03	1.060003806466023636e-02
4.630000000000000000e+02	-2.013668500000000139e-02	-1.347192300623287209e-03	1.070607158226906039e-02
4.640000000000000000e+02	-2.001851500000000061e-02	-1.326179767540973950e-03	1.081049215072157205e-02
4.650000000000000000e+02	-2.058605499999999894e-02	-1.304964876003976860e-03	1.091328403828401190e-02
4.660000000000000000e+02	-2.092291500000000026e-02	-1.283550822193189455e-03	1.101443175859547277e-02
4.670000000000000000e+02	-2.087271500000000002e-02	-1.261940832294776308e-03	1.111392007300105941e-02
4.680000000000000000e+02	-2.017447500000000074e-02	-1.240138162014127379e-03	1.121173399284770486e-02
4.690000000000000000e+02	-1.920848500000000084e-02	-1.218146096085367339e-03	1.130785878174228251e-02
4.700000000000000000e+02	-1.864222500000000185e-02	-1.195967947776476695e-03	1.140227995777180758e-02
4.710000000000000000e+02	-1.854189499999999921e-02	-1.173607058390127491e-03	1.149498329568521965e-02
4.720000000000000000e+02	-1.909603500000000079e-02	-1.151066796760296480e-03	1.158595482903649818e-02
4.730000000000000000e+02	-1.932952500000000018e-02	-1.128350558744715612e-03	1.167518085228886129e-02
4.740000000000000000e+02	-1.941293499999999922e-02	-1.105461766713265867e-03	1.176264792287957418e-02
4.750000000000000000e+02	-1.936621499999999912e-02	-1.082403869032376236e-03	1.184834286324516241e-02
4.760000000000000000e+02	-1.845183499999999976e-02	-1.059180339545492044e-03	1.193225276280674221e-02
4.770000000000000000e+02	-1.693195500000000200e-02	-1.035794677049719711e-03	1.201436497991507750e-02
4.780000000000000000e+02	-1.605477500000000030e-02	-1.012250404768712817e-03	1.209466714375512057e-02
4.790000000000000000e+02	-1.578057500000000155e-02	-9.885510698218599387e-04	1.217314715620980078e-02
4.800000000000000000e+02	-1.536346499999999976e-02	-9.647002426898923554e-04	1.224979319368268288e-02
4.810000000000000000e+02	-1.460695500000000133e-02	-9.407015166769688462e-04	1.232459370887925738e-02
4.820000000000000000e+02	-1.388787500000000091e-02	-9.165585073693066588e-04	1.239753743254666182e-02
4.830000000000000000e+02	-1.378401500000000016e-02	-8.922748520904725915e-04	1.246861337517145979e-02
4.840000000000000000e+02	-1.373355499999999972e-02	-8.678542093533984838e-04	1.253781082863528185e-02
4.850000000000000000e+02	-1.286838500000000128e-02	-8.433002583091881192e-04	1.260511936782810621e-02
4.860000000000000000e+02	-1.201815500000000085e-02	-8.186166981928317665e-04	1.267052885221886874e-02
4.870000000000000000e+02	-1.079962500000000020e-02	-7.938072477658931949e-04	1.273402942738319568e-02
4.880000000000000000e+02	-9.854785000000001322e-03	-7.688756447562410459e-04	1.279561152648807029e-02
4.890000000000000000e+02	-8.980998999999999927e-03	-7.438256452949390529e-04	1.285526587173312953e-02
4.900000000000000000e+02	-8.494528000000001189e-03	-7.186610233503531141e-04	1.291298347574844872e-02
4.910000000000000000e+02	-7.915970000000001339e-03	-6.933855701595832048e-04	1.296875564294852623e-02
4.920000000000000000e+02	-7.955542000000001210e-03	-6.680030936572731474e-04	1.302257397084237607e-02
4.930000000000000000e+02	-7.925371000000000499e-03	-6.425174179019234625e-04	1.307443035129940249e-02
4.940000000000000000e+02	-8.261465000000000822e-03	-6.169323824997733317e-04	1.312431697177095062e-02
4.950000000000000000e+02	-7.458199999999999899e-03	-5.912518420263251787e-04	1.317222631646733019e-02
4.960000000000000000e+02	-6.560514000000000796e-03	-5.654796654456291805e-04	1.321815116749013377e-02
4.970000000000000000e+02	-5.893857000000000609e-03	-5.396197355274010010e-04	1.326208460591964122e-02
4.980000000000000000e+02	-5.458299000000000657e-03	-5.136759482620420264e-04	1.330402001285723237e-02
4.990000000000000000e+02	-5.855654000000000067e-03	-4.876522122736860277e-04	1.334395107042256508e-02
5.000000000000000000e+02	-6.129491000000000800e-03	-4.615524482313403923e-04	1.338187176270539541e-02
5.010000000000000000e+02	-6.015078000000000091e-03	-4.353805882581980352e-04	1.341777637667194815e-02
5.020000000000000000e+02	-5.880477000000000273e-03	-4.091405753392388729e-04	1.345165950302560330e-02
5.030000000000000000e+02	-5.406074000000000296e-03	-3.828363627271956699e-04	1.348351603702185528e-02
5.040000000000000000e+02	-4.877345000000000812e-03	-3.564719133469558153e-04	1.351334117923738525e-02
5.050000000000000000e+02	-4.838413000000000609e-03	-3.300511991985229533e-04	1.354113043629312334e-02
5.060000000000000000e+02	-4.318579000000000341e-03	-3.035782007586114895e-04	1.356687962153120715e-02
5.070000000000000000e+02	-3.201193000000000614e-03	-2.770569063809467220e-04	1.359058485564574106e-02
5.080000000000000000e+02	-2.599983000000000589e-03	-2.504913116953954438e-04	1.361224256726724716e-02
5.090000000000000000e+02	-1.901639000000000541e-03	-2.238854190060005523e-04	1.363184949350069314e-02
5.100000000000000000e+02	-9.054940000000003941e-04	-1.972432366879923343e-04	1.364940268041710085e-02
5.110000000000000000e+02	-1.780080000000004411e-04	-1.705687785839031978e-04	1.366489948349856182e-02
