0.000000000000000000e+00	-5.171525000000001468e-03	-3.754863949967925064e-04	1.645070995737400385e-02
1.000000000000000000e+00	-4.997278000000001698e-03	-3.433252577698859046e-04	1.648188203536175497e-02
2.000000000000000000e+00	-5.148841000000002090e-03	-3.111056562210867986e-04	1.651057667307610083e-02
3.000000000000000000e+00	-3.762205000000001971e-03	-2.788324333736797323e-04	1.653678955734146083e-02
4.000000000000000000e+00	-1.952083000000002025e-03	-2.465104403109246258e-04	1.656051674802193688e-02
5.000000000000000000e+00	-1.671614000000018517e-04	-2.141445354468762244e-04	1.658175467861354793e-02
6.000000000000000000e+00	9.169488999999981420e-04	-1.817395837961016734e-04	1.660050015678034285e-02
7.000000000000000000e+00	1.040403899999998213e-03	-1.493004562424057771e-04	1.661675036483424919e-02
8.000000000000000000e+00	1.026544599999998147e-03	-1.168320288066738657e-04	1.663050286015858512e-02
9.000000000000000000e+00	1.611968999999998037e-03	-8.433918191394307675e-05	1.664175557557524485e-02
1.000000000000000000e+01	2.490995999999997927e-03	-5.182679965981105313e-05	1.665050681965539806e-02
1.100000000000000000e+01	3.632628999999998332e-03	-1.929976907629313472e-05	1.665675527697375521e-02
1.200000000000000000e+01	4.967251999999998391e-03	1.323702060276169993e-05	1.666050000830627403e-02
1.300000000000000000e+01	5.891899999999998527e-03	4.577867867658605476e-05	1.666174045077134860e-02
1.400000000000000000e+01	6.156417999999997705e-03	7.832031371262973530e-05	1.666047641791442227e-02
1.500000000000000000e+01	6.168124999999998262e-03	1.108570342818055837e-04	1.665670809973599301e-02
1.600000000000000000e+01	5.803743999999997835e-03	1.433839496937342633e-04	1.665043606266308068e-02
1.700000000000000000e+01	5.509109999999998487e-03	1.758961707318785973e-04	1.664166124946405562e-02
1.800000000000000000e+01	5.577429999999997806e-03	2.083888103884560996e-04	1.663038497910697064e-02
1.900000000000000000e+01	6.530117999999997952e-03	2.408569845990192449e-04	1.661660894656124751e-02
2.000000000000000000e+01	7.570186999999998188e-03	2.732958129765941982e-04	1.660033522254295707e-02
2.100000000000000000e+01	8.287753999999997873e-03	3.057004195452655030e-04	1.658156625320352656e-02
2.200000000000000000e+01	8.570551999999998644e-03	3.380659334730985927e-04	1.656030485976205807e-02
2.300000000000000000e+01	7.971908999999999246e-03	3.703874898042892666e-04	1.653655423808127883e-02
2.400000000000000000e+01	8.314744999999998387e-03	4.026602301904292692e-04	1.651031795818714426e-02
2.500000000000000000e+01	8.822843999999998091e-03	4.348793036207784703e-04	1.648159996373221858e-02
2.600000000000000000e+01	9.816779999999998910e-03	4.670398671514357117e-04	1.645040457140290596e-02
2.700000000000000000e+01	1.100213499999999796e-02	4.991370866332946968e-04	1.641673647027058758e-02
2.800000000000000000e+01	1.172555499999999862e-02	5.311661374386802449e-04	1.638060072108678614e-02
2.900000000000000000e+01	1.229882499999999761e-02	5.631222051865520956e-04	1.634200275552247922e-02
3.000000000000000000e+01	1.262971499999999796e-02	5.950004864661676300e-04	1.630094837535165167e-02
3.100000000000000000e+01	1.304736499999999827e-02	6.267961895590985549e-04	1.625744375157920502e-02
3.200000000000000000e+01	1.430329499999999886e-02	6.585045351594864642e-04	1.621149542351337999e-02
3.300000000000000000e+01	1.600944499999999715e-02	6.901207570924356317e-04	1.616311029778281019e-02
3.400000000000000000e+01	1.728556499999999926e-02	7.216401030304303880e-04	1.611229564729837332e-02
3.500000000000000000e+01	1.801019499999999968e-02	7.530578352076708294e-04	1.605905911015997542e-02
3.600000000000000000e+01	1.813341499999999648e-02	7.843692311322219071e-04	1.600340868850844145e-02
3.700000000000000000e+01	1.825134499999999868e-02	8.155695842958632499e-04	1.594535274732269275e-02
3.800000000000000000e+01	1.862024499999999708e-02	8.466542048815398633e-04	1.588490001316238825e-02
3.900000000000000000e+01	1.969804499999999736e-02	8.776184204683013836e-04	1.582205957285619247e-02
4.000000000000000000e+01	2.034497499999999778e-02	9.084575767336276449e-04	1.575684087213593057e-02
4.100000000000000000e+01	2.087184499999999651e-02	9.391670381530340924e-04	1.568925371421675888e-02
4.200000000000000000e+01	2.118000499999999828e-02	9.697421886968505709e-04	1.561930825832360918e-02
4.300000000000000000e+01	2.093095499999999762e-02	1.000178432524070167e-03	1.554701501816414810e-02
4.400000000000000000e+01	2.089717499999999700e-02	1.030471194673165209e-03	1.547238486034840065e-02
4.500000000000000000e+01	2.129126499999999672e-02	1.060615921749760498e-03	1.539542900275538140e-02
4.600000000000000000e+01	2.216369499999999715e-02	1.090608082611069967e-03	1.531615901284689475e-02
4.700000000000000000e+01	2.282678499999999874e-02	1.120443169046984790e-03	1.523458680592879033e-02
4.800000000000000000e+01	2.347591499999999651e-02	1.150116696457716007e-03	1.515072464335994774e-02
4.900000000000000000e+01	2.416435499999999847e-02	1.179624204527887675e-03	1.506458513070922656e-02
5.000000000000000000e+01	2.421877499999999794e-02	1.208961257896981265e-03	1.497618121586069377e-02
5.100000000000000000e+01	2.385639499999999899e-02	1.238123446826026094e-03	1.488552618706738204e-02
5.200000000000000000e+01	2.355039499999999827e-02	1.267106387860440645e-03	1.479263367095389956e-02
5.300000000000000000e+01	2.413578499999999641e-02	1.295905724488923038e-03	1.469751763046817095e-02
5.400000000000000000e+01	2.554327499999999723e-02	1.324517127798291579e-03	1.460019236278261613e-02
5.500000000000000000e+01	2.741011499999999879e-02	1.352936297124175636e-03	1.450067249714511591e-02
5.600000000000000000e+01	2.863703499999999819e-02	1.381158960697459904e-03	1.439897299268003313e-02
5.700000000000000000e+01	2.872395499999999893e-02	1.409180876286389265e-03	1.429510913613967447e-02
5.800000000000000000e+01	2.870888499999999649e-02	1.436997831834230157e-03	1.418909653960647756e-02
5.900000000000000000e+01	2.876656499999999742e-02	1.464605646092395413e-03	1.408095113814633072e-02
6.000000000000000000e+01	2.963985499999999967e-02	1.492000169248943473e-03	1.397068918741331198e-02
6.100000000000000000e+01	3.043244499999999894e-02	1.519177283552345693e-03	1.385832726120626336e-02
6.200000000000000000e+01	3.139547499999999908e-02	1.546132903930440023e-03	1.374388224897752676e-02
6.300000000000000000e+01	3.180868499999999627e-02	1.572862978604468035e-03	1.362737135329425073e-02
6.400000000000000000e+01	3.205433499999999630e-02	1.599363489698111835e-03	1.350881208725260643e-02
6.500000000000000000e+01	3.225084500000000021e-02	1.625630453841431754e-03	1.338822227184536390e-02
6.600000000000000000e+01	3.277434499999999640e-02	1.651659922769617862e-03	1.326562003328314587e-02
6.700000000000000000e+01	3.365903499999999687e-02	1.677447983916468145e-03	1.314102380026982778e-02
6.800000000000000000e+01	3.456873499999999627e-02	1.702990761002494456e-03	1.301445230123247747e-02
6.900000000000000000e+01	3.480319499999999511e-02	1.728284414617577971e-03	1.288592456150621825e-02
7.000000000000000000e+01	3.451552499999999829e-02	1.753325142798084794e-03	1.275545990047447474e-02
7.100000000000000000e+01	3.404348499999999833e-02	1.778109181598347844e-03	1.262307792866502847e-02
7.200000000000000000e+01	3.346186500000000036e-02	1.802632805656437590e-03	1.248879854480229243e-02
7.300000000000000000e+01	3.375234499999999610e-02	1.826892328754131873e-03	1.235264193281628009e-02
7.400000000000000000e+01	3.456704499999999763e-02	1.850884104371002849e-03	1.221462855880869197e-02
7.500000000000000000e+01	3.568165499999999962e-02	1.874604526232535829e-03	1.207477916797660908e-02
7.600000000000000000e+01	3.615253499999999953e-02	1.898050028852198059e-03	1.193311478149420776e-02
7.700000000000000000e+01	3.671823499999999491e-02	1.921217088067379147e-03	1.178965669335301468e-02
7.800000000000000000e+01	3.707278499999999699e-02	1.944102221569117507e-03	1.164442646716113902e-02
7.900000000000000000e+01	3.714522499999999700e-02	1.966701989425536246e-03	1.149744593290198333e-02
8.000000000000000000e+01	3.716820499999999583e-02	1.989012994598910247e-03	1.134873718365291863e-02
8.100000000000000000e+01	3.759670500000000110e-02	2.011031883456285054e-03	1.119832257226439746e-02
8.200000000000000000e+01	3.873811499999999658e-02	2.032755346273569953e-03	1.104622470800004606e-02
8.300000000000000000e+01	3.951237499999999542e-02	2.054180117733032159e-03	1.089246645313819185e-02
8.400000000000000000e+01	4.024775499999999617e-02	2.075302977414119482e-03	1.073707091953536238e-02
8.500000000000000000e+01	4.055272499999999780e-02	2.096120750277527534e-03	1.058006146515228993e-02
8.600000000000000000e+01	4.071346499999999730e-02	2.116630307142452084e-03	1.042146169054288148e-02
8.700000000000000000e+01	4.108636499999999969e-02	2.136828565156942850e-03	1.026129543530677687e-02
8.800000000000000000e+01	4.168760499999999564e-02	2.156712488261298445e-03	1.009958677450592882e-02
8.900000000000000000e+01	4.288304500000000158e-02	2.176279087644423550e-03	9.936360015045827415e-03
9.000000000000000000e+01	4.335603500000000110e-02	2.195525422193087169e-03	9.771639692021836035e-03
9.100000000000000000e+01	4.410618499999999914e-02	2.214448598934009964e-03	9.605450565031268054e-03
9.200000000000000000e+01	4.428534499999999680e-02	2.233045773468714766e-03	9.437817614451683365e-03
9.300000000000000000e+01	4.402640499999999762e-02	2.251314150401077362e-03	9.268766037686027373e-03
9.400000000000000000e+01	4.377903500000000087e-02	2.269250983757510349e-03	9.098321245375127694e-03
9.500000000000000000e+01	4.360285499999999592e-02	2.286853577399718465e-03	8.926508857578148784e-03
9.600000000000000000e+01	4.348181500000000005e-02	2.304119285429962524e-03	8.753354699921563065e-03
9.700000000000000000e+01	4.382515499999999758e-02	2.321045512588773823e-03	8.578884799717219692e-03
9.800000000000000000e+01	4.445038499999999504e-02	2.337629714645053126e-03	8.403125382050123313e-03
9.900000000000000000e+01	4.498512500000000081e-02	2.353869398778503895e-03	8.226102865836431091e-03
1.000000000000000000e+02	4.544274499999999967e-02	2.369762123954332559e-03	8.047843859852380974e-03
1.010000000000000000e+02	4.533753499999999825e-02	2.385305501290170289e-03	7.868375158734623037e-03
1.020000000000000000e+02	4.477262499999999645e-02	2.400497194415151213e-03	7.687723738952658217e-03
1.030000000000000000e+02	4.460973499999999758e-02	2.415334919821100681e-03	7.505916754753909174e-03
1.040000000000000000e+02	4.469149499999999775e-02	2.429816447205774589e-03	7.322981534082095498e-03
1.050000000000000000e+02	4.516590499999999925e-02	2.443939599808103366e-03	7.138945574469487444e-03
1.060000000000000000e+02	4.509520499999999932e-02	2.457702254735388576e-03	6.953836538903663579e-03
1.070000000000000000e+02	4.508499499999999577e-02	2.471102343282397928e-03	6.767682251669420238e-03
1.080000000000000000e+02	4.490038500000000099e-02	2.484137851242322267e-03	6.580510694166410469e-03
1.090000000000000000e+02	4.576723499999999639e-02	2.496806819209534695e-03	6.392350000703178603e-03
1.100000000000000000e+02	4.677765500000000132e-02	2.509107342874114521e-03	6.203228454268214058e-03
1.110000000000000000e+02	4.770701499999999845e-02	2.521037573308091383e-03	6.013174482278645441e-03
1.120000000000000000e+02	4.853297499999999903e-02	2.532595717243360522e-03	5.822216652307240191e-03
1.130000000000000000e+02	4.834594500000000128e-02	2.543780037341236266e-03	5.630383667788311716e-03
1.140000000000000000e+02	4.748082499999999734e-02	2.554588852453596858e-03	5.437704363703246141e-03
1.150000000000000000e+02	4.735370499999999594e-02	2.565020537875580334e-03	5.244207702246212431e-03
1.160000000000000000e+02	4.719643499999999492e-02	2.575073525589801054e-03	5.049922768470776688e-03
1.170000000000000000e+02	4.811121499999999884e-02	2.584746304502041382e-03	4.854878765918039900e-03
1.180000000000000000e+02	4.889893499999999754e-02	2.594037420668390305e-03	4.659105012226973964e-03
1.190000000000000000e+02	4.936975500000000128e-02	2.602945477513789099e-03	4.462630934727581343e-03
1.200000000000000000e+02	4.926439499999999555e-02	2.611469136041954121e-03	4.265486066017616477e-03
1.210000000000000000e+02	4.937495499999999815e-02	2.619607115036646366e-03	4.067700039523428415e-03
1.220000000000000000e+02	4.904392499999999516e-02	2.627358191254254398e-03	3.869302585045687054e-03
1.230000000000000000e+02	4.859737499999999821e-02	2.634721199607663756e-03	3.670323524290603195e-03
1.240000000000000000e+02	4.854509499999999644e-02	2.641695033341384235e-03	3.470792766387342364e-03
1.250000000000000000e+02	4.837535499999999489e-02	2.648278644197909863e-03	3.270740303392297241e-03
1.260000000000000000e+02	4.843660500000000063e-02	2.654471042575286439e-03	3.070196205780880913e-03
1.270000000000000000e+02	4.848118499999999609e-02	2.660271297675859733e-03	2.869190617927565648e-03
1.280000000000000000e+02	4.786641499999999549e-02	2.665678537646188305e-03	2.667753753574776936e-03
1.290000000000000000e+02	4.739384499999999695e-02	2.670691949708092327e-03	2.465915891291385262e-03
1.300000000000000000e+02	4.749543499999999557e-02	2.675310780280826684e-03	2.263707369921439620e-03
1.310000000000000000e+02	4.792858499999999577e-02	2.679534335094352782e-03	2.061158584023849681e-03
1.320000000000000000e+02	4.851059499999999663e-02	2.683361979293696475e-03	1.858299979303693365e-03
1.330000000000000000e+02	4.867065500000000017e-02	2.686793137534375202e-03	1.655162048035817898e-03
1.340000000000000000e+02	4.870246500000000034e-02	2.689827294068880027e-03	1.451775324481477695e-03
1.350000000000000000e+02	4.847297500000000148e-02	2.692463992824197395e-03	1.248170380298626410e-03
1.360000000000000000e+02	4.848162500000000041e-02	2.694702837470365833e-03	1.044377819946602564e-03
1.370000000000000000e+02	4.847046499999999730e-02	2.696543491480046795e-03	8.404282760858852166e-04
1.380000000000000000e+02	4.871066500000000021e-02	2.697985678179110058e-03	6.363524049736064836e-04
1.390000000000000000e+02	4.946468500000000129e-02	2.699029180788221557e-03	4.321808818555244753e-04
1.400000000000000000e+02	4.970742499999999953e-02	2.699673842455428425e-03	2.279443963551204891e-04
1.410000000000000000e+02	4.956803499999999640e-02	2.699919566279735186e-03	2.367364786057445455e-05
1.420000000000000000e+02	4.947638499999999773e-02	2.699766315325669366e-03	-1.806006590897658089e-04
1.430000000000000000e+02	4.953222499999999917e-02	2.699214112628833470e-03	-3.848478194226704610e-04
1.440000000000000000e+02	5.013221500000000080e-02	2.698263041192442476e-03	-5.890371321453977517e-04
1.450000000000000000e+02	5.058353499999999892e-02	2.696913243974848572e-03	-7.931379049604471475e-04
1.460000000000000000e+02	5.074867500000000003e-02	2.695164923868048797e-03	-9.971194588790236249e-04
1.470000000000000000e+02	5.035246499999999903e-02	2.693018343667193375e-03	-1.200951132832465094e-03
1.480000000000000000e+02	4.957927499999999904e-02	2.690473826031079124e-03	-1.404602288281011930e-03
1.490000000000000000e+02	4.852525499999999631e-02	2.687531753433653522e-03	-1.608042313819173620e-03
1.500000000000000000e+02	4.749304499999999762e-02	2.684192568106519468e-03	-1.811240629777018715e-03
1.510000000000000000e+02	4.729976500000000056e-02	2.680456771972468486e-03	-2.014166692816695033e-03
1.520000000000000000e+02	4.776349499999999609e-02	2.676324926570028493e-03	-2.216790000523485935e-03
1.530000000000000000e+02	4.859099499999999794e-02	2.671797652969062128e-03	-2.419080095990732392e-03
1.540000000000000000e+02	4.843726500000000018e-02	2.666875631677409573e-03	-2.621006572397876870e-03
1.550000000000000000e+02	4.794785499999999756e-02	2.661559602538600584e-03	-2.822539077581020378e-03
1.560000000000000000e+02	4.696949500000000000e-02	2.655850364620644839e-03	-3.023647318595238265e-03
1.570000000000000000e+02	4.636710499999999874e-02	2.649748776095922718e-03	-3.224301066268004702e-03
1.580000000000000000e+02	4.570907499999999485e-02	2.643255754112192567e-03	-3.424470159743027171e-03
1.590000000000000000e+02	4.540779500000000080e-02	2.636372274654728756e-03	-3.624124511013810963e-03
1.600000000000000000e+02	4.576892499999999503e-02	2.629099372399617846e-03	-3.823234109446291013e-03
1.610000000000000000e+02	4.603113500000000080e-02	2.621438140558238032e-03	-4.021769026289794685e-03
1.620000000000000000e+02	4.601440500000000128e-02	2.613389730712930084e-03	-4.219699419175737889e-03
1.630000000000000000e+02	4.586524499999999893e-02	2.604955352643903172e-03	-4.416995536603313816e-03
1.640000000000000000e+02	4.569925500000000113e-02	2.596136274147387273e-03	-4.613627722411530255e-03
1.650000000000000000e+02	4.605497499999999800e-02	2.586933820845067726e-03	-4.809566420236909869e-03
1.660000000000000000e+02	4.650566500000000159e-02	2.577349375984826652e-03	-5.004782177956211553e-03
1.670000000000000000e+02	4.655505499999999797e-02	2.567384380232824205e-03	-5.199245652113430004e-03
1.680000000000000000e+02	4.636407499999999765e-02	2.557040331456946099e-03	-5.392927612330547862e-03
1.690000000000000000e+02	4.567623499999999559e-02	2.546318784501655583e-03	-5.585798945701178284e-03
1.700000000000000000e+02	4.520549499999999832e-02	2.535221350954280223e-03	-5.777830661166674653e-03
1.710000000000000000e+02	4.508120499999999919e-02	2.523749698902768603e-03	-5.968993893873825347e-03
1.720000000000000000e+02	4.461686499999999861e-02	2.511905552684957302e-03	-6.159259909513607918e-03
1.730000000000000000e+02	4.470839499999999800e-02	2.499690692629376754e-03	-6.348600108640362581e-03
1.740000000000000000e+02	4.477150499999999617e-02	2.487106954787649763e-03	-6.536986030970617402e-03
1.750000000000000000e+02	4.440296499999999563e-02	2.474156230658503940e-03	-6.724389359661083788e-03
1.760000000000000000e+02	4.396442500000000142e-02	2.460840466903460068e-03	-6.910781925564990491e-03
1.770000000000000000e+02	4.317122500000000057e-02	2.447161665054218508e-03	-7.096135711466327635e-03
1.780000000000000000e+02	4.228146499999999725e-02	2.433121881211807846e-03	-7.280422856291155972e-03
1.790000000000000000e+02	4.180114499999999789e-02	2.418723225737523519e-03	-7.463615659295493032e-03
1.800000000000000000e+02	4.145396499999999540e-02	2.403967862935713247e-03	-7.645686584229123041e-03
1.810000000000000000e+02	4.095444499999999904e-02	2.388858010728456098e-03	-7.826608263474605504e-03
1.820000000000000000e+02	4.017872499999999847e-02	2.373395940322175959e-03	-8.006353502161023608e-03
1.830000000000000000e+02	3.956905499999999881e-02	2.357583975866254893e-03	-8.184895282251712645e-03
1.840000000000000000e+02	3.876620499999999803e-02	2.341424494103680649e-03	-8.362206766605394248e-03
1.850000000000000000e+02	3.802074499999999468e-02	2.324919924013790339e-03	-8.538261303010195175e-03
1.860000000000000000e+02	3.781839499999999771e-02	2.308072746447166652e-03	-8.713032428189769127e-03
1.870000000000000000e+02	3.799904499999999519e-02	2.290885493752729991e-03	-8.886493871781121767e-03
1.880000000000000000e+02	3.832411499999999888e-02	2.273360749397098073e-03	-9.058619560283328806e-03
1.890000000000000000e+02	3.857463499999999601e-02	2.255501147576253768e-03	-9.229383620976774200e-03
1.900000000000000000e+02	3.811422500000000158e-02	2.237309372819590997e-03	-9.398760385812126097e-03
1.910000000000000000e+02	3.707312499999999844e-02	2.218788159586399834e-03	-9.566724395268570019e-03
1.920000000000000000e+02	3.661384499999999903e-02	2.199940291854836794e-03	-9.733250402180738947e-03
1.930000000000000000e+02	3.631342499999999640e-02	2.180768602703460519e-03	-9.898313375533641240e-03
1.940000000000000000e+02	3.609529499999999946e-02	2.161275973885379720e-03	-1.006188850422519779e-02
1.950000000000000000e+02	3.666780499999999776e-02	2.141465335395093157e-03	-1.022395120079562167e-02
1.960000000000000000e+02	3.661843499999999779e-02	2.121339665028068502e-03	-1.038447710512327773e-02
1.970000000000000000e+02	3.677981500000000042e-02	2.100901987933143783e-03	-1.054344208808630050e-02
1.980000000000000000e+02	3.688124500000000000e-02	2.080155376157809960e-03	-1.070082225518949326e-02
1.990000000000000000e+02	3.592187499999999895e-02	2.059102948186437507e-03	-1.085659395015603663e-02
2.000000000000000000e+02	3.530053500000000094e-02	2.037747868471533746e-03	-1.101073375848326749e-02
2.010000000000000000e+02	3.511206499999999786e-02	2.016093346958078639e-03	-1.116321851096224206e-02
2.020000000000000000e+02	3.439020500000000008e-02	1.994142638601035730e-03	-1.131402528716031128e-02
2.030000000000000000e+02	3.355435500000000099e-02	1.971899042876081639e-03	-1.146313141886641344e-02
2.040000000000000000e+02	3.221739499999999590e-02	1.949365903283658587e-03	-1.161051449349836256e-02
2.050000000000000000e+02	3.153158500000000086e-02	1.926546606846402457e-03	-1.175615235747175420e-02
2.060000000000000000e+02	3.073201499999999795e-02	1.903444583600024873e-03	-1.190002311952995800e-02
2.070000000000000000e+02	3.063808499999999893e-02	1.880063306077741020e-03	-1.204210515403461926e-02
2.080000000000000000e+02	3.070607499999999934e-02	1.856406288788296126e-03	-1.218237710421631904e-02
2.090000000000000000e+02	3.000304499999999902e-02	1.832477087687695754e-03	-1.232081788538472861e-02
2.100000000000000000e+02	2.930286499999999739e-02	1.808279299644694133e-03	-1.245740668809794394e-02
2.110000000000000000e+02	2.803777499999999742e-02	1.783816561900140483e-03	-1.259212298129040210e-02
2.120000000000000000e+02	2.700889499999999804e-02	1.759092551520257276e-03	-1.272494651535895256e-02
2.130000000000000000e+02	2.623589499999999866e-02	1.734110984843923505e-03	-1.285585732520666720e-02
2.140000000000000000e+02	2.591922499999999713e-02	1.708875616924067494e-03	-1.298483573324381302e-02
2.150000000000000000e+02	2.553049499999999680e-02	1.683390240963227990e-03	-1.311186235234569446e-02
2.160000000000000000e+02	2.577309499999999934e-02	1.657658687743391538e-03	-1.323691808876673384e-02
2.170000000000000000e+02	2.556244499999999961e-02	1.631684825050172712e-03	-1.335998414501056442e-02
2.180000000000000000e+02	2.560073499999999946e-02	1.605472557091436932e-03	-1.348104202265550632e-02
2.190000000000000000e+02	2.533330499999999694e-02	1.579025823910449591e-03	-1.360007352513511146e-02
2.200000000000000000e+02	2.475367499999999929e-02	1.552348600793632995e-03	-1.371706076047337318e-02
2.210000000000000000e+02	2.389254499999999767e-02	1.525444897673033061e-03	-1.383198614397408883e-02
2.220000000000000000e+02	2.390389499999999792e-02	1.498318758523570129e-03	-1.394483240086410308e-02
2.230000000000000000e+02	2.418092499999999895e-02	1.470974260755182530e-03	-1.405558256888988708e-02
2.240000000000000000e+02	2.403340499999999727e-02	1.443415514599934906e-03	-1.416422000086722637e-02
2.250000000000000000e+02	2.316190499999999652e-02	1.415646662494196443e-03	-1.427072836718348663e-02
2.260000000000000000e+02	2.208116499999999982e-02	1.387671878455985948e-03	-1.437509165825215721e-02
2.270000000000000000e+02	2.105159499999999934e-02	1.359495367457552511e-03	-1.447729418691932543e-02
2.280000000000000000e+02	2.087070499999999981e-02	1.331121364793324451e-03	-1.457732059082163419e-02
2.290000000000000000e+02	2.033818499999999821e-02	1.302554135443279894e-03	-1.467515583469546428e-02
2.300000000000000000e+02	2.023070499999999813e-02	1.273797973431873860e-03	-1.477078521263690616e-02
2.310000000000000000e+02	1.939727499999999855e-02	1.244857201182583651e-03	-1.486419435031227296e-02
2.320000000000000000e+02	1.838135499999999853e-02	1.215736168868195499e-03	-1.495536920711873670e-02
2.330000000000000000e+02	1.708312499999999762e-02	1.186439253756920494e-03	-1.504429607829480507e-02
2.340000000000000000e+02	1.626824499999999715e-02	1.156970859554427421e-03	-1.513096159698033502e-02
2.350000000000000000e+02	1.575162499999999827e-02	1.127335415741916513e-03	-1.521535273622574673e-02
2.360000000000000000e+02	1.498695499999999799e-02	1.097537376910304608e-03	-1.529745681095013091e-02
2.370000000000000000e+02	1.357129499999999885e-02	1.067581222090644875e-03	-1.537726147984799785e-02
2.380000000000000000e+02	1.218559499999999872e-02	1.037471454080873910e-03	-1.545475474724431614e-02
2.390000000000000000e+02	1.136922499999999843e-02	1.007212598768975759e-03	-1.552992496489763626e-02
2.400000000000000000e+02	1.171766499999999864e-02	9.768092044526903786e-04	-1.560276083375095220e-02
2.410000000000000000e+02	1.203725499999999844e-02	9.462658411558374279e-04	-1.567325140563012240e-02
2.420000000000000000e+02	1.193484499999999775e-02	9.155870999413903829e-04	-1.574138608488948737e-02
2.430000000000000000e+02	1.123717499999999855e-02	8.847775922213740483e-04	-1.580715463000456969e-02
2.440000000000000000e+02	1.026754599999999892e-02	8.538419490637117739e-04	-1.587054715511148489e-02
2.450000000000000000e+02	9.828245999999998816e-03	8.227848204961195214e-04	-1.593155413149291433e-02
2.460000000000000000e+02	9.188344999999998805e-03	7.916108748071394802e-04	-1.599016638901040385e-02
2.470000000000000000e+02	8.592238999999998045e-03	7.603247978444434459e-04	-1.604637511748275430e-02
2.480000000000000000e+02	8.484877999999997783e-03	7.289312923104814207e-04	-1.610017186801029551e-02
2.490000000000000000e+02	8.594407999999997827e-03	6.974350770556132393e-04	-1.615154855424487737e-02
2.500000000000000000e+02	8.528253999999997267e-03	6.658408863687958600e-04	-1.620049745360534199e-02
2.510000000000000000e+02	8.170424999999998522e-03	6.341534692659623901e-04	-1.624701120843834515e-02
2.520000000000000000e+02	6.962230999999998414e-03	6.023775887761871704e-04	-1.629108282712427719e-02
2.530000000000000000e+02	6.456406999999998210e-03	5.705180212257317859e-04	-1.633270568512822790e-02
2.540000000000000000e+02	5.997435999999998352e-03	5.385795555201114328e-04	-1.637187352599571433e-02
2.550000000000000000e+02	5.209915999999998465e-03	5.065669924242511375e-04	-1.640858046229311598e-02
2.560000000000000000e+02	4.343059999999997547e-03	4.744851438408776529e-04	-1.644282097649263710e-02
2.570000000000000000e+02	3.137706999999998261e-03	4.423388320872200007e-04	-1.647458992180165019e-02
2.580000000000000000e+02	2.095367999999998062e-03	4.101328891701562962e-04	-1.650388252293634797e-02
2.590000000000000000e+02	1.688624999999998070e-03	3.778721560599042199e-04	-1.653069437683949566e-02
2.600000000000000000e+02	1.185867999999998127e-03	3.455614819623522779e-04	-1.655502145334230776e-02
2.610000000000000000e+02	5.457949399999981405e-04	3.132057235901706312e-04	-1.657686009577019962e-02
2.620000000000000000e+02	-2.861034000000018795e-04	2.808097444327747839e-04	-1.659620702149245536e-02
2.630000000000000000e+02	-1.375855000000001781e-03	2.483784140252900713e-04	-1.661305932241563185e-02
2.640000000000000000e+02	-2.472280000000002045e-03	2.159166072165885587e-04	-1.662741446542071247e-02
2.650000000000000000e+02	-2.851256000000002098e-03	1.834292034365402730e-04	-1.663927029274382685e-02
2.660000000000000000e+02	-3.160537000000001890e-03	1.509210859625748275e-04	-1.664862502230063032e-02
2.670000000000000000e+02	-3.075606000000001995e-03	1.183971411856535934e-04	-1.665547724795414172e-02
2.680000000000000000e+02	-4.256978000000001539e-03	8.586225787579123564e-05	-1.665982593972612294e-02
2.690000000000000000e+02	-5.676768000000002173e-03	5.332132644720078709e-05	-1.666167044395189950e-02
2.700000000000000000e+02	-5.829027000000002248e-03	2.077923822321056253e-05	-1.666101048337860144e-02
2.710000000000000000e+02	-6.192764000000001642e-03	-1.175911529897332472e-05	-1.665784615720685216e-02
2.720000000000000000e+02	-6.280424000000001464e-03	-4.428884318351882193e-05	-1.665217794107583596e-02
2.730000000000000000e+02	-6.305029000000001924e-03	-7.680505579113530961e-05	-1.664400668699184127e-02
2.740000000000000000e+02	-6.740289000000001737e-03	-1.093028655140580388e-04	-1.663333362320014788e-02
2.750000000000000000e+02	-7.176110000000002036e-03	-1.417773875107093879e-04	-1.662016035400043848e-02
2.760000000000000000e+02	-8.207024000000001998e-03	-1.742237404399632375e-04	-1.660448885950563738e-02
2.770000000000000000e+02	-9.576325000000001850e-03	-2.066370471948643026e-04	-1.658632149534427710e-02
2.780000000000000000e+02	-1.002336500000000109e-02	-2.390124356357286976e-04	-1.656566099230642047e-02
2.790000000000000000e+02	-9.925365000000001964e-03	-2.713450393224861156e-04	-1.654251045593317995e-02
2.800000000000000000e+02	-9.351879000000002176e-03	-3.036299982461651754e-04	-1.651687336604992090e-02
2.810000000000000000e+02	-8.987018000000001131e-03	-3.358624595594240209e-04	-1.648875357624319041e-02
2.820000000000000000e+02	-1.024563500000000120e-02	-3.680375783059867435e-04	-1.645815531328149312e-02
2.830000000000000000e+02	-1.140075500000000200e-02	-4.001505181489110885e-04	-1.642508317647992794e-02
2.840000000000000000e+02	-1.146370500000000112e-02	-4.321964520975492101e-04	-1.638954213700886259e-02
2.850000000000000000e+02	-1.170849500000000105e-02	-4.641705632331029753e-04	-1.635153753714671185e-02
2.860000000000000000e+02	-1.156187500000000271e-02	-4.960680454326779187e-04	-1.631107508947690632e-02
2.870000000000000000e+02	-1.224968500000000148e-02	-5.278841040916961488e-04	-1.626816087602923205e-02
2.880000000000000000e+02	-1.449150500000000175e-02	-5.596139568445967572e-04	-1.622280134736560700e-02
2.890000000000000000e+02	-1.508051500000000267e-02	-5.912528342836780677e-04	-1.617500332161050242e-02
2.900000000000000000e+02	-1.607156500000000293e-02	-6.227959806760095720e-04	-1.612477398342606130e-02
2.910000000000000000e+02	-1.615344500000000239e-02	-6.542386546782762375e-04	-1.607212088293216712e-02
2.920000000000000000e+02	-1.657298500000000188e-02	-6.855761300494612413e-04	-1.601705193457157034e-02
2.930000000000000000e+02	-1.715794500000000083e-02	-7.168036963612682512e-04	-1.595957541592022549e-02
2.940000000000000000e+02	-1.827816500000000247e-02	-7.479166597061513060e-04	-1.589969996644308159e-02
2.950000000000000000e+02	-1.965517500000000042e-02	-7.789103434028786781e-04	-1.583743458619544381e-02
2.960000000000000000e+02	-2.017288500000000151e-02	-8.097800886994894467e-04	-1.577278863447016677e-02
2.970000000000000000e+02	-2.153825500000000268e-02	-8.405212554735727419e-04	-1.570577182839081112e-02
2.980000000000000000e+02	-2.256942500000000060e-02	-8.711292229297342435e-04	-1.563639424145104456e-02
2.990000000000000000e+02	-2.330395500000000120e-02	-9.015993902941583189e-04	-1.556466630200047455e-02
3.000000000000000000e+02	-2.324674500000000268e-02	-9.319271775061715828e-04	-1.549059879167711401e-02
3.010000000000000000e+02	-2.305583500000000022e-02	-9.621080259066773412e-04	-1.541420284378677667e-02
3.020000000000000000e+02	-2.314546500000000048e-02	-9.921373989233883868e-04	-1.533548994162958062e-02
3.030000000000000000e+02	-2.384677500000000061e-02	-1.022010782752725113e-03	-1.525447191677388285e-02
3.040000000000000000e+02	-2.419173500000000240e-02	-1.051723687038305438e-03	-1.517116094727781646e-02
3.050000000000000000e+02	-2.466916500000000331e-02	-1.081271645545900991e-03	-1.508556955585878788e-02
3.060000000000000000e+02	-2.488194500000000253e-02	-1.110650216834765556e-03	-1.499771060801114754e-02
3.070000000000000000e+02	-2.457883500000000027e-02	-1.139854984925250123e-03	-1.490759731007232879e-02
3.080000000000000000e+02	-2.452623500000000040e-02	-1.168881559962572274e-03	-1.481524320723778300e-02
3.090000000000000000e+02	-2.440546500000000119e-02	-1.197725578876676373e-03	-1.472066218152493985e-02
3.100000000000000000e+02	-2.468876500000000140e-02	-1.226382706038052495e-03	-1.462386844968658305e-02
3.110000000000000000e+02	-2.530526500000000040e-02	-1.254848633909443198e-03	-1.452487656107386699e-02
3.120000000000000000e+02	-2.690817500000000292e-02	-1.283119083693320603e-03	-1.442370139544936827e-02
3.130000000000000000e+02	-2.707788500000000292e-02	-1.311189805975041412e-03	-1.432035816075047895e-02
3.140000000000000000e+02	-2.741844500000000309e-02	-1.339056581361595293e-03	-1.421486239080343300e-02
3.150000000000000000e+02	-2.783717500000000220e-02	-1.366715221115826938e-03	-1.410722994298839461e-02
3.160000000000000000e+02	-2.797563500000000217e-02	-1.394161567786066742e-03	-1.399747699585586307e-02
3.170000000000000000e+02	-2.849293500000000048e-02	-1.421391495831038701e-03	-1.388562004669485067e-02
3.180000000000000000e+02	-2.929844500000000282e-02	-1.448400912239991957e-03	-1.377167590905311635e-02
3.190000000000000000e+02	-3.098504500000000272e-02	-1.475185757147930241e-03	-1.365566171020985917e-02
3.200000000000000000e+02	-3.211795500000000358e-02	-1.501742004445857665e-03	-1.353759488860130193e-02
3.210000000000000000e+02	-3.260430500000000009e-02	-1.528065662385963462e-03	-1.341749319119942344e-02
3.220000000000000000e+02	-3.331810500000000064e-02	-1.554152774181624674e-03	-1.329537467084439782e-02
3.230000000000000000e+02	-3.436450500000000352e-02	-1.579999418602170838e-03	-1.317125768353099094e-02
3.240000000000000000e+02	-3.527237500000000164e-02	-1.605601710562287515e-03	-1.304516088564944103e-02
3.250000000000000000e+02	-3.601216499999999876e-02	-1.630955801706001403e-03	-1.291710323118113422e-02
3.260000000000000000e+02	-3.611662499999999942e-02	-1.656057880985136030e-03	-1.278710396884959535e-02
3.270000000000000000e+02	-3.579333500000000251e-02	-1.680904175232157986e-03	-1.265518263922716345e-02
3.280000000000000000e+02	-3.527909500000000337e-02	-1.705490949727339785e-03	-1.252135907179775104e-02
3.290000000000000000e+02	-3.547078500000000467e-02	-1.729814508760130253e-03	-1.238565338197626826e-02
3.300000000000000000e+02	-3.568917500000000353e-02	-1.753871196184669367e-03	-1.224808596808498774e-02
3.310000000000000000e+02	-3.614415500000000420e-02	-1.777657395969360577e-03	-1.210867750828739133e-02
3.320000000000000000e+02	-3.695924500000000168e-02	-1.801169532740396536e-03	-1.196744895748001920e-02
3.330000000000000000e+02	-3.745113500000000345e-02	-1.824404072319188571e-03	-1.182442154414266484e-02
3.340000000000000000e+02	-3.765150500000000178e-02	-1.847357522253606889e-03	-1.167961676714741708e-02
3.350000000000000000e+02	-3.663857499999999962e-02	-1.870026432342928495e-03	-1.153305639252716515e-02
3.360000000000000000e+02	-3.575984499999999844e-02	-1.892407395156455547e-03	-1.138476245020384435e-02
3.370000000000000000e+02	-3.564843499999999915e-02	-1.914497046545691810e-03	-1.123475723067707092e-02
3.380000000000000000e+02	-3.634889499999999912e-02	-1.936292066150025392e-03	-1.108306328167354970e-02
3.390000000000000000e+02	-3.779609500000000177e-02	-1.957789177895811507e-03	-1.092970340475792404e-02
3.400000000000000000e+02	-3.863815500000000042e-02	-1.978985150488812329e-03	-1.077470065190538027e-02
3.410000000000000000e+02	-3.928809500000000204e-02	-1.999876797899912198e-03	-1.061807832203657403e-02
3.420000000000000000e+02	-3.977440499999999879e-02	-2.020460979844002341e-03	-1.045985995751561384e-02
3.430000000000000000e+02	-4.045525500000000246e-02	-2.040734602252017565e-03	-1.030006934061125645e-02
3.440000000000000000e+02	-4.108060499999999921e-02	-2.060694617736010415e-03	-1.013873048992216912e-02
3.450000000000000000e+02	-4.165298500000000348e-02	-2.080338026047219221e-03	-9.975867656766564118e-03
3.460000000000000000e+02	-4.287180499999999894e-02	-2.099661874527034618e-03	-9.811505321536982682e-03
3.470000000000000000e+02	-4.344859499999999958e-02	-2.118663258550828980e-03	-9.645668190020547511e-03
3.480000000000000000e+02	-4.367875499999999966e-02	-2.137339321964559866e-03	-9.478381189685322269e-03
3.490000000000000000e+02	-4.395245500000000138e-02	-2.155687257514082855e-03	-9.309669465933461535e-03
3.500000000000000000e+02	-4.427215500000000054e-02	-2.173704307267119128e-03	-9.139558378321482532e-03
3.510000000000000000e+02	-4.463040500000000493e-02	-2.191387763027808841e-03	-8.968073496748425397e-03
3.520000000000000000e+02	-4.524240499999999943e-02	-2.208734966743793916e-03	-8.795240597612313110e-03
3.530000000000000000e+02	-4.593528499999999931e-02	-2.225743310905745672e-03	-8.621085659935691717e-03
3.540000000000000000e+02	-4.584320500000000492e-02	-2.242410238939315618e-03	-8.445634861460630735e-03
3.550000000000000000e+02	-4.597158500000000231e-02	-2.258733245589423979e-03	-8.268914574713804796e-03
3.560000000000000000e+02	-4.566172500000000023e-02	-2.274709877296823488e-03	-8.090951363042459682e-03
3.570000000000000000e+02	-4.498588500000000323e-02	-2.290337732566906370e-03	-7.911771976621535113e-03
3.580000000000000000e+02	-4.482284500000000005e-02	-2.305614462330678616e-03	-7.731403348432793442e-03
3.590000000000000000e+02	-4.431292500000000301e-02	-2.320537770297860340e-03	-7.549872590216397464e-03
3.600000000000000000e+02	-4.435311499999999851e-02	-2.335105413302038507e-03	-7.367206988395736192e-03
3.610000000000000000e+02	-4.441606500000000457e-02	-2.349315201637851205e-03	-7.183433999975888905e-03
3.620000000000000000e+02	-4.462832500000000341e-02	-2.363164999390128009e-03	-6.998581248416435238e-03
3.630000000000000000e+02	-4.428466500000000083e-02	-2.376652724754941756e-03	-6.812676519479378932e-03
3.640000000000000000e+02	-4.416159500000000487e-02	-2.389776350352533149e-03	-6.625747757052541723e-03
3.650000000000000000e+02	-4.379774499999999904e-02	-2.402533903532056130e-03	-6.437823058949198457e-03
3.660000000000000000e+02	-4.424164500000000305e-02	-2.414923466668084193e-03	-6.248930672684694168e-03
3.670000000000000000e+02	-4.552092500000000375e-02	-2.426943177448861576e-03	-6.059098991230416065e-03
3.680000000000000000e+02	-4.651497500000000007e-02	-2.438591229156227783e-03	-5.868356548745996479e-03
3.690000000000000000e+02	-4.680296500000000193e-02	-2.449865870937197650e-03	-5.676732016290201265e-03
3.700000000000000000e+02	-4.659021500000000426e-02	-2.460765408067128440e-03	-5.484254197511380553e-03
3.710000000000000000e+02	-4.557436499999999863e-02	-2.471288202204464848e-03	-5.290952024317868707e-03
3.720000000000000000e+02	-4.591075500000000448e-02	-2.481432671637002520e-03	-5.096854552529099351e-03
3.730000000000000000e+02	-4.705355500000000385e-02	-2.491197291519637105e-03	-4.901990957508223050e-03
3.740000000000000000e+02	-4.851274500000000295e-02	-2.500580594103569802e-03	-4.706390529776619674e-03
3.750000000000000000e+02	-4.983819500000000180e-02	-2.509581168956929488e-03	-4.510082670611179761e-03
3.760000000000000000e+02	-5.074867500000000003e-02	-2.518197663176778480e-03	-4.313096887624854464e-03
3.770000000000000000e+02	-5.050695499999999921e-02	-2.526428781592472434e-03	-4.115462790331366610e-03
3.780000000000000000e+02	-4.967557499999999959e-02	-2.534273286960336651e-03	-3.917210085694471447e-03
3.790000000000000000e+02	-4.968363500000000377e-02	-2.541730000149647513e-03	-3.718368573662577618e-03
3.800000000000000000e+02	-4.946416500000000438e-02	-2.548797800319864415e-03	-3.518968142689509870e-03
3.810000000000000000e+02	-4.961589500000000014e-02	-2.555475625089109141e-03	-3.319038765241832424e-03
3.820000000000000000e+02	-4.983040500000000123e-02	-2.561762470693855400e-03	-3.118610493293629427e-03
3.830000000000000000e+02	-4.910917500000000491e-02	-2.567657392139809872e-03	-2.917713453809242519e-03
3.840000000000000000e+02	-4.840511499999999856e-02	-2.573159503343951798e-03	-2.716377844214887954e-03
3.850000000000000000e+02	-4.829093500000000011e-02	-2.578267977267728085e-03	-2.514633927859547934e-03
3.860000000000000000e+02	-4.818813500000000000e-02	-2.582982046041364024e-03	-2.312512029465953623e-03
3.870000000000000000e+02	-4.856060499999999974e-02	-2.587301001079287018e-03	-2.110042530572474751e-03
3.880000000000000000e+02	-4.881710499999999953e-02	-2.591224193186633402e-03	-1.907255864966321502e-03
3.890000000000000000e+02	-4.818410500000000485e-02	-2.594751032656832275e-03	-1.704182514108983082e-03
3.900000000000000000e+02	-4.742577500000000335e-02	-2.597880989360248135e-03	-1.500853002554409501e-03
3.910000000000000000e+02	-4.688098500000000002e-02	-2.600613592823861932e-03	-1.297297893360863791e-03
3.920000000000000000e+02	-4.641718499999999969e-02	-2.602948432301991407e-03	-1.093547783496856421e-03
3.930000000000000000e+02	-4.679069500000000020e-02	-2.604885156838032938e-03	-8.896332992419774682e-04
3.940000000000000000e+02	-4.747347500000000109e-02	-2.606423475317211878e-03	-6.855850915834623338e-04
3.950000000000000000e+02	-4.810586500000000459e-02	-2.607563156510343122e-03	-4.814338316088893595e-04
3.960000000000000000e+02	-4.858544500000000488e-02	-2.608304029108587160e-03	-2.772102058959494976e-04
3.970000000000000000e+02	-4.848560500000000106e-02	-2.608645981749199445e-03	-7.294491189979689647e-05
3.980000000000000000e+02	-4.861551500000000497e-02	-2.608588963032271342e-03	1.313313466610876599e-04
3.990000000000000000e+02	-4.901441499999999868e-02	-2.608132981528453551e-03	3.355878644201072008e-04
4.000000000000000000e+02	-4.946372500000000005e-02	-2.607278105777670676e-03	5.397939389780073271e-04
4.010000000000000000e+02	-4.973684500000000175e-02	-2.606024464278816101e-03	7.439188755177553961e-04
4.020000000000000000e+02	-4.976144500000000137e-02	-2.604372245470439311e-03	9.479319914184283118e-04
4.030000000000000000e+02	-4.952915500000000526e-02	-2.602321697702419598e-03	1.151802620867178363e-03
4.040000000000000000e+02	-4.931229499999999905e-02	-2.599873129198636973e-03	1.355500119468760339e-03
4.050000000000000000e+02	-4.932793500000000331e-02	-2.597026908010640310e-03	1.558993868851692687e-03
4.060000000000000000e+02	-4.891711500000000407e-02	-2.593783461962327445e-03	1.762253281270640109e-03
4.070000000000000000e+02	-4.880491500000000427e-02	-2.590143278585633341e-03	1.965247804204190481e-03
4.080000000000000000e+02	-4.837758500000000073e-02	-2.586106905047252328e-03	2.167946924947207823e-03
4.090000000000000000e+02	-4.838256500000000238e-02	-2.581674948066389665e-03	2.370320175197344458e-03
4.100000000000000000e+02	-4.828221500000000332e-02	-2.576848073823563654e-03	2.572337135634791654e-03
4.110000000000000000e+02	-4.781357500000000399e-02	-2.571627007860469161e-03	2.773967440494758303e-03
4.120000000000000000e+02	-4.688804500000000319e-02	-2.566012534970922923e-03	2.975180782131746967e-03
4.130000000000000000e+02	-4.605654500000000429e-02	-2.560005499082894116e-03	3.175946915575233922e-03
4.140000000000000000e+02	-4.545945500000000278e-02	-2.553606803131653995e-03	3.376235663075918391e-03
4.150000000000000000e+02	-4.499722500000000180e-02	-2.546817408924053738e-03	3.576016918641746443e-03
4.160000000000000000e+02	-4.498293500000000167e-02	-2.539638336993949985e-03	3.775260652563284993e-03
4.170000000000000000e+02	-4.483923500000000506e-02	-2.532070666448807145e-03	3.973936915927551647e-03
4.180000000000000000e+02	-4.456381499999999968e-02	-2.524115534807492081e-03	4.172015845119778250e-03
4.190000000000000000e+02	-4.432668500000000456e-02	-2.515774137829291084e-03	4.369467666312213880e-03
4.200000000000000000e+02	-4.456764500000000295e-02	-2.507047729334173445e-03	4.566262699939560923e-03
4.210000000000000000e+02	-4.479468500000000075e-02	-2.497937621014322419e-03	4.762371365160236736e-03
4.220000000000000000e+02	-4.557671500000000375e-02	-2.488445182236974796e-03	4.957764184302676340e-03
4.230000000000000000e+02	-4.575763500000000483e-02	-2.478571839838584253e-03	5.152411787296263743e-03
4.240000000000000000e+02	-4.517787499999999928e-02	-2.468319077910352283e-03	5.346284916086003688e-03
4.250000000000000000e+02	-4.451798500000000297e-02	-2.457688437575144495e-03	5.539354429030442922e-03
4.260000000000000000e+02	-4.408283500000000077e-02	-2.446681516755847777e-03	5.731591305281955387e-03
4.270000000000000000e+02	-4.422801500000000247e-02	-2.435299969935177024e-03	5.922966649148988898e-03
4.280000000000000000e+02	-4.507126499999999925e-02	-2.423545507906983438e-03	6.113451694439503946e-03
4.290000000000000000e+02	-4.528318500000000357e-02	-2.411419897519103892e-03	6.303017808784826606e-03
4.300000000000000000e+02	-4.540635500000000241e-02	-2.398924961407779971e-03	6.491636497943512225e-03
4.310000000000000000e+02	-4.560634499999999952e-02	-2.386062577723691361e-03	6.679279410084376818e-03
4.320000000000000000e+02	-4.483071500000000015e-02	-2.372834679849643042e-03	6.865918340048197434e-03
4.330000000000000000e+02	-4.368745500000000004e-02	-2.359243256109958345e-03	7.051525233587231482e-03
4.340000000000000000e+02	-4.251180499999999973e-02	-2.345290349471604308e-03	7.236072191582170778e-03
4.350000000000000000e+02	-4.188012500000000415e-02	-2.330978057237106157e-03	7.419531474235786100e-03
4.360000000000000000e+02	-4.130006500000000386e-02	-2.316308530729299046e-03	7.601875505242494668e-03
4.370000000000000000e+02	-4.089983500000000244e-02	-2.301283974967955649e-03	7.783076875933487952e-03
4.380000000000000000e+02	-4.038680500000000478e-02	-2.285906648338341656e-03	7.963108349396586308e-03
4.390000000000000000e+02	-3.959489500000000495e-02	-2.270178862251749901e-03	8.141942864570348576e-03
4.400000000000000000e+02	-3.915826500000000460e-02	-2.254102980798069512e-03	8.319553540311627401e-03
4.410000000000000000e+02	-3.860216500000000078e-02	-2.237681420390430845e-03	8.495913679436183433e-03
4.420000000000000000e+02	-3.817171500000000189e-02	-2.220916649401983006e-03	8.670996772731658433e-03
4.430000000000000000e+02	-3.770287500000000375e-02	-2.203811187794873800e-03	8.844776502942191740e-03
4.440000000000000000e+02	-3.741542500000000215e-02	-2.186367606741459416e-03	9.017226748724266328e-03
4.450000000000000000e+02	-3.713193500000000480e-02	-2.168588528237829285e-03	9.188321588573088866e-03
4.460000000000000000e+02	-3.677346500000000518e-02	-2.150476624709679076e-03	9.358035304718955588e-03
4.470000000000000000e+02	-3.608259500000000203e-02	-2.132034618610618992e-03	9.526342386992910083e-03
4.480000000000000000e+02	-3.568551500000000098e-02	-2.113265282012949473e-03	9.693217536661268008e-03
4.490000000000000000e+02	-3.621505500000000294e-02	-2.094171436190980177e-03	9.858635670228401565e-03
4.500000000000000000e+02	-3.696681500000000009e-02	-2.074755951196961216e-03	1.002257192320703087e-02
4.510000000000000000e+02	-3.713076500000000307e-02	-2.055021745429674775e-03	1.018500165385572212e-02
4.520000000000000000e+02	-3.688349500000000225e-02	-2.034971785195763012e-03	1.034590044688284659e-02
4.530000000000000000e+02	-3.627069499999999863e-02	-2.014609084263847306e-03	1.050524411711655816e-02
4.540000000000000000e+02	-3.579043500000000239e-02	-1.993936703411531685e-03	1.066300871314006249e-02
4.550000000000000000e+02	-3.554269499999999915e-02	-1.972957749965321191e-03	1.081917052089187078e-02
4.560000000000000000e+02	-3.560154500000000527e-02	-1.951675377333544339e-03	1.097370606723035123e-02
4.570000000000000000e+02	-3.536232500000000001e-02	-1.930092784532370280e-03	1.112659212346199002e-02
4.580000000000000000e+02	-3.490687500000000387e-02	-1.908213215704942589e-03	1.127780570883299936e-02
4.590000000000000000e+02	-3.361171500000000034e-02	-1.886039959633748495e-03	1.142732409398361688e-02
4.600000000000000000e+02	-3.261509500000000367e-02	-1.863576349246267791e-03	1.157512480436464347e-02
4.610000000000000000e+02	-3.176322499999999910e-02	-1.840825761113994890e-03	1.172118562361560909e-02
4.620000000000000000e+02	-3.151434499999999916e-02	-1.817791614944898630e-03	1.186548459690420915e-02
4.630000000000000000e+02	-3.116213500000000053e-02	-1.794477373069384898e-03	1.200800003422643203e-02
4.640000000000000000e+02	-3.055124500000000118e-02	-1.770886539919876547e-03	1.214871051366678105e-02
4.650000000000000000e+02	-2.944729500000000180e-02	-1.747022661504045752e-03	1.228759488461830113e-02
4.660000000000000000e+02	-2.871228500000000058e-02	-1.722889324871799402e-03	1.242463227096181344e-02
4.670000000000000000e+02	-2.822309500000000360e-02	-1.698490157576107310e-03	1.255980207420381682e-02
4.680000000000000000e+02	-2.725760500000000072e-02	-1.673828827127728973e-03	1.269308397657273497e-02
4.690000000000000000e+02	-2.641295500000000185e-02	-1.648909040443941650e-03	1.282445794407293185e-02
4.700000000000000000e+02	-2.568073500000000314e-02	-1.623734543291335255e-03	1.295390422949611355e-02
4.710000000000000000e+02	-2.521448500000000176e-02	-1.598309119722787688e-03	1.308140337538952688e-02
4.720000000000000000e+02	-2.557146500000000156e-02	-1.572636591508665051e-03	1.320693621698070842e-02
4.730000000000000000e+02	-2.547433500000000073e-02	-1.546720817562356482e-03	1.333048388505821830e-02
4.740000000000000000e+02	-2.540136500000000214e-02	-1.520565693360238346e-03	1.345202780880786451e-02
4.750000000000000000e+02	-2.511018500000000361e-02	-1.494175150356129604e-03	1.357154971860419224e-02
4.760000000000000000e+02	-2.434451500000000060e-02	-1.467553155390343301e-03	1.368903164875660654e-02
4.770000000000000000e+02	-2.433415500000000314e-02	-1.440703710093415050e-03	1.380445594020988931e-02
4.780000000000000000e+02	-2.410340500000000136e-02	-1.413630850284614557e-03	1.391780524319854821e-02
4.790000000000000000e+02	-2.404106500000000035e-02	-1.386338645365306314e-03	1.402906251985471149e-02
4.800000000000000000e+02	-2.319207500000000297e-02	-1.358831197707258132e-03	1.413821104676918350e-02
4.810000000000000000e+02	-2.251336500000000046e-02	-1.331112642036015679e-03	1.424523441750513014e-02
4.820000000000000000e+02	-2.162397500000000361e-02	-1.303187144809389228e-03	1.435011654506421729e-02
4.830000000000000000e+02	-2.146865500000000315e-02	-1.275058903591186604e-03	1.445284166430467476e-02
4.840000000000000000e+02	-2.177130500000000121e-02	-1.246732146420256523e-03	1.455339433431103793e-02
4.850000000000000000e+02	-2.171019500000000158e-02	-1.218211131174972437e-03	1.465175944071506545e-02
4.860000000000000000e+02	-2.069855500000000043e-02	-1.189500144933210634e-03	1.474792219796764413e-02
4.870000000000000000e+02	-1.948944500000000107e-02	-1.160603503327942328e-03	1.484186815156128894e-02
4.880000000000000000e+02	-1.785168500000000255e-02	-1.131525549898549634e-03	1.493358318020277312e-02
4.890000000000000000e+02	-1.681515500000000177e-02	-1.102270655437927269e-03	1.502305349793578611e-02
4.900000000000000000e+02	-1.654665500000000039e-02	-1.072843217335500698e-03	1.511026565621313017e-02
4.910000000000000000e+02	-1.580395500000000147e-02	-1.043247658916231441e-03	1.519520654591822312e-02
4.920000000000000000e+02	-1.484273500000000273e-02	-1.013488428775748519e-03	1.527786339933554123e-02
4.930000000000000000e+02	-1.434941500000000252e-02	-9.835700001116596137e-04	1.535822379206979067e-02
4.940000000000000000e+02	-1.374096500000000255e-02	-9.534968700511653027e-04	1.543627564491346915e-02
4.950000000000000000e+02	-1.331185500000000264e-02	-9.232735589750956564e-04	1.551200722566248649e-02
4.960000000000000000e+02	-1.286890500000000166e-02	-8.929046098384295664e-04	1.558540715087970881e-02
4.970000000000000000e+02	-1.203817500000000165e-02	-8.623945874874342941e-04	1.565646438760599779e-02
4.980000000000000000e+02	-1.077787500000000273e-02	-8.317480779735016714e-04	1.572516825501866014e-02
4.990000000000000000e+02	-1.029731500000000133e-02	-8.009696878638171294e-04	1.579150842603685087e-02
5.000000000000000000e+02	-1.027132500000000129e-02	-7.700640435489279102e-04	1.585547492887390622e-02
5.010000000000000000e+02	-1.082825500000000191e-02	-7.390357905473290707e-04	1.591705814853623668e-02
5.020000000000000000e+02	-1.119299500000000246e-02	-7.078895928071951083e-04	1.597624882826855983e-02
5.030000000000000000e+02	-1.041119500000000156e-02	-6.766301320053203080e-04	1.603303807094531852e-02
5.040000000000000000e+02	-9.225950000000001858e-03	-6.452621068434052877e-04	1.608741734040804866e-02
5.050000000000000000e+02	-8.149165000000001616e-03	-6.137902323417732250e-04	1.613937846274846044e-02
5.060000000000000000e+02	-8.174995000000002607e-03	-5.822192391306542196e-04	1.618891362753708749e-02
5.070000000000000000e+02	-8.705886000000001221e-03	-5.505538727391040337e-04	1.623601538899728872e-02
5.080000000000000000e+02	-9.286115000000001035e-03	-5.187988928816821129e-04	1.628067666712445724e-02
5.090000000000000000e+02	-8.712548000000002249e-03	-4.869590727430196946e-04	1.632289074875022464e-02
5.100000000000000000e+02	-6.919676000000002207e-03	-4.550391982603375278e-04	1.636265128855154960e-02
5.110000000000000000e+02	-5.429894000000001948e-03	-4.230440674040640168e-04	1.639995231000447931e-02
