0	0.002774286999999999	7.602349999999997e-05
1	0.003792252999999999	0.00011749109999999998
2	0.004895223999999999	8.523849999999997e-05
3	0.006900953999999999	0.00013131369999999998
4	0.007792849999999999	0.00018660389999999998
5	0.008382296	0.00020964159999999998
6	0.009277071999999999	0.0002580205
7	0.009917315	0.000281058
8	0.010805124999999999	0.00033634839999999996
9	0.011224014999999999	0.00034786699999999997
10	0.012541334999999999	0.00036168979999999995
11	0.013855884999999998	0.00039624599999999995
12	0.014632645	0.0004354101
13	0.015271185	0.0004860929
14	0.015642655	0.000532168
15	0.016293184999999998	0.0005782432
16	0.016730915	0.0006496598
17	0.016745525	0.0007026463
18	0.017135855	0.0007395063999999999
19	0.017644774999999998	0.0007901891
20	0.018338035	0.0008431755999999999
21	0.018944825	0.0008777319
22	0.019288194999999998	0.0009215032999999999
23	0.020141295	0.0009376298
24	0.021384975	0.0009629711
25	0.022036935	0.001018262
26	0.022728155	0.0010459059999999999
27	0.023631145	0.001071248
28	0.024411065	0.0010827669999999999
29	0.025739695	0.001105804
30	0.026630934999999998	0.0011518799999999999
31	0.027366585	0.001179525
32	0.028017415	0.001220992
33	0.028578114999999998	0.00124403
34	0.029379125	0.001260156
35	0.030432985	0.001273979
36	0.031541465	0.001303928
37	0.032379025	0.001347699
38	0.032719325	0.0014099
39	0.032927504999999996	0.001474406
40	0.032826935	0.001518177
41	0.032940135	0.0016034159999999999
42	0.032629504999999996	0.001626454
43	0.033266745	0.001658707
44	0.033940805	0.001670225
45	0.035162025	0.001690959
46	0.035996105	0.00176468
47	0.036130245	0.001799236
48	0.036574635	0.001866045
49	0.036340255	0.00191212
50	0.036584635	0.001942069
51	0.037124964999999996	0.0019489800000000001
52	0.038135185	0.0019674109999999996
53	0.039426175	0.0019835369999999996
54	0.040087445	0.002036523
55	0.040269075	0.0020526499999999996
56	0.040940085	0.002057257
57	0.042177645	0.0020710800000000003
58	0.043208465	0.002082599
59	0.044124745	0.002110244
60	0.044767535	0.0021494080000000002
61	0.045229605	0.0021494080000000002
62	0.045744145	0.0022139129999999996
63	0.045803065	0.0022415580000000003
64	0.046169215	0.002259988
65	0.046767615	0.002280722
66	0.047531465	0.0022991519999999996
67	0.048162585	0.002319886
68	0.048426525	0.00234062
69	0.049056024999999996	0.0023659609999999998
70	0.049555665	0.002407429
71	0.049343855	0.0024673259999999997
72	0.049273065	0.002508794
73	0.049212975	0.002561781
74	0.049153925	0.0026009450000000003
75	0.049234185	0.002619375
76	0.049581085	0.002656235
77	0.050012575	0.002644716
78	0.051020015	0.002656235
79	0.051630165	0.002672361
80	0.052369925	0.002688488
81	0.052916325	0.0027092210000000004
82	0.053276575	0.0027506889999999997
83	0.053215395	0.0027599039999999997
84	0.053401505	0.0027576
85	0.054215675	0.002748385
86	0.055283885	0.0027552970000000003
87	0.055925825	0.0027645120000000002
88	0.056456084999999996	0.002773727
89	0.056906625	0.0027852449999999996
90	0.057226985	0.002799068
91	0.057528625	0.0028221059999999996
92	0.057703964999999996	0.0028566620000000003
93	0.057465395	0.0028889149999999997
94	0.057550425	0.0029050409999999997
95	0.057390224999999996	0.002951116
96	0.057141555	0.002990279
97	0.056949875	0.003008709
98	0.056762065	0.0030501770000000003
99	0.056724505	0.003057089
100	0.056818555	0.003064
101	0.057134605	0.0030593929999999997
102	0.057957565	0.003061696
103	0.058225365	0.0030755189999999996
104	0.058465535	0.003096253
105	0.058441435	0.0031400250000000003
106	0.058027185	0.003160759
107	0.057728945	0.003151544
108	0.058258745	0.0031031640000000003
109	0.059422965	0.0030824299999999997
110	0.060455415	0.003064
111	0.061191635	0.0030755189999999996
112	0.061130715	0.003096253
113	0.061056135	0.003064
114	0.061647555	0.003080127
115	0.061521755	0.0031192909999999997
116	0.061114935	0.0031400250000000003
117	0.060635255	0.00316767
118	0.060024825	0.0031561519999999997
119	0.060335235	0.003151544
120	0.060690475	0.003151544
121	0.060611605	0.003158455
122	0.060700594999999996	0.0031722779999999997
123	0.060445565	0.003204531
124	0.059672255	0.003236781
125	0.058964495	0.003250604
126	0.058641315	0.0032529079999999997
127	0.058629824999999997	0.003266731
128	0.058219824999999996	0.003275946
129	0.058148955	0.0032713380000000004
130	0.058218485	0.0032529079999999997
131	0.058475055	0.0032598189999999997
132	0.058555115	0.003239085
133	0.058666345	0.003232174
134	0.058504244999999996	0.0032091389999999997
135	0.058911245	0.003169974
136	0.059862335	0.0031469360000000004
137	0.059999035	0.003163063
138	0.059537375	0.0031768860000000003
139	0.058965435	0.0031814929999999996
140	0.058368545	0.003169974
141	0.058385475	0.0031377209999999996
142	0.058432645	0.003110076
143	0.059032645	0.003089342
144	0.058993425	0.003064
145	0.058983275	0.003089342
146	0.058349325	0.003073215
147	0.058071735	0.0030939490000000004
148	0.057211045	0.003114683
149	0.056518415	0.0031285059999999996
150	0.055456475	0.0031308100000000004
151	0.054970125	0.003100861
152	0.054958985	0.003061696
153	0.055342644999999996	0.003064
154	0.054949765	0.003052481
155	0.054625435	0.0030593929999999997
156	0.053933075	0.003027139
157	0.053938505	0.003011013
158	0.053614175	0.0030156209999999996
159	0.053106105	0.0030156209999999996
160	0.052641065	0.0029948859999999996
161	0.051955565	0.0029741539999999997
162	0.051716515	0.002937294
163	0.051855165	0.0028958259999999998
164	0.052007145	0.002865877
165	0.052194615	0.0028451429999999996
166	0.051992695	0.0028221059999999996
167	0.051501375	0.002815194
168	0.051073275	0.002792157
169	0.050395385	0.002780638
170	0.050054635	0.0027552970000000003
171	0.049644625	0.0027437779999999997
172	0.048948544999999996	0.0027368669999999996
173	0.048299484999999996	0.002723044
174	0.047750975	0.0027092210000000004
175	0.047084065	0.0027092210000000004
176	0.046007945	0.0026907909999999997
177	0.045424124999999996	0.002644716
178	0.045737305	0.0026078559999999995
179	0.045386055	0.002603248
180	0.044579735	0.0026078559999999995
181	0.043821985	0.002605553
182	0.042742865	0.0026170710000000003
183	0.041376805	0.0026078559999999995
184	0.040752825	0.002543351
185	0.040687425	0.002490364
186	0.040819995	0.002441985
187	0.041144534999999996	0.0023820869999999997
188	0.041074105	0.002370568
189	0.040637555	0.002347531
190	0.039920384999999996	0.0023244930000000004
191	0.039303115	0.00230376
192	0.038435495	0.0022645950000000003
193	0.038209385	0.0022254320000000003
194	0.037822025	0.002179357
195	0.037707265	0.0021471040000000004
196	0.036998795	0.0021401930000000003
197	0.036038284999999996	0.002098725
198	0.035595335	0.002045738
199	0.035242675	0.002022701
200	0.034726765	0.0019950560000000003
201	0.034011145	0.0019996629999999996
202	0.032696724999999996	0.0020019670000000003
203	0.031402215	0.001988144
204	0.030208944999999997	0.001953588
205	0.029431165	0.001921335
206	0.028911364999999998	0.001863741
207	0.028751725	0.0018407039999999999
208	0.028231045	0.001806147
209	0.027510705	0.001794628
210	0.026271875	0.001806147
211	0.024988165	0.001734731
212	0.024882915	0.001667922
213	0.024686855	0.0016402769999999999
214	0.024448795	0.001591898
215	0.024028145	0.001552734
216	0.023319245	0.001559645
217	0.022006865	0.001520481
218	0.021096915	0.001504355
219	0.020313915	0.001421419
220	0.020365974999999998	0.00135461
221	0.020239475	0.001301624
222	0.020235915	0.001276283
223	0.019471654999999997	0.001264764
224	0.018116985	0.0012716749999999999
225	0.016488085	0.001232511
226	0.015515285	0.001200258
227	0.014703754999999999	0.001161095
228	0.014368494999999998	0.001094285
229	0.014122905	0.001062033
230	0.013363425	0.0010251729999999999
231	0.012707405	0.000995224
232	0.011775875	0.0009514522999999999
233	0.011143724999999998	0.0008961622
234	0.010744155	0.000868517
235	0.009548653999999998	0.0008639094
236	0.008548871999999999	0.0008155304999999999
237	0.007727112999999999	0.0007717590999999999
238	0.006982844999999999	0.0007372025999999999
239	0.006577035999999999	0.0006496598
240	0.006670969999999999	0.0006220145999999999
241	0.005966466999999999	0.0005759394
242	0.005316436999999999	0.0005552056
243	0.004096732999999999	0.0005114342
244	0.0031942859999999993	0.0004768776999999999
245	0.0026659279999999993	0.0004331063
246	0.001969714999999999	0.0004192836
247	0.0007314892999999991	0.00037320839999999996
248	-1.3380000000084904e-07	0.00031561459999999996
249	-0.0005715762000000008	0.0002787543
250	-0.0010776349000000008	0.00025110919999999997
251	-0.002021651000000001	0.0002603243
252	-0.003709853000000001	0.00025110919999999997
253	-0.005193166000000001	0.00018199639999999997
254	-0.0057276620000000006	0.00012440239999999997
255	-0.005878330000000001	6.450465999999997e-05
256	-0.0058165380000000004	2.5340729999999968e-05
257	-0.006564774000000001	2.994824999999997e-05
258	-0.007986512000000001	-4.608160000000029e-06
259	-0.009048471	-4.377208000000003e-05
260	-0.009855808	-6.450593000000003e-05
261	-0.010770675	-0.00013822620000000004
262	-0.010893555000000001	-0.00020733900000000004
263	-0.011202795000000002	-0.0002488068
264	-0.011376725	-0.00028566690000000005
265	-0.012289705000000001	-0.00031100830000000004
266	-0.013592215000000001	-0.0003662986
267	-0.013717245000000001	-0.00045384140000000005
268	-0.013670935	-0.0005183466
269	-0.013739645	-0.0005390807000000001
270	-0.014798045000000001	-0.0005690293000000001
271	-0.015832725000000002	-0.0006104972000000001
272	-0.016552485000000002	-0.000668091
273	-0.016784135000000002	-0.0007141662
274	-0.017351885	-0.0007579376000000001
275	-0.018025505	-0.000783279
276	-0.019042995	-0.000794798
277	-0.020414405	-0.0008063166
278	-0.021590155	-0.0008454807
279	-0.022492395000000002	-0.0009007707
280	-0.022950695	-0.0009606687
281	-0.023119885	-0.0009929214
282	-0.023763265000000002	-0.0009860100999999999
283	-0.025100975	-0.001015959
284	-0.026153615	-0.001048211
285	-0.027261835	-0.0010620340000000001
286	-0.028057295	-0.001082768
287	-0.029077585	-0.0011081090000000001
288	-0.030154195	-0.0011610960000000001
289	-0.030456085	-0.001227905
290	-0.030365535000000003	-0.001269372
291	-0.030704915	-0.001324663
292	-0.030806895	-0.001340789
293	-0.031756345	-0.001382257
294	-0.032489885	-0.0014191170000000001
295	-0.032998455	-0.001455977
296	-0.033873965	-0.001474407
297	-0.034521075	-0.001527393
298	-0.034749665	-0.001587291
299	-0.034982975	-0.001619544
300	-0.035414705	-0.001674834
301	-0.035676845	-0.001707087
302	-0.036186385	-0.0017393390000000001
303	-0.036845945	-0.001773896
304	-0.037621465	-0.001783111
305	-0.038727195	-0.001826882
306	-0.039097915000000004	-0.001847616
307	-0.039815915	-0.001884477
308	-0.040271245000000004	-0.001916729
309	-0.040799005	-0.00194207
310	-0.041661475	-0.0019789309999999997
311	-0.042016185	-0.0020157910000000003
312	-0.042365755	-0.002071081
313	-0.042439495	-0.0020895109999999996
314	-0.042979755	-0.002121764
315	-0.043659835	-0.002147105
316	-0.044266635	-0.0022023950000000002
317	-0.044342175	-0.0022415589999999997
318	-0.044744035	-0.0022530780000000004
319	-0.045300815	-0.002283027
320	-0.045754125	-0.002299153
321	-0.046594385	-0.002315279
322	-0.047429215000000004	-0.00235214
323	-0.047696215	-0.0024074300000000003
324	-0.047871745	-0.0024581129999999996
325	-0.047460985000000004	-0.0025087959999999998
326	-0.047442445	-0.0025272259999999996
327	-0.047991835000000004	-0.0025018840000000002
328	-0.049325275	-0.0024834540000000004
329	-0.050890955	-0.0024857580000000002
330	-0.051959655	-0.00251801
331	-0.052206685	-0.002573301
332	-0.052067895	-0.002614768
333	-0.051807875	-0.0026308950000000003
334	-0.052362295	-0.0026308950000000003
335	-0.053108295	-0.00265854
336	-0.053627735	-0.0026884889999999996
337	-0.053778035	-0.0027069190000000003
338	-0.054056185	-0.002720742
339	-0.054533565	-0.002727653
340	-0.055095475	-0.002741475
341	-0.055601605	-0.002778335
342	-0.055731585	-0.0027898539999999996
343	-0.056177675	-0.002819803
344	-0.055985015	-0.0028681820000000004
345	-0.055711685000000004	-0.002898131
346	-0.055635175	-0.002907346
347	-0.055958545	-0.0029119540000000005
348	-0.056526545	-0.0029257759999999997
349	-0.057059265	-0.002939599
350	-0.057268805	-0.0029879779999999996
351	-0.057053765	-0.0030041039999999996
352	-0.057192795	-0.0030110149999999997
353	-0.057397895	-0.003029444
354	-0.057766275	-0.003031748
355	-0.058165165	-0.003057089
356	-0.058237615	-0.0030709120000000003
357	-0.058404845000000004	-0.0031031649999999997
358	-0.058229635	-0.0031077730000000003
359	-0.058401905000000004	-0.0031238990000000003
360	-0.058470675	-0.0031123799999999997
361	-0.059060765	-0.003130811
362	-0.059390805	-0.003098557
363	-0.060210135	-0.00309395
364	-0.060706975	-0.0030870389999999998
365	-0.061248775	-0.00309395
366	-0.061351725	-0.003135418
367	-0.060870295	-0.0031768860000000003
368	-0.060024225	-0.0031930129999999998
369	-0.060002205	-0.003190709
370	-0.059995465	-0.0031653669999999997
371	-0.060826505	-0.003163064
372	-0.060907325	-0.0031653669999999997
373	-0.061496575	-0.0031561519999999997
374	-0.061647555	-0.003172279
375	-0.061289985	-0.003216051
376	-0.060763495	-0.003216051
377	-0.060597615	-0.003239088
378	-0.060359665	-0.003266731
379	-0.059765225	-0.0032644300000000005
380	-0.059687195	-0.0032644300000000005
381	-0.059483135	-0.003239088
382	-0.060014515	-0.0032229620000000002
383	-0.060549865	-0.0032229620000000002
384	-0.060636565	-0.003236785
385	-0.060215545	-0.003275946
386	-0.059491285	-0.0032644300000000005
387	-0.059424915	-0.003243696
388	-0.059710235	-0.003236785
389	-0.059874555	-0.0032413930000000004
390	-0.059738165	-0.003252911
391	-0.059076555	-0.0032575190000000004
392	-0.058870955	-0.003243696
393	-0.059050525	-0.0032229620000000002
394	-0.059064385000000004	-0.0032137470000000003
395	-0.059206785	-0.003181494
396	-0.059454715	-0.003188405
397	-0.059070715	-0.0032022279999999997
398	-0.058674795	-0.003188405
399	-0.058408695000000004	-0.0032022279999999997
400	-0.057720615	-0.0032114430000000005
401	-0.057220855	-0.0031953169999999996
402	-0.057011875000000004	-0.0032183539999999997
403	-0.056214095	-0.0032091389999999997
404	-0.056145505	-0.0031930129999999998
405	-0.055917555	-0.0031699750000000002
406	-0.055988135	-0.003130811
407	-0.056426195	-0.0031215950000000004
408	-0.056195465	-0.003110077
409	-0.056024095	-0.0031400259999999998
410	-0.055048615	-0.003137722
411	-0.054384675	-0.003128507
412	-0.053931115	-0.003091646
413	-0.054108105000000004	-0.00307552
414	-0.053946345	-0.003027142
415	-0.054271125	-0.00296494
416	-0.054684835	-0.0029626360000000003
417	-0.054581055	-0.0029257759999999997
418	-0.054512315	-0.0029349909999999996
419	-0.053606525	-0.0029188649999999997
420	-0.053139635	-0.002905042
421	-0.052553495	-0.0028750930000000004
422	-0.052176135	-0.00286127
423	-0.052095605	-0.002819803
424	-0.051992065000000004	-0.0028174990000000002
425	-0.051132415	-0.002822107
426	-0.050460445	-0.0027967649999999997
427	-0.049897285	-0.00276912
428	-0.049722145	-0.002746083
429	-0.049358775	-0.002727653
430	-0.048921645	-0.00275069
431	-0.047528425	-0.002741475
432	-0.046540105	-0.0027322600000000002
433	-0.045769815	-0.0027069190000000003
434	-0.045556555	-0.0026562369999999997
435	-0.045400415	-0.002651629
436	-0.044935275000000004	-0.0026355019999999996
437	-0.044137185	-0.002617072
438	-0.043601715	-0.0025940349999999997
439	-0.043131865	-0.0025249219999999998
440	-0.043292795	-0.002494973
441	-0.043026175	-0.00246272
442	-0.042972845	-0.002441986
443	-0.042138335	-0.0024558089999999998
444	-0.040895785000000004	-0.002437379
445	-0.040341555	-0.0024051259999999996
446	-0.039431455000000004	-0.0023820890000000004
447	-0.038997165	-0.0023129760000000004
448	-0.039297675000000004	-0.00225999
449	-0.039170195	-0.0022300410000000003
450	-0.038844915	-0.0021931809999999998
451	-0.038524735	-0.0021862690000000002
452	-0.037377235	-0.002197788
453	-0.035866165	-0.0021678390000000004
454	-0.034924445	-0.0021609280000000003
455	-0.034004725	-0.002128675
456	-0.033569665	-0.0020987260000000004
457	-0.032847375	-0.0020826000000000004
458	-0.031953665	-0.0020319170000000003
459	-0.031784345	-0.001992753
460	-0.031340124999999996	-0.001974323
461	-0.030631225	-0.001955893
462	-0.029781045000000003	-0.001925944
463	-0.028772065	-0.00190521
464	-0.028215695000000002	-0.00183149
465	-0.028108465	-0.00181306
466	-0.027446945	-0.001773896
467	-0.026939725	-0.001743947
468	-0.025961765	-0.001702479
469	-0.025706805	-0.001626455
470	-0.025751225	-0.001575772
471	-0.025403355000000002	-0.001536609
472	-0.025136105000000002	-0.001495141
473	-0.024339875	-0.0014767110000000001
474	-0.023323225	-0.001416813
475	-0.023094535	-0.001352308
476	-0.022892955	-0.001315448
477	-0.022417575000000002	-0.001280891
478	-0.021475475	-0.001280891
479	-0.020158215	-0.001244031
480	-0.019562355	-0.001227905
481	-0.018147535	-0.001174918
482	-0.017643445	-0.001126539
483	-0.017414915	-0.001089679
484	-0.016679035000000002	-0.0010505150000000001
485	-0.015966395	-0.001032085
486	-0.014845335000000001	-0.0009929214
487	-0.014061205	-0.0009698838
488	-0.013058385	-0.0009491497000000001
489	-0.011982785000000001	-0.0009307197
490	-0.010784235000000001	-0.0008938596
491	-0.010136688000000001	-0.0008339617000000001
492	-0.009725067	-0.0008109242
493	-0.008700855	-0.0007809755
494	-0.007766378000000001	-0.0007349
495	-0.007026095	-0.0007003438
496	-0.0064111160000000006	-0.000649661
497	-0.005923635000000001	-0.0006220159
498	-0.004964240000000001	-0.0005897631
499	-0.004330953000000001	-0.0005459917
500	-0.003427538000000001	-0.0005114355
501	-0.002711654000000001	-0.00047227140000000005
502	-0.002072796000000001	-0.0004008548
503	-0.0016213200000000007	-0.00030179320000000003
504	-0.002303574000000001	-0.000246503
505	-0.0019291890000000009	-0.00022807290000000002
506	-0.0010257526000000009	-0.00020964280000000004
507	0.0003733022999999992	-0.00016817510000000004
508	0.0012055599999999992	-0.00011518866000000003
509	0.0016320369999999992	-5.298712000000003e-05
510	0.001750400999999999	1.6125689999999973e-05
511	0.0020781899999999993	5.5289589999999965e-05
