0.000000000000000000e+00	8.010424999999994633e-03	1.884027867190268140e-04	2.464007132325661195e-02
1.000000000000000000e+00	9.356544999999995629e-03	2.365124090230885125e-04	2.462356307230308822e-02
2.000000000000000000e+00	1.067848499999999624e-02	2.845861634763166060e-04	2.460334310537841060e-02
3.000000000000000000e+00	1.237604499999999524e-02	3.326168035189149127e-04	2.457941447040760952e-02
4.000000000000000000e+00	1.337465499999999571e-02	3.805970890900837143e-04	2.455178077435431899e-02
5.000000000000000000e+00	1.481468499999999584e-02	4.285197877193746272e-04	2.452044618267707268e-02
6.000000000000000000e+00	1.583279499999999673e-02	4.763776756169013421e-04	2.448541541870141725e-02
7.000000000000000000e+00	1.676378499999999633e-02	5.241635387622424090e-04	2.444669376290791243e-02
8.000000000000000000e+00	1.825338499999999697e-02	5.718701739918707547e-04	2.440428705213616364e-02
9.000000000000000000e+00	1.888817499999999663e-02	6.194903900849465421e-04	2.435820167870499098e-02
1.000000000000000000e+01	1.971264499999999392e-02	6.670170088473106884e-04	2.430844458944885975e-02
1.100000000000000000e+01	2.025423499999999544e-02	7.144428661935139707e-04	2.425502328467072852e-02
1.200000000000000000e+01	2.066684499999999619e-02	7.617608132267194698e-04	2.419794581701145697e-02
1.300000000000000000e+01	2.174199499999999660e-02	8.089637173163163712e-04	2.413722079023596784e-02
1.400000000000000000e+01	2.245394499999999599e-02	8.560444631730800003e-04	2.407285735793633641e-02
1.500000000000000000e+01	2.311009499999999370e-02	9.029959539217202302e-04	2.400486522215198107e-02
1.600000000000000000e+01	2.337743499999999502e-02	9.498111121706516230e-04	2.393325463190720467e-02
1.700000000000000000e+01	2.379661499999999666e-02	9.964828810788293936e-04	2.385803638166626717e-02
1.800000000000000000e+01	2.478936499999999377e-02	1.043004225419484881e-03	2.377922180970624619e-02
1.900000000000000000e+01	2.555327499999999682e-02	1.089368132640605377e-03	2.369682279640792158e-02
2.000000000000000000e+01	2.657621499999999679e-02	1.135567613921994491e-03	2.361085176246494749e-02
2.100000000000000000e+01	2.702806499999999695e-02	1.181595705228754211e-03	2.352132166701158614e-02
2.200000000000000000e+01	2.713873499999999370e-02	1.227445468361034169e-03	2.342824600566925999e-02
2.300000000000000000e+01	2.735467499999999497e-02	1.273109991999884063e-03	2.333163880851222768e-02
2.400000000000000000e+01	2.817718499999999696e-02	1.318582392749054416e-03	2.323151463795275137e-02
2.500000000000000000e+01	3.037062499999999485e-02	1.363855816172588253e-03	2.312788858654595339e-02
2.600000000000000000e+01	3.246568499999999413e-02	1.408923437828047982e-03	2.302077627471479232e-02
2.700000000000000000e+01	3.343048499999999590e-02	1.453778464295221165e-03	2.291019384839548118e-02
2.800000000000000000e+01	3.451516499999999349e-02	1.498414134200149470e-03	2.279615797660364956e-02
2.900000000000000000e+01	3.502874499999999308e-02	1.542823719234326200e-03	2.267868584892170775e-02
3.000000000000000000e+01	3.649405499999999747e-02	1.587000525168913000e-03	2.255779517290770406e-02
3.100000000000000000e+01	3.728274499999999214e-02	1.630937892863813972e-03	2.243350417142612324e-02
3.200000000000000000e+01	3.827578499999999273e-02	1.674629199271466260e-03	2.230583157990099347e-02
3.300000000000000000e+01	3.901145499999999350e-02	1.718067858435185988e-03	2.217479664349174609e-02
3.400000000000000000e+01	3.990195499999999590e-02	1.761247322481925134e-03	2.204041911419222025e-02
3.500000000000000000e+01	4.109386499999999331e-02	1.804161082609287772e-03	2.190271924785329796e-02
3.600000000000000000e+01	4.199507499999999283e-02	1.846802670066654975e-03	2.176171780112955492e-02
3.700000000000000000e+01	4.237240499999999493e-02	1.889165657130276784e-03	2.161743602835043687e-02
3.800000000000000000e+01	4.307553499999999813e-02	1.931243658072172298e-03	2.146989567831643006e-02
3.900000000000000000e+01	4.340210499999999638e-02	1.973030330122708866e-03	2.131911899102066285e-02
4.000000000000000000e+01	4.367786499999999628e-02	2.014519374426696017e-03	2.116512869429649710e-02
4.100000000000000000e+01	4.412751499999999216e-02	2.055704536992869220e-03	2.100794800039157764e-02
4.200000000000000000e+01	4.451803499999999747e-02	2.096579609636604544e-03	2.084760060246882568e-02
4.300000000000000000e+01	4.496561499999999351e-02	2.137138430915728245e-03	2.068411067103501783e-02
4.400000000000000000e+01	4.490353499999999443e-02	2.177374887059286852e-03	2.051750285029732210e-02
4.500000000000000000e+01	4.512758499999999784e-02	2.217282912889122042e-03	2.034780225444848475e-02
4.600000000000000000e+01	4.565316499999999555e-02	2.256856492734130634e-03	2.017503446388116059e-02
4.700000000000000000e+01	4.703451499999999202e-02	2.296089661337054420e-03	1.999922552133195919e-02
4.800000000000000000e+01	4.739293499999999715e-02	2.334976504753673212e-03	1.982040192795582120e-02
4.900000000000000000e+01	4.817859499999999767e-02	2.373511161244264492e-03	1.963859063933124163e-02
5.000000000000000000e+01	4.920419499999999224e-02	2.411687822157191317e-03	1.945381906139707212e-02
5.100000000000000000e+01	5.067382499999999873e-02	2.449500732804490120e-03	1.926611504632137414e-02
5.200000000000000000e+01	5.089611499999999872e-02	2.486944193329322216e-03	1.907550688830301697e-02
5.300000000000000000e+01	5.165515499999999427e-02	2.524012559565161525e-03	1.888202331930667957e-02
5.400000000000000000e+01	5.226144499999999665e-02	2.560700243886587530e-03	1.868569350473181859e-02
5.500000000000000000e+01	5.333094499999999766e-02	2.597001716051553378e-03	1.848654703901634472e-02
5.600000000000000000e+01	5.393604499999999496e-02	2.632911504035006373e-03	1.828461394117558356e-02
5.700000000000000000e+01	5.452528499999999279e-02	2.668424194853732511e-03	1.807992465027729104e-02
5.800000000000000000e+01	5.542285499999999310e-02	2.703534435382300150e-03	1.787251002085326126e-02
5.900000000000000000e+01	5.666199499999999278e-02	2.738236933159983542e-03	1.766240131824842879e-02
6.000000000000000000e+01	5.819959499999999286e-02	2.772526457188535711e-03	1.744963021390793373e-02
6.100000000000000000e+01	5.933416499999999427e-02	2.806397838720703971e-03	1.723422878060304128e-02
6.200000000000000000e+01	5.976151499999999422e-02	2.839845972039357989e-03	1.701622948759655071e-02
6.300000000000000000e+01	5.969809499999999269e-02	2.872865815227116336e-03	1.679566519574839448e-02
6.400000000000000000e+01	5.901456499999999800e-02	2.905452390926357466e-03	1.657256915256230187e-02
6.500000000000000000e+01	5.897972499999999674e-02	2.937600787089498459e-03	1.634697498717407882e-02
6.600000000000000000e+01	5.953920499999999782e-02	2.969306157719429646e-03	1.611891670528240936e-02
6.700000000000000000e+01	6.084915499999999505e-02	3.000563723599991919e-03	1.588842868402292816e-02
6.800000000000000000e+01	6.138423499999999533e-02	3.031368773016387009e-03	1.565554566678621987e-02
6.900000000000000000e+01	6.173930499999999433e-02	3.061716662465415774e-03	1.542030275798070456e-02
7.000000000000000000e+01	6.179444499999998952e-02	3.091602817355430886e-03	1.518273541774100080e-02
7.100000000000000000e+01	6.203602499999999464e-02	3.121022732695902420e-03	1.494287945658277772e-02
7.200000000000000000e+01	6.290353499999999654e-02	3.149971973776497045e-03	1.470077103000470148e-02
7.300000000000000000e+01	6.325315499999999147e-02	3.178446176835554582e-03	1.445644663303841462e-02
7.400000000000000000e+01	6.348232499999999223e-02	3.206441049717875195e-03	1.420994309474736018e-02
7.500000000000000000e+01	6.383210500000000009e-02	3.233952372521713570e-03	1.396129757267519644e-02
7.600000000000000000e+01	6.406400499999999332e-02	3.260975998234879464e-03	1.371054754724475126e-02
7.700000000000000000e+01	6.486576499999999190e-02	3.287507853359850074e-03	1.345773081610827579e-02
7.800000000000000000e+01	6.557639499999999566e-02	3.313543938527805776e-03	1.320288548844988225e-02
7.900000000000000000e+01	6.644237499999999796e-02	3.339080329101483391e-03	1.294604997924104703e-02
8.000000000000000000e+01	6.667668499999999943e-02	3.364113175766775873e-03	1.268726300344996324e-02
8.100000000000000000e+01	6.714141499999999596e-02	3.388638705112966085e-03	1.242656357020576093e-02
8.200000000000000000e+01	6.800533500000000009e-02	3.412653220201527886e-03	1.216399097691828364e-02
8.300000000000000000e+01	6.980474500000000138e-02	3.436153101123396066e-03	1.189958480335448834e-02
8.400000000000000000e+01	7.017853500000000022e-02	3.459134805544624054e-03	1.163338490567225429e-02
8.500000000000000000e+01	7.060165499999999927e-02	3.481594869240352188e-03	1.136543141041252564e-02
8.600000000000000000e+01	7.050123499999999543e-02	3.503529906616996772e-03	1.109576470845069322e-02
8.700000000000000000e+01	7.015794499999999934e-02	3.524936611222591418e-03	1.082442544890815581e-02
8.800000000000000000e+01	7.043908499999999850e-02	3.545811756245193479e-03	1.055145453302492979e-02
8.900000000000000000e+01	7.095614499999999825e-02	3.566152194999290537e-03	1.027689310799426853e-02
9.000000000000000000e+01	7.099069499999999255e-02	3.585954861400127147e-03	1.000078256076017240e-02
9.100000000000000000e+01	7.174483499999999292e-02	3.605216770425878972e-03	9.723164511778839211e-03
9.200000000000000000e+01	7.224422499999999525e-02	3.623935018567610994e-03	9.444080808744821642e-03
9.300000000000000000e+01	7.260354499999999156e-02	3.642106784266951284e-03	9.163573520282981139e-03
9.400000000000000000e+01	7.288614499999999941e-02	3.659729328341402698e-03	8.881684929607152473e-03
9.500000000000000000e+01	7.247648499999999328e-02	3.676799994397245228e-03	8.598457528146417547e-03
9.600000000000000000e+01	7.237105499999998970e-02	3.693316209229957452e-03	8.313934009140037940e-03
9.700000000000000000e+01	7.196361499999999467e-02	3.709275483212096363e-03	8.028157261201906633e-03
9.800000000000000000e+01	7.166645499999999003e-02	3.724675410668579212e-03	7.741170361855640412e-03
9.900000000000000000e+01	7.174479500000000010e-02	3.739513670239310965e-03	7.453016571041104835e-03
1.000000000000000000e+02	7.227798499999998905e-02	3.753788025229105353e-03	7.163739324593488070e-03
1.010000000000000000e+02	7.266706499999998903e-02	3.767496323944835319e-03	6.873382227695869900e-03
1.020000000000000000e+02	7.304880499999999444e-02	3.780636500019780768e-03	6.581989048306230439e-03
1.030000000000000000e+02	7.350114499999998996e-02	3.793206572725105977e-03	6.289603710559952404e-03
1.040000000000000000e+02	7.405319500000000221e-02	3.805204647268433694e-03	5.996270288148742439e-03
1.050000000000000000e+02	7.413426499999999086e-02	3.816628915079461719e-03	5.702032997677068671e-03
1.060000000000000000e+02	7.448792499999999650e-02	3.827477654082584238e-03	5.406936191997004440e-03
1.070000000000000000e+02	7.443793499999999674e-02	3.837749228956474981e-03	5.111024353522538102e-03
1.080000000000000000e+02	7.426144499999999538e-02	3.847442091380592292e-03	4.814342087524393216e-03
1.090000000000000000e+02	7.423521499999999329e-02	3.856554780268570994e-03	4.516934115406291521e-03
1.100000000000000000e+02	7.443139499999999742e-02	3.865085921988464183e-03	4.218845267963700421e-03
1.110000000000000000e+02	7.521169499999999508e-02	3.873034230569802859e-03	3.920120478626147424e-03
1.120000000000000000e+02	7.550676499999998958e-02	3.880398507897437829e-03	3.620804776684003606e-03
1.130000000000000000e+02	7.556318499999999105e-02	3.887177643892146973e-03	3.320943280500853693e-03
1.140000000000000000e+02	7.560109499999999316e-02	3.893370616677961464e-03	3.020581190712405117e-03
1.150000000000000000e+02	7.612679499999999710e-02	3.898976492736206181e-03	2.719763783413049751e-03
1.160000000000000000e+02	7.631881499999999818e-02	3.903994427046213970e-03	2.418536403331003788e-03
1.170000000000000000e+02	7.622059500000000209e-02	3.908423663212702050e-03	2.116944456993097821e-03
1.180000000000000000e+02	7.597008499999999276e-02	3.912263533579794957e-03	1.815033405880306545e-03
1.190000000000000000e+02	7.525325499999999113e-02	3.915513459331656718e-03	1.512848759574934865e-03
1.200000000000000000e+02	7.467833499999999847e-02	3.918172950579752213e-03	1.210436068900588857e-03
1.210000000000000000e+02	7.418430499999999206e-02	3.920241606436680910e-03	9.078409190558971772e-04
1.220000000000000000e+02	7.368304499999998869e-02	3.921719115076613763e-03	6.051089227431036407e-04
1.230000000000000000e+02	7.360400500000000013e-02	3.922605253782294674e-03	3.022857132924672025e-04
1.240000000000000000e+02	7.405835499999999239e-02	3.922899888978610868e-03	-5.830622164492472429e-07
1.250000000000000000e+02	7.427490500000000218e-02	3.922602976252731292e-03	-3.034517498355125751e-04
1.260000000000000000e+02	7.434935499999999198e-02	3.921714560360799184e-03	-6.062746956298437290e-04
1.270000000000000000e+02	7.428170499999998955e-02	3.920234775221184860e-03	-9.090062525596061130e-04
1.280000000000000000e+02	7.334772499999998863e-02	3.918163843894302209e-03	-1.211600787360789591e-03
1.290000000000000000e+02	7.307355499999999837e-02	3.915502078548979345e-03	-1.514012687423860149e-03
1.300000000000000000e+02	7.238598499999999991e-02	3.912249880415409435e-03	-1.816196367669349349e-03
1.310000000000000000e+02	7.230964499999999184e-02	3.908407739724666097e-03	-2.118106277419289172e-03
1.320000000000000000e+02	7.285953499999998917e-02	3.903976235634807213e-03	-2.419696907263416130e-03
1.330000000000000000e+02	7.285340499999999608e-02	3.898956036143572806e-03	-2.720922795919208329e-03
1.340000000000000000e+02	7.332602499999998913e-02	3.893347897987694747e-03	-3.021738537084631918e-03
1.350000000000000000e+02	7.341837499999999406e-02	3.887152666528825677e-03	-3.322098786282639583e-03
1.360000000000000000e+02	7.353888499999999828e-02	3.880371275626109690e-03	-3.621958267696285920e-03
1.370000000000000000e+02	7.323817499999998870e-02	3.873004747495415595e-03	-3.921271780993550692e-03
1.380000000000000000e+02	7.294848499999999347e-02	3.865054192555249669e-03	-4.219994208140777532e-03
1.390000000000000000e+02	7.274478499999999237e-02	3.856520809259371321e-03	-4.518080520203662971e-03
1.400000000000000000e+02	7.275339499999999848e-02	3.847405883916142459e-03	-4.815485784134864236e-03
1.410000000000000000e+02	7.262211500000000097e-02	3.837710790494629643e-03	-5.112165169547125583e-03
1.420000000000000000e+02	7.209033499999999151e-02	3.827436990417495445e-03	-5.408073955470956047e-03
1.430000000000000000e+02	7.149198499999999401e-02	3.816586032340703750e-03	-5.703167537095767473e-03
1.440000000000000000e+02	7.067401499999999281e-02	3.805159551920081051e-03	-5.997401432493546479e-03
1.450000000000000000e+02	7.025075499999999806e-02	3.793159271564758468e-03	-6.290731289324003050e-03
1.460000000000000000e+02	6.999857499999999344e-02	3.780587000177538723e-03	-6.583112891520138434e-03
1.470000000000000000e+02	6.996158499999999281e-02	3.767444632882224927e-03	-6.874502165953325084e-03
1.480000000000000000e+02	7.014899499999999177e-02	3.753734150737953260e-03	-7.164855189076808385e-03
1.490000000000000000e+02	7.002836499999999520e-02	3.739457620440571166e-03	-7.454128193546693398e-03
1.500000000000000000e+02	6.909990499999998925e-02	3.724617194011106171e-03	-7.742277574819327220e-03
1.510000000000000000e+02	6.828183499999999906e-02	3.709215108471375626e-03	-8.029259897724197459e-03
1.520000000000000000e+02	6.708521499999998972e-02	3.693253685506779453e-03	-8.315031903011292982e-03
1.530000000000000000e+02	6.675613499999999423e-02	3.676735331116334424e-03	-8.599550513871902571e-03
1.540000000000000000e+02	6.624058499999999072e-02	3.659662535249997260e-03	-8.882772842431958110e-03
1.550000000000000000e+02	6.631686499999998874e-02	3.642037871433333792e-03	-9.164656196216898823e-03
1.560000000000000000e+02	6.654291499999999415e-02	3.623863996379590117e-03	-9.445158084587037400e-03
1.570000000000000000e+02	6.679135499999999670e-02	3.605143649589223447e-03	-9.724236225142542447e-03
1.580000000000000000e+02	6.668544499999999597e-02	3.585879652936954654e-03	-1.000184855009702244e-02
1.590000000000000000e+02	6.592533500000000157e-02	3.566074910246401931e-03	-1.027795321261876574e-02
1.600000000000000000e+02	6.567346500000000031e-02	3.545732406852366691e-03	-1.055250859313862193e-02
1.610000000000000000e+02	6.541849499999999318e-02	3.524855209150826781e-03	-1.082547330562372290e-02
1.620000000000000000e+02	6.532537499999999109e-02	3.503446464136709005e-03	-1.109680620381592146e-02
1.630000000000000000e+02	6.460504499999999983e-02	3.481509398929526385e-03	-1.136646638743408697e-02
1.640000000000000000e+02	6.403868499999999797e-02	3.459047320286916163e-03	-1.163441320833939058e-02
1.650000000000000000e+02	6.332168499999998867e-02	3.436063614106191298e-03	-1.190060627666253250e-02
1.660000000000000000e+02	6.315334499999999962e-02	3.412561744913954892e-03	-1.216500546689199339e-02
1.670000000000000000e+02	6.308335499999999374e-02	3.388545255343861692e-03	-1.242757092392256582e-02
1.680000000000000000e+02	6.315673499999999163e-02	3.364017765602606014e-03	-1.268826306906300876e-02
1.690000000000000000e+02	6.260092500000000171e-02	3.338982972924221977e-03	-1.294704260600204604e-02
1.700000000000000000e+02	6.141545499999999380e-02	3.313444651012764555e-03	-1.320387052673189544e-02
1.710000000000000000e+02	6.005047499999999205e-02	3.287406649473468591e-03	-1.345870811742823185e-02
1.720000000000000000e+02	5.988974499999999423e-02	3.260872893232467321e-03	-1.371151696428582999e-02
1.730000000000000000e+02	5.873256499999999353e-02	3.233847381945151919e-03	-1.396225895930904362e-02
1.740000000000000000e+02	5.831342499999999512e-02	3.206334189393272253e-03	-1.421089630605612032e-02
1.750000000000000000e+02	5.704414499999999749e-02	3.178337462870863429e-03	-1.445739152533655550e-02
1.760000000000000000e+02	5.607527499999999387e-02	3.149861422559083537e-03	-1.470170746086069472e-02
1.770000000000000000e+02	5.536997499999999489e-02	3.120910360890079283e-03	-1.494380728484055211e-02
1.780000000000000000e+02	5.475678499999999532e-02	3.091488641899940194e-03	-1.518365450354122216e-02
1.790000000000000000e+02	5.409175499999999831e-02	3.061600700570881080e-03	-1.542121296278188038e-02
1.800000000000000000e+02	5.311895499999999548e-02	3.031251042162717325e-03	-1.565644685338555067e-02
1.810000000000000000e+02	5.251345499999999361e-02	3.000444241533745376e-03	-1.588932071657699757e-02
1.820000000000000000e+02	5.188486499999999529e-02	2.969184942451137676e-03	-1.611979944932769374e-02
1.830000000000000000e+02	5.139601499999999629e-02	2.937477856890954430e-03	-1.634784830964715677e-02
1.840000000000000000e+02	5.082384499999999250e-02	2.905327764327860635e-03	-1.657343292181996663e-02
1.850000000000000000e+02	4.956472499999999698e-02	2.872739511014677210e-03	-1.679651928158747837e-02
1.860000000000000000e+02	4.807131499999999641e-02	2.839718009251869860e-03	-1.701707376127351706e-02
1.870000000000000000e+02	4.742535499999999543e-02	2.806268236647069779e-03	-1.723506311485345846e-02
1.880000000000000000e+02	4.696862499999999302e-02	2.772395235364761082e-03	-1.745045448296561261e-02
1.890000000000000000e+02	4.730359499999999690e-02	2.738104111366234262e-03	-1.766321539786437980e-02
1.900000000000000000e+02	4.755228499999999275e-02	2.703400033639917575e-03	-1.787331378831445369e-02
1.910000000000000000e+02	4.698699499999999668e-02	2.668288233422217316e-03	-1.808071798442511049e-02
1.920000000000000000e+02	4.640600499999999323e-02	2.632774003408965002e-03	-1.828539672242413330e-02
1.930000000000000000e+02	4.556479499999999822e-02	2.596862696957605906e-03	-1.848731914937044515e-02
1.940000000000000000e+02	4.410792499999999228e-02	2.560559727280248190e-03	-1.868645482780480899e-02
1.950000000000000000e+02	4.363815499999999792e-02	2.523870566627675442e-03	-1.888277374033794920e-02
1.960000000000000000e+02	4.269108499999999667e-02	2.486800745464473519e-03	-1.907624629417532802e-02
1.970000000000000000e+02	4.209022499999999500e-02	2.449355851635378386e-03	-1.926684332557787593e-02
1.980000000000000000e+02	4.143839499999999593e-02	2.411541529522968994e-03	-1.945453610425812788e-02
1.990000000000000000e+02	4.118921499999999430e-02	2.373363479196844827e-03	-1.963929633771098124e-02
2.000000000000000000e+02	4.037475499999999828e-02	2.334827455554410423e-03	-1.982109617547840597e-02
2.010000000000000000e+02	3.924822499999999770e-02	2.295939267453382671e-03	-1.999990821334765231e-02
2.020000000000000000e+02	3.821033499999999805e-02	2.256704776836179153e-03	-2.017570549748207154e-02
2.030000000000000000e+02	3.708756499999999595e-02	2.217129897846299887e-03	-2.034846152848409501e-02
2.040000000000000000e+02	3.617684499999999220e-02	2.177220595936832544e-03	-2.051815026538973685e-02
2.050000000000000000e+02	3.483462499999999407e-02	2.136982886971236853e-03	-2.068474612959392972e-02
2.060000000000000000e+02	3.443661499999999681e-02	2.096422836316517904e-03	-2.084822400870624259e-02
2.070000000000000000e+02	3.330933499999999547e-02	2.055546557928941871e-03	-2.100855926033625559e-02
2.080000000000000000e+02	3.196954499999999505e-02	2.014360213432437284e-03	-2.116572771580810600e-02
2.090000000000000000e+02	3.069420499999999524e-02	1.972870011189788511e-03	-2.131970568380366429e-02
2.100000000000000000e+02	3.050319499999999684e-02	1.931082205366806224e-03	-2.147046995393371224e-02
2.110000000000000000e+02	2.974708499999999603e-02	1.889003094989584334e-03	-2.161799780023662340e-02
2.120000000000000000e+02	2.926936499999999511e-02	1.846639022994990423e-03	-2.176226698460405687e-02
2.130000000000000000e+02	2.890044499999999683e-02	1.803996375274543196e-03	-2.190325576013309530e-02
2.140000000000000000e+02	2.833639499999999686e-02	1.761081579711818975e-03	-2.204094287440431718e-02
2.150000000000000000e+02	2.772286499999999584e-02	1.717901105213514527e-03	-2.217530757268537656e-02
2.160000000000000000e+02	2.708760499999999377e-02	1.674461460734338186e-03	-2.230632960105952828e-02
2.170000000000000000e+02	2.654348499999999514e-02	1.630769194295866300e-03	-2.243398920947865458e-02
2.180000000000000000e+02	2.568424499999999444e-02	1.586830891999493811e-03	-2.255826715474038013e-02
2.190000000000000000e+02	2.437680499999999445e-02	1.542653177033663503e-03	-2.267914470338875527e-02
2.200000000000000000e+02	2.400410499999999434e-02	1.498242708675498816e-03	-2.279660363453808736e-02
2.210000000000000000e+02	2.285144499999999454e-02	1.453606181286987023e-03	-2.291062624261956324e-02
2.220000000000000000e+02	2.260723499999999636e-02	1.408750323305893188e-03	-2.302119534005010737e-02
2.230000000000000000e+02	2.214036499999999519e-02	1.363681896231515268e-03	-2.312829425982327117e-02
2.240000000000000000e+02	2.140577499999999495e-02	1.318407693605471408e-03	-2.323190685802154279e-02
2.250000000000000000e+02	2.074417499999999664e-02	1.272934539987658408e-03	-2.333201751624987275e-02
2.260000000000000000e+02	1.926583499999999505e-02	1.227269289927517557e-03	-2.342861114398996775e-02
2.270000000000000000e+02	1.777824499999999461e-02	1.181418826930796242e-03	-2.352167318087500583e-02
2.280000000000000000e+02	1.584145499999999387e-02	1.135390062421945010e-03	-2.361118959888444321e-02
2.290000000000000000e+02	1.449415499999999468e-02	1.089189934702289699e-03	-2.369714690445857627e-02
2.300000000000000000e+02	1.358338499999999470e-02	1.042825407904169254e-03	-2.377953214053254299e-02
2.310000000000000000e+02	1.311637499999999609e-02	9.963034709411777972e-04	-2.385833288848944120e-02
2.320000000000000000e+02	1.238942499999999558e-02	9.496311364546575120e-04	-2.393353727003229292e-02
2.330000000000000000e+02	1.085247499999999511e-02	9.028154397566292861e-04	-2.400513394897457742e-02
2.340000000000000000e+02	9.275057999999995750e-03	8.558634377693068087e-04	-2.407311213294898930e-02
2.350000000000000000e+02	9.080304999999995116e-03	8.087822079613349703e-04	-2.413746157503431425e-02
2.360000000000000000e+02	8.107699999999995466e-03	7.615788472809573682e-04	-2.419817257529997823e-02
2.370000000000000000e+02	6.391395999999995373e-03	7.142604710862225301e-04	-2.425523598226824937e-02
2.380000000000000000e+02	5.452207999999995718e-03	6.668342120724312771e-04	-2.430864319429369355e-02
2.390000000000000000e+02	5.074569999999995265e-03	6.193072191969701840e-04	-2.435838616085975877e-02
2.400000000000000000e+02	4.101759999999995097e-03	5.716866566016801056e-04	-2.440445738379232524e-02
2.410000000000000000e+02	2.858260999999995191e-03	5.239797025329497211e-04	-2.444684991838995403e-02
2.420000000000000000e+02	1.572960999999995554e-03	4.761935482596832306e-04	-2.448555737447071640e-02
2.430000000000000000e+02	3.517159999999954108e-04	4.283353969892903564e-04	-2.452057391733544062e-02
2.440000000000000000e+02	-6.137000000000459796e-05	3.804124627818913701e-04	-2.455189426864724106e-02
2.450000000000000000e+02	-7.400981600000045794e-04	3.324319694628864903e-04	-2.457951370722714565e-02
2.460000000000000000e+02	-1.408935200000004453e-03	2.844011495340380280e-04	-2.460342806976575925e-02
2.470000000000000000e+02	-2.490453000000004448e-03	2.363272430832596732e-04	-2.462363375145085881e-02
2.480000000000000000e+02	-3.757647000000004581e-03	1.882174966932630340e-04	-2.464012770651074005e-02
2.490000000000000000e+02	-4.603157000000004419e-03	1.400791623492068439e-04	-2.465290744867337097e-02
2.500000000000000000e+02	-5.134315000000004743e-03	9.191949634555883627e-05	-2.466197105154113722e-02
2.510000000000000000e+02	-5.051545000000004504e-03	4.374575819228115019e-05	-2.466731714888123136e-02
2.520000000000000000e+02	-5.196776000000004510e-03	-4.434790479450968136e-06	-2.466894493483162004e-02
2.530000000000000000e+02	-6.122788000000004872e-03	-5.261488701185057482e-05	-2.466685416402248504e-02
2.540000000000000000e+02	-7.068855000000004961e-03	-1.007872688152906744e-04	-2.466104515161322147e-02
2.550000000000000000e+02	-7.931518000000005453e-03	-1.489446744630500553e-04	-2.465151877324494797e-02
2.560000000000000000e+02	-8.796777000000003885e-03	-1.970798447858836773e-04	-2.463827646490849080e-02
2.570000000000000000e+02	-9.445373000000005168e-03	-2.451855239662685169e-04	-2.462132022272793888e-02
2.580000000000000000e+02	-1.073581500000000445e-02	-2.932544606321285858e-04	-2.460065260265973872e-02
2.590000000000000000e+02	-1.088708500000000468e-02	-3.412794089498897361e-04	-2.457627672010743655e-02
2.600000000000000000e+02	-1.179456500000000511e-02	-3.892531297167152828e-04	-2.454819624945203324e-02
2.610000000000000000e+02	-1.285509500000000388e-02	-4.371683914517264882e-04	-2.451641542349814948e-02
2.620000000000000000e+02	-1.374548500000000520e-02	-4.850179714860591547e-04	-2.448093903283595635e-02
2.630000000000000000e+02	-1.565240500000000465e-02	-5.327946570516073040e-04	-2.444177242511905851e-02
2.640000000000000000e+02	-1.653676500000000535e-02	-5.804912463682588382e-04	-2.439892150425839942e-02
2.650000000000000000e+02	-1.806031500000000387e-02	-6.281005497294755166e-04	-2.435239272953230311e-02
2.660000000000000000e+02	-1.944235500000000491e-02	-6.756153905860689830e-04	-2.430219311461282936e-02
2.670000000000000000e+02	-1.965502500000000305e-02	-7.230286066279691202e-04	-2.424833022650853265e-02
2.680000000000000000e+02	-2.023894500000000471e-02	-7.703330508638704058e-04	-2.419081218442382941e-02
2.690000000000000000e+02	-2.101972500000000299e-02	-8.175215926985531954e-04	-2.412964765853511939e-02
2.700000000000000000e+02	-2.222694500000000489e-02	-8.645871190077329162e-04	-2.406484586868385886e-02
2.710000000000000000e+02	-2.332812500000000511e-02	-9.115225352102903711e-04	-2.399641658298677649e-02
2.720000000000000000e+02	-2.401955500000000493e-02	-9.583207663376936336e-04	-2.392437011636344008e-02
2.730000000000000000e+02	-2.508184500000000539e-02	-1.004974758100461154e-03	-2.384871732898141000e-02
2.740000000000000000e+02	-2.599873500000000545e-02	-1.051477477951523942e-03	-2.376946962461918764e-02
2.750000000000000000e+02	-2.679841500000000598e-02	-1.097821916146296106e-03	-2.368663894894722580e-02
2.760000000000000000e+02	-2.700875500000000581e-02	-1.144001086799307284e-03	-2.360023778772727537e-02
2.770000000000000000e+02	-2.740351500000000329e-02	-1.190008028937252979e-03	-2.351027916493027628e-02
2.780000000000000000e+02	-2.841645500000000366e-02	-1.235835807548275444e-03	-2.341677664077316395e-02
2.790000000000000000e+02	-2.902014500000000413e-02	-1.281477514627332552e-03	-2.331974430967482387e-02
2.800000000000000000e+02	-2.980333500000000371e-02	-1.326926270217508716e-03	-2.321919679813149937e-02
2.810000000000000000e+02	-3.034321500000000324e-02	-1.372175223447076597e-03	-2.311514926251205873e-02
2.820000000000000000e+02	-3.109893500000000463e-02	-1.417217553562198380e-03	-2.300761738677330540e-02
2.830000000000000000e+02	-3.179252500000000203e-02	-1.462046470955068612e-03	-2.289661738009582739e-02
2.840000000000000000e+02	-3.266602500000000131e-02	-1.506655218187364850e-03	-2.278216597444064975e-02
2.850000000000000000e+02	-3.301042500000000296e-02	-1.551037071008862971e-03	-2.266428042202708187e-02
2.860000000000000000e+02	-3.401214500000000751e-02	-1.595185339371033928e-03	-2.254297849273214152e-02
2.870000000000000000e+02	-3.560943500000000178e-02	-1.639093368435486650e-03	-2.241827847141197178e-02
2.880000000000000000e+02	-3.705013500000000487e-02	-1.682754539577117209e-03	-2.229019915514558747e-02
2.890000000000000000e+02	-3.829327500000000162e-02	-1.726162271381784501e-03	-2.215875985040143339e-02
2.900000000000000000e+02	-3.894215500000000607e-02	-1.769310020638377359e-03	-2.202398037012720175e-02
2.910000000000000000e+02	-3.977756500000000778e-02	-1.812191283325137545e-03	-2.188588103076319694e-02
2.920000000000000000e+02	-4.052094500000000266e-02	-1.854799595590059767e-03	-2.174448264917990675e-02
2.930000000000000000e+02	-4.116975500000000232e-02	-1.897128534725237708e-03	-2.159980653954010621e-02
2.940000000000000000e+02	-4.240278500000000533e-02	-1.939171720135025130e-03	-2.145187451008596924e-02
2.950000000000000000e+02	-4.352174500000000751e-02	-1.980922814297821424e-03	-2.130070885985175036e-02
2.960000000000000000e+02	-4.466473500000000402e-02	-2.022375523721392510e-03	-2.114633237530245957e-02
2.970000000000000000e+02	-4.582801500000000666e-02	-2.063523599891535151e-03	-2.098876832689905089e-02
2.980000000000000000e+02	-4.621788500000000716e-02	-2.104360840213965675e-03	-2.082804046559070740e-02
2.990000000000000000e+02	-4.722944500000000184e-02	-2.144881088949295370e-03	-2.066417301923462180e-02
3.000000000000000000e+02	-4.794487500000000485e-02	-2.185078238140933642e-03	-2.049719068894394550e-02
3.010000000000000000e+02	-4.830326500000000495e-02	-2.224946228535786864e-03	-2.032711864536439900e-02
3.020000000000000000e+02	-4.835175500000000320e-02	-2.264479050497629313e-03	-2.015398252488006040e-02
3.030000000000000000e+02	-4.827436500000000658e-02	-2.303670744912980108e-03	-1.997780842574899129e-02
3.040000000000000000e+02	-4.819688500000000181e-02	-2.342515404089369913e-03	-1.979862290416924825e-02
3.050000000000000000e+02	-4.861225500000000699e-02	-2.381007172645860804e-03	-1.961645297027580365e-02
3.060000000000000000e+02	-4.980021500000000184e-02	-2.419140248395675302e-03	-1.943132608406909420e-02
3.070000000000000000e+02	-5.060122500000000662e-02	-2.456908883220803187e-03	-1.924327015127579379e-02
3.080000000000000000e+02	-5.124132500000000423e-02	-2.494307383938473323e-03	-1.905231351914227211e-02
3.090000000000000000e+02	-5.165482500000000143e-02	-2.531330113159329168e-03	-1.885848497216162031e-02
3.100000000000000000e+02	-5.198266500000000429e-02	-2.567971490137197377e-03	-1.866181372773473984e-02
3.110000000000000000e+02	-5.206890500000000560e-02	-2.604225991610327213e-03	-1.846232943176609811e-02
3.120000000000000000e+02	-5.285386500000000681e-02	-2.640088152633949387e-03	-1.826006215419503226e-02
3.130000000000000000e+02	-5.357993500000000214e-02	-2.675552567404061981e-03	-1.805504238446298607e-02
3.140000000000000000e+02	-5.431611500000000509e-02	-2.710613890072289481e-03	-1.784730102691760301e-02
3.150000000000000000e+02	-5.563882500000000286e-02	-2.745266835551699123e-03	-1.763686939615429286e-02
3.160000000000000000e+02	-5.592230500000000548e-02	-2.779506180313481324e-03	-1.742377921229585833e-02
3.170000000000000000e+02	-5.665639500000000522e-02	-2.813326763174324625e-03	-1.720806259621108711e-02
3.180000000000000000e+02	-5.731197500000000805e-02	-2.846723486074405774e-03	-1.698975206467292706e-02
3.190000000000000000e+02	-5.840063500000000629e-02	-2.879691314845867454e-03	-1.676888052545691052e-02
3.200000000000000000e+02	-5.950114500000000528e-02	-2.912225279971658760e-03	-1.654548127238071251e-02
3.210000000000000000e+02	-6.052927500000000738e-02	-2.944320477334626523e-03	-1.631958798028552635e-02
3.220000000000000000e+02	-6.136082500000000772e-02	-2.975972068956763382e-03	-1.609123469995990888e-02
3.230000000000000000e+02	-6.197554500000000688e-02	-3.007175283728470792e-03	-1.586045585300706676e-02
3.240000000000000000e+02	-6.222082500000000738e-02	-3.037925418127748918e-03	-1.562728622665619099e-02
3.250000000000000000e+02	-6.201096500000000122e-02	-3.068217836929198073e-03	-1.539176096851868451e-02
3.260000000000000000e+02	-6.200010500000000674e-02	-3.098047973902724132e-03	-1.515391558129007554e-02
3.270000000000000000e+02	-6.228644500000000278e-02	-3.127411332501852954e-03	-1.491378591739834711e-02
3.280000000000000000e+02	-6.290790500000001395e-02	-3.156303486541517205e-03	-1.467140817359969922e-02
3.290000000000000000e+02	-6.355555499999999969e-02	-3.184720080865268300e-03	-1.442681888552219127e-02
3.300000000000000000e+02	-6.404097499999999998e-02	-3.212656832001752581e-03	-1.418005492215853626e-02
3.310000000000000000e+02	-6.453024499999999997e-02	-3.240109528810400548e-03	-1.393115348030846135e-02
3.320000000000000000e+02	-6.497477499999999850e-02	-3.267074033116213350e-03	-1.368015207897169475e-02
3.330000000000000000e+02	-6.483781500000000697e-02	-3.293546280333530755e-03	-1.342708855369249658e-02
3.340000000000000000e+02	-6.502282500000000631e-02	-3.319522280078730705e-03	-1.317200105085635300e-02
3.350000000000000000e+02	-6.474416500000000629e-02	-3.344998116771733844e-03	-1.291492802193979113e-02
3.360000000000000000e+02	-6.482009500000000812e-02	-3.369969950226224097e-03	-1.265590821771436780e-02
3.370000000000000000e+02	-6.534216500000000760e-02	-3.394434016228515486e-03	-1.239498068240539597e-02
3.380000000000000000e+02	-6.580598500000001128e-02	-3.418386627104969770e-03	-1.213218474780643034e-02
3.390000000000000000e+02	-6.669842500000000562e-02	-3.441824172277860392e-03	-1.186756002735055333e-02
3.400000000000000000e+02	-6.783449500000000854e-02	-3.464743118809630266e-03	-1.160114641013906302e-02
3.410000000000000000e+02	-6.853959500000000871e-02	-3.487140011935443637e-03	-1.133298405492859547e-02
3.420000000000000000e+02	-6.897190500000000002e-02	-3.509011475583946171e-03	-1.106311338407778289e-02
3.430000000000000000e+02	-6.985406500000000685e-02	-3.530354212886168633e-03	-1.079157507745398016e-02
3.440000000000000000e+02	-7.013172500000000587e-02	-3.551165006672500884e-03	-1.051841006630119604e-02
3.450000000000000000e+02	-7.073570500000000982e-02	-3.571440719957629482e-03	-1.024365952707030104e-02
3.460000000000000000e+02	-7.077602500000000629e-02	-3.591178296413409000e-03	-9.967364875212103570e-03
3.470000000000000000e+02	-7.103996500000001046e-02	-3.610374760829571615e-03	-9.689567758934376773e-03
3.480000000000000000e+02	-7.158472500000000183e-02	-3.629027219562195629e-03	-9.410310052924010515e-03
3.490000000000000000e+02	-7.201084500000000388e-02	-3.647132860969896050e-03	-9.129633852034801933e-03
3.500000000000000000e+02	-7.233178500000000954e-02	-3.664688955837644424e-03	-8.847581464942183907e-03
3.510000000000000000e+02	-7.272947500000000176e-02	-3.681692857788168918e-03	-8.564195407765606144e-03
3.520000000000000000e+02	-7.315713499999999814e-02	-3.698142003680860053e-03	-8.279518397659847359e-03
3.530000000000000000e+02	-7.309948500000000571e-02	-3.714033913998136122e-03	-7.993593346375836226e-03
3.540000000000000000e+02	-7.348541499999999838e-02	-3.729366193219206711e-03	-7.706463353792142486e-03
3.550000000000000000e+02	-7.331284500000000148e-02	-3.744136530181161032e-03	-7.418171701418295287e-03
3.560000000000000000e+02	-7.294214499999999990e-02	-3.758342698427355466e-03	-7.128761845870540230e-03
3.570000000000000000e+02	-7.292124500000000953e-02	-3.771982556543024018e-03	-6.838277412321190456e-03
3.580000000000000000e+02	-7.219303500000000262e-02	-3.785054048478071319e-03	-6.546762187922767866e-03
3.590000000000000000e+02	-7.209203499999999876e-02	-3.797555203856996155e-03	-6.254260115207535553e-03
3.600000000000000000e+02	-7.174462500000000631e-02	-3.809484138275909086e-03	-5.960815285463612334e-03
3.610000000000000000e+02	-7.213204500000000574e-02	-3.820839053586577369e-03	-5.666471932088839453e-03
3.620000000000000000e+02	-7.240136500000000919e-02	-3.831618238167478104e-03	-5.371274423923058650e-03
3.630000000000000000e+02	-7.331127500000000907e-02	-3.841820067181806689e-03	-5.075267258559954323e-03
3.640000000000000000e+02	-7.399065500000000239e-02	-3.851443002822399399e-03	-4.778495055639687961e-03
3.650000000000000000e+02	-7.436053500000000538e-02	-3.860485594543539706e-03	-4.481002550122941547e-03
3.660000000000000000e+02	-7.402702500000001018e-02	-3.868946479279615838e-03	-4.182834585547578164e-03
3.670000000000000000e+02	-7.368479500000001126e-02	-3.876824381650580565e-03	-3.884036107269131077e-03
3.680000000000000000e+02	-7.360816500000000318e-02	-3.884118114154204091e-03	-3.584652155685741880e-03
3.690000000000000000e+02	-7.399280500000000871e-02	-3.890826577345076701e-03	-3.284727859448789353e-03
3.700000000000000000e+02	-7.464603499999999947e-02	-3.896948760000333405e-03	-2.984308428660390790e-03
3.710000000000000000e+02	-7.498533500000000018e-02	-3.902483739272087117e-03	-2.683439148058443680e-03
3.720000000000000000e+02	-7.544488500000000319e-02	-3.907430680826539174e-03	-2.382165370190412503e-03
3.730000000000000000e+02	-7.573124500000000259e-02	-3.911788838969739411e-03	-2.080532508577087950e-03
3.740000000000000000e+02	-7.563257500000000744e-02	-3.915557556759995811e-03	-1.778586030866963468e-03
3.750000000000000000e+02	-7.631881499999999818e-02	-3.918736266106900325e-03	-1.476371451982447973e-03
3.760000000000000000e+02	-7.631187500000000123e-02	-3.921324487856960896e-03	-1.173934327259152244e-03
3.770000000000000000e+02	-7.617061500000001095e-02	-3.923321831865825803e-03	-8.713202455788645077e-04
3.780000000000000000e+02	-7.559010500000000465e-02	-3.924727997057099460e-03	-5.685748224975998352e-04
3.790000000000000000e+02	-7.489937500000000414e-02	-3.925542771467719315e-03	-2.657436933694969430e-04
3.800000000000000000e+02	-7.427406500000000023e-02	-3.925766032279912922e-03	3.712749353204908948e-05
3.810000000000000000e+02	-7.380307500000000964e-02	-3.925397745839707443e-03	3.399930838953993308e-04
3.820000000000000000e+02	-7.396272500000000694e-02	-3.924437967662003715e-03	6.428074242525936817e-04
3.830000000000000000e+02	-7.377037499999999914e-02	-3.922886842422207074e-03	9.455248688609488956e-04
3.840000000000000000e+02	-7.339198500000000680e-02	-3.920744603934422749e-03	1.248099786583690453e-03
3.850000000000000000e+02	-7.308200500000000543e-02	-3.918011575116206284e-03	1.550486567768380279e-03
3.860000000000000000e+02	-7.254367500000000191e-02	-3.914688167939888927e-03	1.852639631121912218e-03
3.870000000000000000e+02	-7.247445500000000707e-02	-3.910774883370480605e-03	2.154513430581425810e-03
3.880000000000000000e+02	-7.224203500000000999e-02	-3.906272311290151338e-03	2.456062462179914741e-03
3.890000000000000000e+02	-7.214738500000000831e-02	-3.901181130409317119e-03	2.757241270905285736e-03
3.900000000000000000e+02	-7.175565500000000152e-02	-3.895502108164328094e-03	3.058004457552242206e-03
3.910000000000000000e+02	-7.148384500000000419e-02	-3.889236100601788527e-03	3.358306685565751442e-03
3.920000000000000000e+02	-7.121275500000000258e-02	-3.882384052249518956e-03	3.658102687874871528e-03
3.930000000000000000e+02	-7.089520500000000280e-02	-3.874946995974177903e-03	3.957347273716303043e-03
3.940000000000000000e+02	-7.124920500000000989e-02	-3.866926052825567835e-03	4.255995335446435650e-03
3.950000000000000000e+02	-7.170836500000001001e-02	-3.858322431867654452e-03	4.554001855340670916e-03
3.960000000000000000e+02	-7.211346500000000159e-02	-3.849137429996310998e-03	4.851321912379388639e-03
3.970000000000000000e+02	-7.228114500000000497e-02	-3.839372431743824469e-03	5.147910689019327170e-03
3.980000000000000000e+02	-7.254018500000000702e-02	-3.829028909070198838e-03	5.443723477949184708e-03
3.990000000000000000e+02	-7.205646500000000010e-02	-3.818108421141271774e-03	5.738715688828790150e-03
4.000000000000000000e+02	-7.121606500000000894e-02	-3.806612614093683473e-03	6.032842855010636142e-03
4.010000000000000000e+02	-7.054100500000000384e-02	-3.794543220786749608e-03	6.326060640242591251e-03
4.020000000000000000e+02	-7.044218500000000438e-02	-3.781902060541248410e-03	6.618324845351131192e-03
4.030000000000000000e+02	-7.009943500000000161e-02	-3.768691038865175629e-03	6.909591414903919898e-03
4.040000000000000000e+02	-6.981253500000000889e-02	-3.754912147166518995e-03	7.199816443850520081e-03
4.050000000000000000e+02	-6.987406499999999909e-02	-3.740567462453070827e-03	7.488956184140637372e-03
4.060000000000000000e+02	-6.976361500000000104e-02	-3.725659147019344704e-03	7.776967051318696769e-03
4.070000000000000000e+02	-6.935149499999999911e-02	-3.710189448120636540e-03	8.063805631093557899e-03
4.080000000000000000e+02	-6.857596500000000261e-02	-3.694160697634273852e-03	8.349428685882806164e-03
4.090000000000000000e+02	-6.774033499999999874e-02	-3.677575311708116551e-03	8.633793161330269306e-03
4.100000000000000000e+02	-6.719626500000000502e-02	-3.660435790396343939e-03	8.916856192796052474e-03
4.110000000000000000e+02	-6.653047500000000558e-02	-3.642744717282609020e-03	9.198575111817744801e-03
4.120000000000000000e+02	-6.537386500000000322e-02	-3.624504759090587877e-03	9.478907452542276180e-03
4.130000000000000000e+02	-6.470251500000000211e-02	-3.605718665282000874e-03	9.757810958127192610e-03
4.140000000000000000e+02	-6.444991500000001039e-02	-3.586389267642168567e-03	1.003524358711027804e-02
4.150000000000000000e+02	-6.418673500000000864e-02	-3.566519479853150904e-03	1.031116351974686873e-02
4.160000000000000000e+02	-6.392319500000000210e-02	-3.546112297054537787e-03	1.058552916431375335e-02
4.170000000000000000e+02	-6.333328500000000305e-02	-3.525170795391976454e-03	1.085829916337852606e-02
4.180000000000000000e+02	-6.277442499999999481e-02	-3.503698131553472511e-03	1.112943240003379589e-02
4.190000000000000000e+02	-6.257875500000001368e-02	-3.481697542293553122e-03	1.139888800409514548e-02
4.200000000000000000e+02	-6.258427499999999477e-02	-3.459172343945371257e-03	1.166662535826171014e-02
4.210000000000000000e+02	-6.251537500000001191e-02	-3.436125931920803490e-03	1.193260410423883228e-02
4.220000000000000000e+02	-6.230094500000000340e-02	-3.412561780198626344e-03	1.219678414882166030e-02
4.230000000000000000e+02	-6.183672500000000211e-02	-3.388483440800863552e-03	1.245912566993861124e-02
4.240000000000000000e+02	-6.085102500000000303e-02	-3.363894543257354985e-03	1.271958912265415582e-02
4.250000000000000000e+02	-6.004473500000000186e-02	-3.338798794058643517e-03	1.297813524512980189e-02
4.260000000000000000e+02	-5.998400500000000690e-02	-3.313199976097271765e-03	1.323472506454225102e-02
4.270000000000000000e+02	-5.993110500000000535e-02	-3.287101948097555064e-03	1.348931990295815925e-02
4.280000000000000000e+02	-5.999411500000000758e-02	-3.260508644033911774e-03	1.374188138316444208e-02
4.290000000000000000e+02	-6.012059500000000584e-02	-3.233424072537878849e-03	1.399237143445307245e-02
4.300000000000000000e+02	-5.942167500000000713e-02	-3.205852316293848238e-03	1.424075229835986348e-02
4.310000000000000000e+02	-5.839219500000000784e-02	-3.177797531423646408e-03	1.448698653435617247e-02
4.320000000000000000e+02	-5.685789500000000551e-02	-3.149263946860055008e-03	1.473103702549250285e-02
4.330000000000000000e+02	-5.572161500000000212e-02	-3.120255863709348564e-03	1.497286698399352516e-02
4.340000000000000000e+02	-5.496514500000000691e-02	-3.090777654602940277e-03	1.521243995680345018e-02
4.350000000000000000e+02	-5.432416500000000759e-02	-3.060833763038275576e-03	1.544971983108080031e-02
4.360000000000000000e+02	-5.315965500000000704e-02	-3.030428702709017652e-03	1.568467083964205158e-02
4.370000000000000000e+02	-5.253406500000000479e-02	-2.999567056824654649e-03	1.591725756635317679e-02
4.380000000000000000e+02	-5.175276500000000612e-02	-2.968253477419649511e-03	1.614744495146810260e-02
4.390000000000000000e+02	-5.055263500000000548e-02	-2.936492684652186689e-03	1.637519829691363657e-02
4.400000000000000000e+02	-5.003942500000000543e-02	-2.904289466092671405e-03	1.660048327151977116e-02
4.410000000000000000e+02	-4.935601500000000308e-02	-2.871648676002047824e-03	1.682326591619475592e-02
4.420000000000000000e+02	-4.868248500000000450e-02	-2.838575234600091823e-03	1.704351264904395077e-02
4.430000000000000000e+02	-4.831121500000000457e-02	-2.805074127323733003e-03	1.726119027043195725e-02
4.440000000000000000e+02	-4.776889500000000566e-02	-2.771150404075557738e-03	1.747626596798711532e-02
4.450000000000000000e+02	-4.688193500000000652e-02	-2.736809178462604273e-03	1.768870732154749839e-02
4.460000000000000000e+02	-4.620163500000000478e-02	-2.702055627025540946e-03	1.789848230804792079e-02
4.470000000000000000e+02	-4.563532500000000436e-02	-2.666894988458353745e-03	1.810555930634709376e-02
4.480000000000000000e+02	-4.520624500000000601e-02	-2.631332562818692374e-03	1.830990710199404889e-02
4.490000000000000000e+02	-4.517154500000000739e-02	-2.595373710728935551e-03	1.851149489193339506e-02
4.500000000000000000e+02	-4.503654500000000421e-02	-2.559023852568136428e-03	1.871029228914857998e-02
4.510000000000000000e+02	-4.467346500000000248e-02	-2.522288467654976510e-03	1.890626932724227133e-02
4.520000000000000000e+02	-4.415108500000000658e-02	-2.485173093421814798e-03	1.909939646495350737e-02
4.530000000000000000e+02	-4.333160500000000220e-02	-2.447683324579977022e-03	1.928964459061072861e-02
4.540000000000000000e+02	-4.272261500000000545e-02	-2.409824812276431527e-03	1.947698502651993777e-02
4.550000000000000000e+02	-4.177111500000000449e-02	-2.371603263241940304e-03	1.966138953328757863e-02
4.560000000000000000e+02	-4.086487500000000189e-02	-2.333024438930823060e-03	1.984283031407733933e-02
4.570000000000000000e+02	-3.969193500000000457e-02	-2.294094154652506073e-03	2.002128001880010624e-02
4.580000000000000000e+02	-3.833347500000000574e-02	-2.254818278694919152e-03	2.019671174823672866e-02
4.590000000000000000e+02	-3.757530500000000329e-02	-2.215202731439914162e-03	2.036909905809279608e-02
4.600000000000000000e+02	-3.663983500000000254e-02	-2.175253484470852147e-03	2.053841596298472752e-02
4.610000000000000000e+02	-3.596562500000000800e-02	-2.134976559672446209e-03	2.070463694035680827e-02
4.620000000000000000e+02	-3.492288500000000767e-02	-2.094378028323028423e-03	2.086773693432845619e-02
4.630000000000000000e+02	-3.385437500000000599e-02	-2.053464010179386918e-03	2.102769135947103046e-02
4.640000000000000000e+02	-3.254213500000000675e-02	-2.012240672554279405e-03	2.118447610451383578e-02
4.650000000000000000e+02	-3.070275500000000518e-02	-1.970714229386771443e-03	2.133806753597864911e-02
4.660000000000000000e+02	-3.018844500000000472e-02	-1.928890940305574018e-03	2.148844250174212350e-02
4.670000000000000000e+02	-2.881223500000000548e-02	-1.886777109685468896e-03	2.163557833452574297e-02
4.680000000000000000e+02	-2.821394500000000416e-02	-1.844379085697000651e-03	2.177945285531264832e-02
4.690000000000000000e+02	-2.727509500000000614e-02	-1.801703259349551368e-03	2.192004437669087952e-02
4.700000000000000000e+02	-2.683455500000000299e-02	-1.758756063527990802e-03	2.205733170612246205e-02
4.710000000000000000e+02	-2.662633500000000444e-02	-1.715543972022981999e-03	2.219129414913795229e-02
4.720000000000000000e+02	-2.632784500000000596e-02	-1.672073498555125617e-03	2.232191151245592475e-02
4.730000000000000000e+02	-2.575041500000000566e-02	-1.628351195793109477e-03	2.244916410702681858e-02
4.740000000000000000e+02	-2.518039500000000472e-02	-1.584383654365959827e-03	2.257303275100085160e-02
4.750000000000000000e+02	-2.413675500000000626e-02	-1.540177501869573456e-03	2.269349877261950602e-02
4.760000000000000000e+02	-2.370268500000000458e-02	-1.495739401867702146e-03	2.281054401302999579e-02
4.770000000000000000e+02	-2.292253500000000430e-02	-1.451076052887488154e-03	2.292415082902256318e-02
4.780000000000000000e+02	-2.210430500000000464e-02	-1.406194187409730029e-03	2.303430209568999368e-02
4.790000000000000000e+02	-2.191610500000000517e-02	-1.361100570854058322e-03	2.314098120900894701e-02
4.800000000000000000e+02	-2.104812500000000433e-02	-1.315802000559118320e-03	2.324417208834285084e-02
4.810000000000000000e+02	-2.001627500000000351e-02	-1.270305304757939156e-03	2.334385917886589237e-02
4.820000000000000000e+02	-1.874618500000000548e-02	-1.224617341548677905e-03	2.344002745390767403e-02
4.830000000000000000e+02	-1.732332500000000400e-02	-1.178744997860830222e-03	2.353266241721834601e-02
4.840000000000000000e+02	-1.697255500000000375e-02	-1.132695188417096781e-03	2.362175010515375415e-02
4.850000000000000000e+02	-1.602378500000000566e-02	-1.086474854691087252e-03	2.370727708878027015e-02
4.860000000000000000e+02	-1.522409500000000519e-02	-1.040090963860966543e-03	2.378923047589905429e-02
4.870000000000000000e+02	-1.367470500000000401e-02	-9.935505077592215496e-04	2.386759791298942793e-02
4.880000000000000000e+02	-1.262376500000000380e-02	-9.468605018187442168e-04	2.394236758707098817e-02
4.890000000000000000e+02	-1.131223500000000382e-02	-9.000279840153273042e-04	2.401352822748429455e-02
4.900000000000000000e+02	-9.852487000000005254e-03	-8.530600138067598748e-04	2.408106910758980868e-02
4.910000000000000000e+02	-8.704742000000004892e-03	-8.059636710687177741e-04	2.414498004638477441e-02
4.920000000000000000e+02	-8.149126000000004796e-03	-7.587460550275429904e-04	2.420525141003790348e-02
4.930000000000000000e+02	-7.086299000000004233e-03	-7.114142831901092232e-04	2.426187411334156802e-02
4.940000000000000000e+02	-5.843559000000004243e-03	-6.639754902709592722e-04	2.431483962108129185e-02
4.950000000000000000e+02	-5.306294000000004799e-03	-6.164368271168210430e-04	2.436413994932230820e-02
4.960000000000000000e+02	-4.924251000000004486e-03	-5.688054596286885433e-04	2.440976766661308653e-02
4.970000000000000000e+02	-4.630184000000004199e-03	-5.210885676816679043e-04	2.445171589510550247e-02
4.980000000000000000e+02	-2.967051000000004400e-03	-4.732933440426793925e-04	2.448997831159161268e-02
4.990000000000000000e+02	-2.380559000000004310e-03	-4.254269932862395705e-04	2.452454914845678818e-02
5.000000000000000000e+02	-1.376268100000004740e-03	-3.774967307084406464e-04	2.455542319454915093e-02
5.010000000000000000e+02	-9.572867000000045848e-04	-3.295097812393494902e-04	2.458259579596504610e-02
5.020000000000000000e+02	-1.050619700000004608e-03	-2.814733783539231904e-04	2.460606285675059207e-02
5.030000000000000000e+02	-8.585504000000046066e-04	-2.333947629816361723e-04	2.462582083951910666e-02
5.040000000000000000e+02	-5.808712000000045700e-04	-1.852811824150151171e-04	2.464186676598429521e-02
5.050000000000000000e+02	8.965329999999953683e-04	-1.371398892171833825e-04	2.465419821740922821e-02
5.060000000000000000e+02	2.612319999999995236e-03	-8.897814012861098617e-05	2.466281333497090389e-02
5.070000000000000000e+02	3.698827999999995154e-03	-4.080319497326621945e-05	2.466771082004047891e-02
5.080000000000000000e+02	4.588742999999994958e-03	7.377684435728982044e-06	2.466888993437899025e-02
5.090000000000000000e+02	4.844228999999995039e-03	5.555723539074328458e-05	2.466635050024865855e-02
5.100000000000000000e+02	5.526279999999995397e-03	1.037281953843839584e-04	2.466009290043965838e-02
5.110000000000000000e+02	6.536716999999995711e-03	1.518833032042458454e-04	2.465011807821244558e-02
