0.000000000000000000e+00	7.767902999999999614e-03	1.178018926064899823e-05	2.997014032030618710e-02
1.000000000000000000e+00	8.186970000000000011e-03	7.031310865187462289e-05	2.996681661728973697e-02
2.000000000000000000e+00	9.087460000000000329e-03	1.288351273739513883e-04	2.995897817524045825e-02
3.000000000000000000e+00	1.038766999999999989e-02	1.873374286197563177e-04	2.994662617508193209e-02
4.000000000000000000e+00	1.235641999999999990e-02	2.458111985527608977e-04	2.992976247774112308e-02
5.000000000000000000e+00	1.292882999999999880e-02	3.042476276349055848e-04	2.990838962386804106e-02
6.000000000000000000e+00	1.407313999999999787e-02	3.626379119538268711e-04	2.988251083345293616e-02
7.000000000000000000e+00	1.428685000000000024e-02	4.209732545492361235e-04	2.985213000534121114e-02
8.000000000000000000e+00	1.468351999999999852e-02	4.792448667382522768e-04	2.981725171664602672e-02
9.000000000000000000e+00	1.531443999999999861e-02	5.374439694394862310e-04	2.977788122205870733e-02
1.000000000000000000e+01	1.708201999999999984e-02	5.955617944956791924e-04	2.973402445305708616e-02
1.100000000000000000e+01	1.860275000000000123e-02	6.535895859946957943e-04	2.968568801701189711e-02
1.200000000000000000e+01	1.988902000000000031e-02	7.115186015886711991e-04	2.963287919619129671e-02
1.300000000000000000e+01	2.132098999999999800e-02	7.693401138111153476e-04	2.957560594666374526e-02
1.400000000000000000e+01	2.295826000000000117e-02	8.270454113917754570e-04	2.951387689709937187e-02
1.500000000000000000e+01	2.402916999999999900e-02	8.846258005690584144e-04	2.944770134746996920e-02
1.600000000000000000e+01	2.503361999999999948e-02	9.420726063998138963e-04	2.937708926764790937e-02
1.700000000000000000e+01	2.614922999999999900e-02	9.993771740662842507e-04	2.930205129590408852e-02
1.800000000000000000e+01	2.767251000000000086e-02	1.056530870180021758e-03	2.922259873730517765e-02
1.900000000000000000e+01	2.969564999999999705e-02	1.113525084082576597e-03	2.913874356201044680e-02
2.000000000000000000e+01	3.013264000000000220e-02	1.170351229142761870e-03	2.905049840346833959e-02
2.100000000000000000e+01	3.106004999999999877e-02	1.227000744050296211e-03	2.895787655651317974e-02
2.200000000000000000e+01	3.172994999999999982e-02	1.283465094105635087e-03	2.886089197536215178e-02
2.300000000000000000e+01	3.284908000000000272e-02	1.339735772505789907e-03	2.875955927151302785e-02
2.400000000000000000e+01	3.482708999999999805e-02	1.395804301625945846e-03	2.865389371154280704e-02
2.500000000000000000e+01	3.598561000000000121e-02	1.451662234296683014e-03	2.854391121480769414e-02
2.600000000000000000e+01	3.655934000000000267e-02	1.507301155076611011e-03	2.842962835104471606e-02
2.700000000000000000e+01	3.808660999999999991e-02	1.562712681520219554e-03	2.831106233787536799e-02
2.800000000000000000e+01	3.871945999999999721e-02	1.617888465440763023e-03	2.818823103821162940e-02
2.900000000000000000e+01	3.959027999999999853e-02	1.672820194167979431e-03	2.806115295756478681e-02
3.000000000000000000e+01	4.043640999999999902e-02	1.727499591800461462e-03	2.792984724125741752e-02
3.100000000000000000e+01	4.135439999999999949e-02	1.781918420452485718e-03	2.779433367153901283e-02
3.200000000000000000e+01	4.202771999999999758e-02	1.836068481495116292e-03	2.765463266460560857e-02
3.300000000000000000e+01	4.275898000000000199e-02	1.889941616791393150e-03	2.751076526752393309e-02
3.400000000000000000e+01	4.328271999999999675e-02	1.943529709925420363e-03	2.736275315506049230e-02
3.500000000000000000e+01	4.448512999999999773e-02	1.996824687425168780e-03	2.721061862641609846e-02
3.600000000000000000e+01	4.580001999999999684e-02	2.049818519978808401e-03	2.705438460186631797e-02
3.700000000000000000e+01	4.746928999999999732e-02	2.102503223644387655e-03	2.689407461930835158e-02
3.800000000000000000e+01	4.868129999999999680e-02	2.154870861052679380e-03	2.672971283071485377e-02
3.900000000000000000e+01	4.945244000000000029e-02	2.206913542603007247e-03	2.656132399849525996e-02
4.000000000000000000e+01	5.019053999999999877e-02	2.258623427651875251e-03	2.638893349176512151e-02
4.100000000000000000e+01	5.053614000000000023e-02	2.309992725694226794e-03	2.621256728252405535e-02
4.200000000000000000e+01	5.104966999999999838e-02	2.361013697537143411e-03	2.603225194174284621e-02
4.300000000000000000e+01	5.203101000000000254e-02	2.411678656465815734e-03	2.584801463536032587e-02
4.400000000000000000e+01	5.338521999999999712e-02	2.461979969401608022e-03	2.565988312019061232e-02
4.500000000000000000e+01	5.501154999999999934e-02	2.511910058052045387e-03	2.546788573974131248e-02
4.600000000000000000e+01	5.667161999999999894e-02	2.561461400052539392e-03	2.527205141994335810e-02
4.700000000000000000e+01	5.789268999999999665e-02	2.610626530099693313e-03	2.507240966479308553e-02
4.800000000000000000e+01	5.864078999999999819e-02	2.659398041076010966e-03	2.486899055190721144e-02
4.900000000000000000e+01	5.940464999999999635e-02	2.707768585165837381e-03	2.466182472799140907e-02
5.000000000000000000e+01	6.005532000000000231e-02	2.755730874962362617e-03	2.445094340422315424e-02
5.100000000000000000e+01	6.083101999999999954e-02	2.803277684565533452e-03	2.423637835154947642e-02
5.200000000000000000e+01	6.159207999999999350e-02	2.850401850670686039e-03	2.401816189590045419e-02
5.300000000000000000e+01	6.236342999999999748e-02	2.897096273647758579e-03	2.379632691331902417e-02
5.400000000000000000e+01	6.335304999999999409e-02	2.943353918610907075e-03	2.357090682500796036e-02
5.500000000000000000e+01	6.411364999999999426e-02	2.989167816478365425e-03	2.334193559229471096e-02
5.600000000000000000e+01	6.511611999999999956e-02	3.034531065022392018e-03	2.310944771151482793e-02
5.700000000000000000e+01	6.598701999999999346e-02	3.079436829909149281e-03	2.287347820881485000e-02
5.800000000000000000e+01	6.663331999999999589e-02	3.123878345728344896e-03	2.263406263487531545e-02
5.900000000000000000e+01	6.733569999999999833e-02	3.167848917012499807e-03	2.239123705955478258e-02
6.000000000000000000e+01	6.847024000000000166e-02	3.211341919245668235e-03	2.214503806645561415e-02
6.100000000000000000e+01	6.923142000000000185e-02	3.254350799861480473e-03	2.189550274741235147e-02
6.200000000000000000e+01	6.981268999999999669e-02	3.296869079230331512e-03	2.164266869690355949e-02
6.300000000000000000e+01	6.993889000000000356e-02	3.338890351635594080e-03	2.138657400638791992e-02
6.400000000000000000e+01	7.007563999999999460e-02	3.380408286238690413e-03	2.112725725856541559e-02
6.500000000000000000e+01	7.078816000000000275e-02	3.421416628032879215e-03	2.086475752156458086e-02
6.600000000000000000e+01	7.210508000000000195e-02	3.461909198785625974e-03	2.059911434305656056e-02
6.700000000000000000e+01	7.338962000000000263e-02	3.501879897969403972e-03	2.033036774429693508e-02
6.800000000000000000e+01	7.439406999999999270e-02	3.541322703680781572e-03	2.005855821409620668e-02
6.900000000000000000e+01	7.466354999999999520e-02	3.580231673547675224e-03	1.978372670271983519e-02
7.000000000000000000e+01	7.534539999999999293e-02	3.618600945624613364e-03	1.950591461571875643e-02
7.100000000000000000e+01	7.629142999999999342e-02	3.656424739275883698e-03	1.922516380769130617e-02
7.200000000000000000e+01	7.740887999999999936e-02	3.693697356046433782e-03	1.894151657597750033e-02
7.300000000000000000e+01	7.853172999999999404e-02	3.730413180520386965e-03	1.865501565428659067e-02
7.400000000000000000e+01	7.906950000000000089e-02	3.766566681167050987e-03	1.836570420625889891e-02
7.500000000000000000e+01	7.898637000000000019e-02	3.802152411174286074e-03	1.807362581896287262e-02
7.600000000000000000e+01	7.901706999999999481e-02	3.837165009269110673e-03	1.777882449632834858e-02
7.700000000000000000e+01	7.931322000000000372e-02	3.871599200525420361e-03	1.748134465251700159e-02
7.800000000000000000e+01	7.998270000000000379e-02	3.905449797158695030e-03	1.718123110523100613e-02
7.900000000000000000e+01	8.174246999999999763e-02	3.938711699307583317e-03	1.687852906896090618e-02
8.000000000000000000e+01	8.290297000000000638e-02	3.971379895802235049e-03	1.657328414817365106e-02
8.100000000000000000e+01	8.351551000000000113e-02	4.003449464919274156e-03	1.626554233044196981e-02
8.200000000000000000e+01	8.338054000000000299e-02	4.034915575123297106e-03	1.595534997951595507e-02
8.300000000000000000e+01	8.316806000000000199e-02	4.065773485794776758e-03	1.564275382833798037e-02
8.400000000000000000e+01	8.314446999999999810e-02	4.096018547944282710e-03	1.532780097200204215e-02
8.500000000000000000e+01	8.301588999999999496e-02	4.125646204912881108e-03	1.501053886065849274e-02
8.600000000000000000e+01	8.325396999999999659e-02	4.154651993058634980e-03	1.469101529236529688e-02
8.700000000000000000e+01	8.399088000000000387e-02	4.183031542429086272e-03	1.436927840588688235e-02
8.800000000000000000e+01	8.497465999999999353e-02	4.210780577419625907e-03	1.404537667344163410e-02
8.900000000000000000e+01	8.564215999999999496e-02	4.237894917417645187e-03	1.371935889339920278e-02
9.000000000000000000e+01	8.581138000000000654e-02	4.264370477432377453e-03	1.339127418292860791e-02
9.100000000000000000e+01	8.601390000000000424e-02	4.290203268710340682e-03	1.306117197059837066e-02
9.200000000000000000e+01	8.682405999999999457e-02	4.315389399336264781e-03	1.272910198892969642e-02
9.300000000000000000e+01	8.771331000000000266e-02	4.339925074819448066e-03	1.239511426690387795e-02
9.400000000000000000e+01	8.803486000000000644e-02	4.363806598665425848e-03	1.205925912242501903e-02
9.500000000000000000e+01	8.799364999999999271e-02	4.387030372932872180e-03	1.172158715473926686e-02
9.600000000000000000e+01	8.812506999999999979e-02	4.409592898775662774e-03	1.138214923681161832e-02
9.700000000000000000e+01	8.831524999999999792e-02	4.431490776970004562e-03	1.104099650766150569e-02
9.800000000000000000e+01	8.905738000000000543e-02	4.452720708426550350e-03	1.069818036465829299e-02
9.900000000000000000e+01	8.982890000000000319e-02	4.473279494687438726e-03	1.035375245577786416e-02
1.000000000000000000e+02	9.099079999999999668e-02	4.493164038408162947e-03	1.000776467182144629e-02
1.010000000000000000e+02	9.164688999999999475e-02	4.512371343824215023e-03	9.660269138597812888e-03
1.020000000000000000e+02	9.181641999999999582e-02	4.530898517202416528e-03	9.311318209070176821e-03
1.030000000000000000e+02	9.183621999999999619e-02	4.548742767276885840e-03	8.960964455468749604e-03
1.040000000000000000e+02	9.212372000000000616e-02	4.565901405669562860e-03	8.609260661370342696e-03
1.050000000000000000e+02	9.233217000000000507e-02	4.582371847295233988e-03	8.256259813746098450e-03
1.060000000000000000e+02	9.243145999999999307e-02	4.598151610750999228e-03	7.902015094978575432e-03
1.070000000000000000e+02	9.251447000000000143e-02	4.613238318690111167e-03	7.546579874849394624e-03
1.080000000000000000e+02	9.242047999999999930e-02	4.627629698180142463e-03	7.190007702498680750e-03
1.090000000000000000e+02	9.238688000000000455e-02	4.641323581045423731e-03	6.832352298357437584e-03
1.100000000000000000e+02	9.254502000000000561e-02	4.654317904193692838e-03	6.473667546054147001e-03
1.110000000000000000e+02	9.233122000000000551e-02	4.666610709926917455e-03	6.114007484296770517e-03
1.120000000000000000e+02	9.236606999999999457e-02	4.678200146236236208e-03	5.753426298731393641e-03
1.130000000000000000e+02	9.279168999999999612e-02	4.689084467080984614e-03	5.391978313778704804e-03
1.140000000000000000e+02	9.335414000000000212e-02	4.699262032651741611e-03	5.029717984449625506e-03
1.150000000000000000e+02	9.373288999999999926e-02	4.708731309617386271e-03	4.666699888141206259e-03
1.160000000000000000e+02	9.337149999999999617e-02	4.717490871356102254e-03	4.302978716414116236e-03
1.170000000000000000e+02	9.237328999999999679e-02	4.725539398170312648e-03	3.938609266752917532e-03
1.180000000000000000e+02	9.163211999999999746e-02	4.732875677485500962e-03	3.573646434310400778e-03
1.190000000000000000e+02	9.151689999999999825e-02	4.739498604032895725e-03	3.208145203637188629e-03
1.200000000000000000e+02	9.207555000000000600e-02	4.745407180015989192e-03	2.842160640397858266e-03
1.210000000000000000e+02	9.249923000000000173e-02	4.750600515260859809e-03	2.475747883074896991e-03
1.220000000000000000e+02	9.318334000000000339e-02	4.755077827350289756e-03	2.108962134661628018e-03
1.230000000000000000e+02	9.321148999999999407e-02	4.758838441741635936e-03	1.741858654345443706e-03
1.240000000000000000e+02	9.333937000000000483e-02	4.761881791868458752e-03	1.374492749182573996e-03
1.250000000000000000e+02	9.355507000000000406e-02	4.764207419225881777e-03	1.006919765765643604e-03
1.260000000000000000e+02	9.378511999999999960e-02	4.765814973439662372e-03	6.391950818852410550e-04
1.270000000000000000e+02	9.399709000000000536e-02	4.766704212318987124e-03	2.713740981868554094e-04
1.280000000000000000e+02	9.367446000000000106e-02	4.766875001892951352e-03	-9.648777017569822750e-05
1.290000000000000000e+02	9.286742000000000608e-02	4.766327316430750416e-03	-4.643351018890052814e-04
1.300000000000000000e+02	9.198269000000000584e-02	4.765061238445549019e-03	-8.321124778297129491e-04
1.310000000000000000e+02	9.245470000000000077e-02	4.763076958682057119e-03	-1.199764489413861083e-03
1.320000000000000000e+02	9.299564000000000441e-02	4.760374776087787294e-03	-1.567235746944619593e-03
1.330000000000000000e+02	9.318859999999999644e-02	4.756955097768017851e-03	-1.934470887957213166e-03
1.340000000000000000e+02	9.349654000000000298e-02	4.752818438924460813e-03	-2.301414585559674857e-03
1.350000000000000000e+02	9.318426999999999960e-02	4.747965422777638243e-03	-2.668011556768311657e-03
1.360000000000000000e+02	9.284578999999999749e-02	4.742396780472995545e-03	-3.034206570836515005e-03
1.370000000000000000e+02	9.222642999999999813e-02	4.736113350970741313e-03	-3.399944457575714094e-03
1.380000000000000000e+02	9.118110000000000104e-02	4.729116080919457121e-03	-3.765170115667196716e-03
1.390000000000000000e+02	9.022233000000000336e-02	4.721406024513476359e-03	-4.129828520963584222e-03
1.400000000000000000e+02	8.993758999999999781e-02	4.712984343334056421e-03	-4.493864734778621819e-03
1.410000000000000000e+02	8.993581000000000492e-02	4.703852306174385878e-03	-4.857223912164149691e-03
1.420000000000000000e+02	8.986350999999999367e-02	4.694011288848423148e-03	-5.219851310172925717e-03
1.430000000000000000e+02	8.956838999999999773e-02	4.683462773983623068e-03	-5.581692296106086776e-03
1.440000000000000000e+02	8.914392999999999623e-02	4.672208350797565218e-03	-5.942692355743995312e-03
1.450000000000000000e+02	8.866456000000000337e-02	4.660249714858528264e-03	-6.302797101559239057e-03
1.460000000000000000e+02	8.821722999999999371e-02	4.647588667830037171e-03	-6.661952280910562671e-03
1.470000000000000000e+02	8.825969999999999649e-02	4.634227117199428425e-03	-7.020103784216427667e-03
1.480000000000000000e+02	8.836193000000000519e-02	4.620167075990472272e-03	-7.377197653107070430e-03
1.490000000000000000e+02	8.789460000000000328e-02	4.605410662460094479e-03	-7.733180088553757298e-03
1.500000000000000000e+02	8.713861000000000523e-02	4.589960099779244462e-03	-8.087997458974033674e-03
1.510000000000000000e+02	8.673897999999999331e-02	4.573817715697957483e-03	-8.441596308311739849e-03
1.520000000000000000e+02	8.633328999999999309e-02	4.556985942194658606e-03	-8.793923364090624334e-03
1.530000000000000000e+02	8.633925000000000627e-02	4.539467315109767427e-03	-9.144925545440217227e-03
1.540000000000000000e+02	8.585697000000000467e-02	4.521264473763652106e-03	-9.494549971092912377e-03
1.550000000000000000e+02	8.547836999999999796e-02	4.502380160558999526e-03	-9.842743967350955567e-03
1.560000000000000000e+02	8.569272999999999474e-02	4.482817220567642327e-03	-1.018945507602213481e-02
1.570000000000000000e+02	8.579847999999999641e-02	4.462578601101933884e-03	-1.053463106232303999e-02
1.580000000000000000e+02	8.589594999999999869e-02	4.441667351270707671e-03	-1.087821992274865847e-02
1.590000000000000000e+02	8.514333999999999791e-02	4.420086621519906007e-03	-1.122016989290708019e-02
1.600000000000000000e+02	8.367425000000000557e-02	4.397839663157943231e-03	-1.156042945531824719e-02
1.610000000000000000e+02	8.237708000000000530e-02	4.374929827865864027e-03	-1.189894734717545678e-02
1.620000000000000000e+02	8.189280000000000170e-02	4.351360567192392309e-03	-1.223567256806851709e-02
1.630000000000000000e+02	8.135275999999999619e-02	4.327135432033923576e-03	-1.257055438766735596e-02
1.640000000000000000e+02	8.080523000000000566e-02	4.302258072099558739e-03	-1.290354235336495584e-02
1.650000000000000000e+02	8.008046000000000608e-02	4.276732235361240149e-03	-1.323458629787845064e-02
1.660000000000000000e+02	7.907355000000000633e-02	4.250561767489094769e-03	-1.356363634680718411e-02
1.670000000000000000e+02	7.842056000000000027e-02	4.223750611272053881e-03	-1.389064292614673388e-02
1.680000000000000000e+02	7.841707000000000538e-02	4.196302806023833459e-03	-1.421555676975761774e-02
1.690000000000000000e+02	7.804732999999999810e-02	4.168222486974391440e-03	-1.453832892678758211e-02
1.700000000000000000e+02	7.722616000000000203e-02	4.139513884646909593e-03	-1.485891076904652212e-02
1.710000000000000000e+02	7.573776000000000119e-02	4.110181324220443105e-03	-1.517725399833260574e-02
1.720000000000000000e+02	7.420899999999999719e-02	4.080229224878287320e-03	-1.549331065370888189e-02
1.730000000000000000e+02	7.336723000000000550e-02	4.049662099142203875e-03	-1.580703311872888248e-02
1.740000000000000000e+02	7.294805999999999513e-02	4.018484552192562627e-03	-1.611837412861050201e-02
1.750000000000000000e+02	7.302796999999999761e-02	3.986701281174539861e-03	-1.642728677735675810e-02
1.760000000000000000e+02	7.250860000000000638e-02	3.954317074490458668e-03	-1.673372452482255537e-02
1.770000000000000000e+02	7.234485999999999695e-02	3.921336811078372959e-03	-1.703764120372637178e-02
1.780000000000000000e+02	7.215507000000000171e-02	3.887765459677019596e-03	-1.733899102660566016e-02
1.790000000000000000e+02	7.207631999999999928e-02	3.853608078077236203e-03	-1.763772859271516696e-02
1.800000000000000000e+02	7.160476000000000341e-02	3.818869812359969133e-03	-1.793380889486683588e-02
1.810000000000000000e+02	7.047963999999999618e-02	3.783555896120971342e-03	-1.822718732621057131e-02
1.820000000000000000e+02	6.942637999999999587e-02	3.747671649682317654e-03	-1.851781968695458830e-02
1.830000000000000000e+02	6.867574999999999374e-02	3.711222479290864941e-03	-1.880566219102441927e-02
1.840000000000000000e+02	6.836815999999999727e-02	3.674213876303747406e-03	-1.909067147265971695e-02
1.850000000000000000e+02	6.760259999999999880e-02	3.636651416361069179e-03	-1.937280459294756299e-02
1.860000000000000000e+02	6.691684000000000521e-02	3.598540758545881388e-03	-1.965201904629163346e-02
1.870000000000000000e+02	6.597522999999999582e-02	3.559887644531601995e-03	-1.992827276681596871e-02
1.880000000000000000e+02	6.478335000000000343e-02	3.520697897716988135e-03	-2.020152413470249764e-02
1.890000000000000000e+02	6.423230000000000606e-02	3.480977422348787136e-03	-2.047173198246148365e-02
1.900000000000000000e+02	6.319025999999999810e-02	3.440732202632226702e-03	-2.073885560113362600e-02
1.910000000000000000e+02	6.202388000000000345e-02	3.399968301829432715e-03	-2.100285474642329259e-02
1.920000000000000000e+02	6.069563000000000041e-02	3.358691861345965059e-03	-2.126368964476154852e-02
1.930000000000000000e+02	5.947506999999999794e-02	3.316909099805553842e-03	-2.152132099929843223e-02
1.940000000000000000e+02	5.796101000000000031e-02	3.274626312113220351e-03	-2.177570999582332037e-02
1.950000000000000000e+02	5.715527000000000107e-02	3.231849868506902427e-03	-2.202681830861253839e-02
1.960000000000000000e+02	5.601450000000000179e-02	3.188586213597717836e-03	-2.227460810620355072e-02
1.970000000000000000e+02	5.485780999999999991e-02	3.144841865399045609e-03	-2.251904205709443288e-02
1.980000000000000000e+02	5.377368999999999899e-02	3.100623414344519900e-03	-2.276008333536829950e-02
1.990000000000000000e+02	5.280408999999999797e-02	3.055937522295146258e-03	-2.299769562624130043e-02
2.000000000000000000e+02	5.241308000000000078e-02	3.010790921535623586e-03	-2.323184313153380323e-02
2.010000000000000000e+02	5.205230999999999747e-02	2.965190413760079510e-03	-2.346249057506366933e-02
2.020000000000000000e+02	5.128652999999999684e-02	2.919142869047343641e-03	-2.368960320796083957e-02
2.030000000000000000e+02	5.026226000000000305e-02	2.872655224825908325e-03	-2.391314681390260127e-02
2.040000000000000000e+02	4.909291999999999823e-02	2.825734484828758188e-03	-2.413308771426848215e-02
2.050000000000000000e+02	4.871605999999999853e-02	2.778387718038194225e-03	-2.434939277321423665e-02
2.060000000000000000e+02	4.770383999999999736e-02	2.730622057620837179e-03	-2.456202940266404705e-02
2.070000000000000000e+02	4.646358999999999906e-02	2.682444699852968087e-03	-2.477096556722009624e-02
2.080000000000000000e+02	4.542887999999999787e-02	2.633862903036336949e-03	-2.497616978898906451e-02
2.090000000000000000e+02	4.445968999999999616e-02	2.584883986404658100e-03	-2.517761115232440908e-02
2.100000000000000000e+02	4.367860999999999966e-02	2.535515329020893334e-03	-2.537525930848415906e-02
2.110000000000000000e+02	4.323819000000000273e-02	2.485764368665553063e-03	-2.556908448020310184e-02
2.120000000000000000e+02	4.299100999999999617e-02	2.435638600716123064e-03	-2.575905746617904168e-02
2.130000000000000000e+02	4.186058000000000140e-02	2.385145577017830192e-03	-2.594514964547216251e-02
2.140000000000000000e+02	4.012588000000000266e-02	2.334292904745904895e-03	-2.612733298181699540e-02
2.150000000000000000e+02	3.831219999999999765e-02	2.283088245259484554e-03	-2.630558002784634530e-02
2.160000000000000000e+02	3.654142999999999974e-02	2.231539312947385285e-03	-2.647986392922641041e-02
2.170000000000000000e+02	3.546210999999999808e-02	2.179653874065851527e-03	-2.665015842870262913e-02
2.180000000000000000e+02	3.439588999999999841e-02	2.127439745568524953e-03	-2.681643787005553309e-02
2.190000000000000000e+02	3.347242000000000273e-02	2.074904793928742872e-03	-2.697867720196606492e-02
2.200000000000000000e+02	3.242656000000000011e-02	2.022056933954399002e-03	-2.713685198178976757e-02
2.210000000000000000e+02	3.144074999999999648e-02	1.968904127595518406e-03	-2.729093837923921712e-02
2.220000000000000000e+02	3.023490000000000205e-02	1.915454382744715724e-03	-2.744091317997432791e-02
2.230000000000000000e+02	2.941092000000000012e-02	1.861715752030756142e-03	-2.758675378909968348e-02
2.240000000000000000e+02	2.830125000000000002e-02	1.807696331605349429e-03	-2.772843823456871276e-02
2.250000000000000000e+02	2.705292000000000113e-02	1.753404259923406223e-03	-2.786594517049391373e-02
2.260000000000000000e+02	2.541173000000000043e-02	1.698847716516922257e-03	-2.799925388036278787e-02
2.270000000000000000e+02	2.388762999999999997e-02	1.644034920762651184e-03	-2.812834428015895810e-02
2.280000000000000000e+02	2.302009000000000000e-02	1.588974130643806913e-03	-2.825319692138796371e-02
2.290000000000000000e+02	2.257044000000000064e-02	1.533673641505917985e-03	-2.837379299400736438e-02
2.300000000000000000e+02	2.224009999999999876e-02	1.478141784807081392e-03	-2.849011432926058449e-02
2.310000000000000000e+02	2.132007999999999820e-02	1.422386926862750488e-03	-2.860214340241420267e-02
2.320000000000000000e+02	2.022573999999999900e-02	1.366417467585287308e-03	-2.870986333539820093e-02
2.330000000000000000e+02	1.912615999999999969e-02	1.310241839218457280e-03	-2.881325789934874315e-02
2.340000000000000000e+02	1.788980000000000084e-02	1.253868505067027911e-03	-2.891231151705324007e-02
2.350000000000000000e+02	1.669963999999999824e-02	1.197305958221722959e-03	-2.900700926529710746e-02
2.360000000000000000e+02	1.561567999999999984e-02	1.140562720279653325e-03	-2.909733687711214128e-02
2.370000000000000000e+02	1.470223000000000016e-02	1.083647340060488098e-03	-2.918328074392588511e-02
2.380000000000000000e+02	1.387707999999999997e-02	1.026568392318491551e-03	-2.926482791761192415e-02
2.390000000000000000e+02	1.251432999999999886e-02	9.693344764506751097e-04	-2.934196611244058867e-02
2.400000000000000000e+02	1.084550999999999918e-02	9.119542152012359310e-04	-2.941468370692989359e-02
2.410000000000000000e+02	9.610249999999999002e-03	8.544362533624577259e-04	-2.948296974559644346e-02
2.420000000000000000e+02	8.324929999999999483e-03	7.967892564723199483e-04	-2.954681394060592117e-02
2.430000000000000000e+02	7.068259000000000347e-03	7.390219095089496778e-04	-2.960620667332306347e-02
2.440000000000000000e+02	6.068459000000000006e-03	6.811429155821772724e-04	-2.966113899576075866e-02
2.450000000000000000e+02	5.006045999999999239e-03	6.231609946223288241e-04	-2.971160263192815232e-02
2.460000000000000000e+02	3.759343999999999533e-03	5.650848820665058678e-04	-2.975758997907749018e-02
2.470000000000000000e+02	2.693193999999999450e-03	5.069233275425285255e-04	-2.979909410884951440e-02
2.480000000000000000e+02	1.306424999999999514e-03	4.486850935507200044e-04	-2.983610876831729181e-02
2.490000000000000000e+02	-3.522620000000003214e-04	3.903789541437828990e-04	-2.986862838092826933e-02
2.500000000000000000e+02	-1.809107550000000307e-03	3.320136936049040695e-04	-2.989664804734440406e-02
2.510000000000000000e+02	-2.819219000000000412e-03	2.735981051243384387e-04	-2.992016354618032281e-02
2.520000000000000000e+02	-3.782762000000000277e-03	2.151409894746517126e-04	-2.993917133463927169e-02
2.530000000000000000e+02	-4.985431000000000237e-03	1.566511536847990194e-04	-2.995366854904688361e-02
2.540000000000000000e+02	-6.118116000000000700e-03	9.813740971329313093e-05	-2.996365300528262832e-02
2.550000000000000000e+02	-6.725751000000000299e-03	3.960857312059589406e-05	-2.996912319910883041e-02
2.560000000000000000e+02	-7.385014999999999982e-03	-1.892653825899911734e-05	-2.997007830639732487e-02
2.570000000000000000e+02	-8.404652000000000303e-03	-7.745910564585815547e-05	-2.996651818325361469e-02
2.580000000000000000e+02	-9.187396000000000451e-03	-1.359803106436201572e-04	-2.995844336603854102e-02
2.590000000000000000e+02	-1.030378500000000107e-02	-1.944813365677519775e-04	-2.994585507128746590e-02
2.600000000000000000e+02	-1.120557400000000113e-02	-2.529533697738667341e-04	-2.992875519552702993e-02
2.610000000000000000e+02	-1.265801000000000079e-02	-3.113876009855522770e-04	-2.990714631498938431e-02
2.620000000000000000e+02	-1.393931999999999984e-02	-3.697752266215758102e-04	-2.988103168522407774e-02
2.630000000000000000e+02	-1.489754000000000078e-02	-4.281074501221965680e-04	-2.985041524060759108e-02
2.640000000000000000e+02	-1.533917000000000093e-02	-4.863754832744516437e-04	-2.981530159375057193e-02
2.650000000000000000e+02	-1.640503000000000100e-02	-5.445705475361644916e-04	-2.977569603480292870e-02
2.660000000000000000e+02	-1.782991999999999910e-02	-6.026838753584953410e-04	-2.973160453065680844e-02
2.670000000000000000e+02	-1.923845999999999890e-02	-6.607067115068566325e-04	-2.968303372404765619e-02
2.680000000000000000e+02	-2.080635000000000123e-02	-7.186303143799424847e-04	-2.962999093255341831e-02
2.690000000000000000e+02	-2.232718000000000202e-02	-7.764459573267345517e-04	-2.957248414749209797e-02
2.700000000000000000e+02	-2.408025000000000096e-02	-8.341449299612350684e-04	-2.951052203271779806e-02
2.710000000000000000e+02	-2.525331999999999924e-02	-8.917185394747497058e-04	-2.944411392331545280e-02
2.720000000000000000e+02	-2.631466000000000013e-02	-9.491581119455428641e-04	-2.937326982419440416e-02
2.730000000000000000e+02	-2.646731000000000084e-02	-1.006454993645616034e-03	-2.929800040858109716e-02
2.740000000000000000e+02	-2.782189000000000190e-02	-1.063600552344477279e-03	-2.921831701641106060e-02
2.750000000000000000e+02	-2.944605000000000139e-02	-1.120586178609639253e-03	-2.913423165262048198e-02
2.760000000000000000e+02	-3.109158000000000061e-02	-1.177403287103712158e-03	-2.904575698533752928e-02
2.770000000000000000e+02	-3.267206999999999750e-02	-1.234043317877847948e-03	-2.895290634397383253e-02
2.780000000000000000e+02	-3.376288000000000206e-02	-1.290497737661357820e-03	-2.885569371721628112e-02
2.790000000000000000e+02	-3.445676000000000294e-02	-1.346758041147331402e-03	-2.875413375091952564e-02
2.800000000000000000e+02	-3.520787000000000222e-02	-1.402815752274013013e-03	-2.864824174589946509e-02
2.810000000000000000e+02	-3.579026999999999903e-02	-1.458662425501804256e-03	-2.853803365562804228e-02
2.820000000000000000e+02	-3.656307000000000307e-02	-1.514289647085634034e-03	-2.842352608382975321e-02
2.830000000000000000e+02	-3.744220000000000187e-02	-1.569689036342571944e-03	-2.830473628198013070e-02
2.840000000000000000e+02	-3.839700000000000057e-02	-1.624852246914437444e-03	-2.818168214670670538e-02
2.850000000000000000e+02	-3.900375999999999843e-02	-1.679770968025239746e-03	-2.805438221709271457e-02
2.860000000000000000e+02	-3.969878000000000295e-02	-1.734436925733275851e-03	-2.792285567188405523e-02
2.870000000000000000e+02	-4.068175000000000263e-02	-1.788841884177650365e-03	-2.778712232659983489e-02
2.880000000000000000e+02	-4.188272999999999996e-02	-1.842977646819087640e-03	-2.764720263054702698e-02
2.890000000000000000e+02	-4.309455000000000230e-02	-1.896836057674792077e-03	-2.750311766373961936e-02
2.900000000000000000e+02	-4.391595000000000221e-02	-1.950409002547223670e-03	-2.735488913372272415e-02
2.910000000000000000e+02	-4.504392000000000118e-02	-2.003688410246560244e-03	-2.720253937230217300e-02
2.920000000000000000e+02	-4.591939999999999911e-02	-2.056666253806683099e-03	-2.704609133218006944e-02
2.930000000000000000e+02	-4.662982000000000238e-02	-2.109334551694513893e-03	-2.688556858349674603e-02
2.940000000000000000e+02	-4.767691999999999763e-02	-2.161685369012481157e-03	-2.672099531027977842e-02
2.950000000000000000e+02	-4.872835999999999834e-02	-2.213710818693990449e-03	-2.655239630680043816e-02
2.960000000000000000e+02	-5.025389000000000245e-02	-2.265403062691667430e-03	-2.637979697383823971e-02
2.970000000000000000e+02	-5.148561000000000110e-02	-2.316754313158214933e-03	-2.620322331485414047e-02
2.980000000000000000e+02	-5.275898999999999867e-02	-2.367756833619729176e-03	-2.602270193207286558e-02
2.990000000000000000e+02	-5.390346000000000026e-02	-2.418402940141243986e-03	-2.583826002247512424e-02
3.000000000000000000e+02	-5.482150000000000217e-02	-2.468685002484393310e-03	-2.564992537370012343e-02
3.010000000000000000e+02	-5.603066000000000296e-02	-2.518595445256952611e-03	-2.545772635985917715e-02
3.020000000000000000e+02	-5.708135999999999766e-02	-2.568126749054142066e-03	-2.526169193726087586e-02
3.030000000000000000e+02	-5.801044999999999813e-02	-2.617271451591482532e-03	-2.506185164004862478e-02
3.040000000000000000e+02	-5.933668000000000275e-02	-2.666022148829041202e-03	-2.485823557575110240e-02
3.050000000000000000e+02	-6.003214999999999940e-02	-2.714371496086920386e-03	-2.465087442074626392e-02
3.060000000000000000e+02	-6.022419000000000383e-02	-2.762312209151779070e-03	-2.443979941563977076e-02
3.070000000000000000e+02	-6.045695000000000235e-02	-2.809837065374272327e-03	-2.422504236055827639e-02
3.080000000000000000e+02	-6.119441999999999937e-02	-2.856938904757184809e-03	-2.400663561035855723e-02
3.090000000000000000e+02	-6.191661999999999860e-02	-2.903610631034154663e-03	-2.378461206975293965e-02
3.100000000000000000e+02	-6.275883000000000156e-02	-2.949845212738777533e-03	-2.355900518835194260e-02
3.110000000000000000e+02	-6.362795999999999730e-02	-2.995635684263947118e-03	-2.332984895562489544e-02
3.120000000000000000e+02	-6.460986999999999980e-02	-3.040975146911290439e-03	-2.309717789577906202e-02
3.130000000000000000e+02	-6.564176000000000732e-02	-3.085856769930499233e-03	-2.286102706255837766e-02
3.140000000000000000e+02	-6.604292999999999969e-02	-3.130273791548449005e-03	-2.262143203396225349e-02
3.150000000000000000e+02	-6.612735999999999614e-02	-3.174219519987907159e-03	-2.237842890688550995e-02
3.160000000000000000e+02	-6.625693000000000554e-02	-3.217687334475697030e-03	-2.213205429168010538e-02
3.170000000000000000e+02	-6.659468999999999805e-02	-3.260670686240186005e-03	-2.188234530663943703e-02
3.180000000000000000e+02	-6.778683000000000625e-02	-3.303163099497889981e-03	-2.162933957240624830e-02
3.190000000000000000e+02	-6.888495000000000035e-02	-3.345158172429120880e-03	-2.137307520630470775e-02
3.200000000000000000e+02	-7.014985999999999444e-02	-3.386649578142455607e-03	-2.111359081659781520e-02
3.210000000000000000e+02	-7.155208000000000401e-02	-3.427631065627942744e-03	-2.085092549667066225e-02
3.220000000000000000e+02	-7.251093000000000122e-02	-3.468096460698864847e-03	-2.058511881914077205e-02
3.230000000000000000e+02	-7.364218000000000153e-02	-3.508039666921924059e-03	-2.031621082989616342e-02
3.240000000000000000e+02	-7.432474000000000025e-02	-3.547454666535724849e-03	-2.004424204206208676e-02
3.250000000000000000e+02	-7.485302000000000622e-02	-3.586335521357390810e-03	-1.976925342989744802e-02
3.260000000000000000e+02	-7.502633999999999692e-02	-3.624676373677207086e-03	-1.949128642262163910e-02
3.270000000000000000e+02	-7.572276000000000007e-02	-3.662471447141121047e-03	-1.921038289817300279e-02
3.280000000000000000e+02	-7.652138999999999469e-02	-3.699715047621006652e-03	-1.892658517689947001e-02
3.290000000000000000e+02	-7.757540000000000269e-02	-3.736401564072522070e-03	-1.863993601518274326e-02
3.300000000000000000e+02	-7.864042999999999728e-02	-3.772525469380463847e-03	-1.835047859899666123e-02
3.310000000000000000e+02	-7.927062999999999471e-02	-3.808081321191460200e-03	-1.805825653740098652e-02
3.320000000000000000e+02	-7.951605999999999952e-02	-3.843063762733919288e-03	-1.776331385597119603e-02
3.330000000000000000e+02	-7.954770999999999370e-02	-3.877467523625060739e-03	-1.746569499016579693e-02
3.340000000000000000e+02	-8.056681000000000259e-02	-3.911287420664940652e-03	-1.716544477863173740e-02
3.350000000000000000e+02	-8.102027000000000534e-02	-3.944518358617349514e-03	-1.686260845644907760e-02
3.360000000000000000e+02	-8.174008000000000662e-02	-3.977155330977433408e-03	-1.655723164831606961e-02
3.370000000000000000e+02	-8.167446999999999901e-02	-4.009193420725982136e-03	-1.624936036167528783e-02
3.380000000000000000e+02	-8.150735000000000618e-02	-4.040627801070209059e-03	-1.593904097978234013e-02
3.390000000000000000e+02	-8.175797999999999399e-02	-4.071453736170946303e-03	-1.562632025471781191e-02
3.400000000000000000e+02	-8.222699999999999454e-02	-4.101666581856131324e-03	-1.531124530034378740e-02
3.410000000000000000e+02	-8.251819999999999988e-02	-4.131261786320498952e-03	-1.499386358520563359e-02
3.420000000000000000e+02	-8.340875000000000372e-02	-4.160234890811340125e-03	-1.467422292538057664e-02
3.430000000000000000e+02	-8.412912000000000168e-02	-4.188581530300250141e-03	-1.435237147727381167e-02
3.440000000000000000e+02	-8.498527000000000164e-02	-4.216297434140755390e-03	-1.402835773036333056e-02
3.450000000000000000e+02	-8.569683999999999635e-02	-4.243378426711714481e-03	-1.370223049989468915e-02
3.460000000000000000e+02	-8.616186000000000678e-02	-4.269820428046419182e-03	-1.337403891952646667e-02
3.470000000000000000e+02	-8.625639999999999696e-02	-4.295619454447266797e-03	-1.304383243392798035e-02
3.480000000000000000e+02	-8.701818999999999527e-02	-4.320771619085936321e-03	-1.271166079133003238e-02
3.490000000000000000e+02	-8.744970000000000521e-02	-4.345273132588973845e-03	-1.237757403602991399e-02
3.500000000000000000e+02	-8.766996999999999984e-02	-4.369120303608682240e-03	-1.204162250085193293e-02
3.510000000000000000e+02	-8.844259999999999622e-02	-4.392309539379266568e-03	-1.170385679956423806e-02
3.520000000000000000e+02	-8.885698999999999681e-02	-4.414837346258100766e-03	-1.136432781925353526e-02
3.530000000000000000e+02	-8.949740000000000473e-02	-4.436700330252077440e-03	-1.102308671265852733e-02
3.540000000000000000e+02	-9.018025999999999820e-02	-4.457895197528941901e-03	-1.068018489046332169e-02
3.550000000000000000e+02	-9.095055000000000500e-02	-4.478418754913526291e-03	-1.033567401355209997e-02
3.560000000000000000e+02	-9.174885000000000679e-02	-4.498267910368835241e-03	-9.989605985225847445e-03
3.570000000000000000e+02	-9.195185999999999638e-02	-4.517439673461885047e-03	-9.642032943382809404e-03
3.580000000000000000e+02	-9.189732999999999929e-02	-4.535931155814230432e-03	-9.293007252663449888e-03
3.590000000000000000e+02	-9.124115000000000697e-02	-4.553739571537124275e-03	-8.942581496561402901e-03
3.600000000000000000e+02	-9.069934000000000329e-02	-4.570862237651238287e-03	-8.590808469501207134e-03
3.610000000000000000e+02	-9.096355000000000413e-02	-4.587296574490868327e-03	-8.237741168884489540e-03
3.620000000000000000e+02	-9.099371000000000542e-02	-4.603040106092586188e-03	-7.883432787105484202e-03
3.630000000000000000e+02	-9.115742000000000289e-02	-4.618090460568263257e-03	-7.527936703537132027e-03
3.640000000000000000e+02	-9.157473000000000696e-02	-4.632445370462409673e-03	-7.171306476489164652e-03
3.650000000000000000e+02	-9.208645000000000025e-02	-4.646102673093789083e-03	-6.813595835138962740e-03
3.660000000000000000e+02	-9.234377000000000557e-02	-4.659060310881242215e-03	-6.454858671436932045e-03
3.670000000000000000e+02	-9.204642999999999853e-02	-4.671316331653677621e-03	-6.095149031987226462e-03
3.680000000000000000e+02	-9.153174999999999506e-02	-4.682868888944184509e-03	-5.734521109905174607e-03
3.690000000000000000e+02	-9.099329999999999918e-02	-4.693716242268210388e-03	-5.373029236652756072e-03
3.700000000000000000e+02	-9.114998000000000544e-02	-4.703856757385787950e-03	-5.010727873852980838e-03
3.710000000000000000e+02	-9.135253000000000123e-02	-4.713288906547740027e-03	-4.647671605084918722e-03
3.720000000000000000e+02	-9.195609999999999895e-02	-4.722011268725850516e-03	-4.283915127660221055e-03
3.730000000000000000e+02	-9.237829999999999653e-02	-4.730022529826950935e-03	-3.919513244382511093e-03
3.740000000000000000e+02	-9.236371999999999638e-02	-4.737321482890900076e-03	-3.554520855291010140e-03
3.750000000000000000e+02	-9.247727000000000031e-02	-4.743907028272423797e-03	-3.188992949389255014e-03
3.760000000000000000e+02	-9.282071000000000072e-02	-4.749778173806782841e-03	-2.822984596360669785e-03
3.770000000000000000e+02	-9.353058999999999679e-02	-4.754934034959252230e-03	-2.456550938271830076e-03
3.780000000000000000e+02	-9.399709000000000536e-02	-4.759373834958380983e-03	-2.089747181264977726e-03
3.790000000000000000e+02	-9.392290999999999834e-02	-4.763096904913022636e-03	-1.722628587240617598e-03
3.800000000000000000e+02	-9.379514999999999381e-02	-4.766102683913104460e-03	-1.355250465531978969e-03
3.810000000000000000e+02	-9.348992999999999887e-02	-4.768390719114138851e-03	-9.876681645721993238e-04
3.820000000000000000e+02	-9.319080000000000419e-02	-4.769960665805441334e-03	-6.199370635556164825e-04
3.830000000000000000e+02	-9.318780999999999592e-02	-4.770812287462069048e-03	-2.521125640945581477e-04
3.840000000000000000e+02	-9.301897000000000637e-02	-4.770945455780451969e-03	1.157499181275094095e-04
3.850000000000000000e+02	-9.287597999999999687e-02	-4.770360150697724663e-03	4.835949617046888171e-04
3.860000000000000000e+02	-9.294199000000000210e-02	-4.769056460394749918e-03	8.513671478583531745e-04
3.870000000000000000e+02	-9.291435000000000666e-02	-4.767034581282828150e-03	1.219011068786451674e-03
3.880000000000000000e+02	-9.287913999999999892e-02	-4.764294817974116039e-03	1.586471336011029435e-03
3.890000000000000000e+02	-9.257827000000000417e-02	-4.760837583235724008e-03	1.953692588723101014e-03
3.900000000000000000e+02	-9.197067000000000436e-02	-4.756663397927535925e-03	2.320619502123089095e-03
3.910000000000000000e+02	-9.165468999999999700e-02	-4.751772890923734553e-03	2.687196795755973904e-03
3.920000000000000000e+02	-9.090658000000000072e-02	-4.746166799018059629e-03	3.053369241839756776e-03
3.930000000000000000e+02	-9.010110000000000341e-02	-4.739845966812802902e-03	3.419081673585860296e-03
3.940000000000000000e+02	-8.978157000000000498e-02	-4.732811346591558367e-03	3.784278993510602641e-03
3.950000000000000000e+02	-8.948580999999999896e-02	-4.725063998175758027e-03	4.148906181735960430e-03
3.960000000000000000e+02	-8.916203000000000323e-02	-4.716605088764999273e-03	4.512908304278813454e-03
3.970000000000000000e+02	-8.974572999999999579e-02	-4.707435892761198566e-03	4.876230521327067947e-03
3.980000000000000000e+02	-9.010199000000000680e-02	-4.697557791576588773e-03	5.238818095501879962e-03
3.990000000000000000e+02	-9.009142000000000539e-02	-4.686972273425602659e-03	5.600616400104160841e-03
4.000000000000000000e+02	-9.006387000000000420e-02	-4.675680933100660741e-03	5.961570927344555550e-03
4.010000000000000000e+02	-8.958059999999999634e-02	-4.663685471731899082e-03	6.321627296555501312e-03
4.020000000000000000e+02	-8.907304000000000610e-02	-4.650987696530889913e-03	6.680731262383997858e-03
4.030000000000000000e+02	-8.854853999999999503e-02	-4.637589520518357704e-03	7.038828722964263554e-03
4.040000000000000000e+02	-8.805369000000000390e-02	-4.623492962235978276e-03	7.395865728068500185e-03
4.050000000000000000e+02	-8.782455999999999596e-02	-4.608700145442266166e-03	7.751788487234955415e-03
4.060000000000000000e+02	-8.776383999999999574e-02	-4.593213298792608347e-03	8.106543377871906417e-03
4.070000000000000000e+02	-8.815417999999999865e-02	-4.577034755503511972e-03	8.460076953336226335e-03
4.080000000000000000e+02	-8.817139999999999700e-02	-4.560166953001072200e-03	8.812335950985700911e-03
4.090000000000000000e+02	-8.783043000000000100e-02	-4.542612432553763332e-03	9.163267300203364885e-03
4.100000000000000000e+02	-8.712164000000000019e-02	-4.524373838889575797e-03	9.512818130393039390e-03
4.110000000000000000e+02	-8.596065999999999430e-02	-4.505453919797562309e-03	9.860935778944729391e-03
4.120000000000000000e+02	-8.523959000000000397e-02	-4.485855525713871271e-03	1.020756779916857232e-02
4.130000000000000000e+02	-8.468902000000000374e-02	-4.465581609292294286e-03	1.055266196819648096e-02
4.140000000000000000e+02	-8.380400999999999823e-02	-4.444635224959431891e-03	1.089616629484985860e-02
4.150000000000000000e+02	-8.316163000000000027e-02	-4.423019528454517381e-03	1.123802902747250872e-02
4.160000000000000000e+02	-8.244827999999999879e-02	-4.400737776353985491e-03	1.157819866172735482e-02
4.170000000000000000e+02	-8.150884999999999381e-02	-4.377793325580834477e-03	1.191662394835610664e-02
4.180000000000000000e+02	-8.084139999999999382e-02	-4.354189632898884839e-03	1.225325390090028707e-02
4.190000000000000000e+02	-8.046720999999999735e-02	-4.329930254391988441e-03	1.258803780338275773e-02
4.200000000000000000e+02	-7.992549999999999655e-02	-4.305018844928274781e-03	1.292092521794852358e-02
4.210000000000000000e+02	-7.955842000000000469e-02	-4.279459157609523737e-03	1.325186599246347928e-02
4.220000000000000000e+02	-7.894977000000000245e-02	-4.253255043205718573e-03	1.358081026807039272e-02
4.230000000000000000e+02	-7.847105000000000052e-02	-4.226410449574908440e-03	1.390770848670042602e-02
4.240000000000000000e+02	-7.780700000000000116e-02	-4.198929421068422867e-03	1.423251139853948591e-02
4.250000000000000000e+02	-7.718953000000000619e-02	-4.170816097921562285e-03	1.455517006944811835e-02
4.260000000000000000e+02	-7.605380000000000473e-02	-4.142074715629845243e-03	1.487563588833372939e-02
4.270000000000000000e+02	-7.520203000000000304e-02	-4.112709604310884302e-03	1.519386057447438473e-02
4.280000000000000000e+02	-7.479718000000000477e-02	-4.082725188052028532e-03	1.550979618479257291e-02
4.290000000000000000e+02	-7.464273999999999909e-02	-4.052125984243835910e-03	1.582339512107824864e-02
4.300000000000000000e+02	-7.456751999999999825e-02	-4.020916602899491862e-03	1.613461013715990211e-02
4.310000000000000000e+02	-7.431010000000000393e-02	-3.989101745960284967e-03	1.644339434602246769e-02
4.320000000000000000e+02	-7.387606000000000728e-02	-3.956686206587201396e-03	1.674970122687137464e-02
4.330000000000000000e+02	-7.307719999999999494e-02	-3.923674868438816778e-03	1.705348463214118385e-02
4.340000000000000000e+02	-7.219994999999999885e-02	-3.890072704935519741e-03	1.735469879444811320e-02
4.350000000000000000e+02	-7.102679000000000631e-02	-3.855884778510242344e-03	1.765329833348519215e-02
4.360000000000000000e+02	-6.969063000000000341e-02	-3.821116239845747699e-03	1.794923826285928573e-02
4.370000000000000000e+02	-6.879696999999999896e-02	-3.785772327098648263e-03	1.824247399686856203e-02
4.380000000000000000e+02	-6.809700999999999949e-02	-3.749858365110233724e-03	1.853296135721970925e-02
4.390000000000000000e+02	-6.697622999999999771e-02	-3.713379764604239457e-03	1.882065657968375744e-02
4.400000000000000000e+02	-6.641967000000000010e-02	-3.676342021371687818e-03	1.910551632068945363e-02
4.410000000000000000e+02	-6.588072000000000372e-02	-3.638750715442886849e-03	1.938749766385339940e-02
4.420000000000000000e+02	-6.538560000000000205e-02	-3.600611510246767236e-03	1.966655812644568790e-02
4.430000000000000000e+02	-6.472374000000000183e-02	-3.561930151757636449e-03	1.994265566579028065e-02
4.440000000000000000e+02	-6.328047000000000533e-02	-3.522712467629501420e-03	2.021574868559908658e-02
4.450000000000000000e+02	-6.191983000000000209e-02	-3.482964366318096801e-03	2.048579604223870268e-02
4.460000000000000000e+02	-6.092610999999999860e-02	-3.442691836190711185e-03	2.075275705092912565e-02
4.470000000000000000e+02	-5.986479000000000106e-02	-3.401900944624005121e-03	2.101659149187319955e-02
4.480000000000000000e+02	-5.912305000000000338e-02	-3.360597837089907263e-03	2.127725961631601881e-02
4.490000000000000000e+02	-5.832974999999999965e-02	-3.318788736229750375e-03	2.153472215253344341e-02
4.500000000000000000e+02	-5.782502999999999949e-02	-3.276479940916790772e-03	2.178894031174862661e-02
4.510000000000000000e+02	-5.743544999999999900e-02	-3.233677825307213968e-03	2.203987579397593752e-02
4.520000000000000000e+02	-5.684725000000000195e-02	-3.190388837879833388e-03	2.228749079379110237e-02
4.530000000000000000e+02	-5.627743000000000329e-02	-3.146619500464566295e-03	2.253174800602692276e-02
4.540000000000000000e+02	-5.536601000000000022e-02	-3.102376407259880772e-03	2.277261063139353336e-02
4.550000000000000000e+02	-5.427561000000000191e-02	-3.057666223839311786e-03	2.301004238202259897e-02
4.560000000000000000e+02	-5.333260000000000084e-02	-3.012495686147246676e-03	2.324400748693430593e-02
4.570000000000000000e+02	-5.247774000000000189e-02	-2.966871599484104550e-03	2.347447069742657558e-02
4.580000000000000000e+02	-5.178006999999999749e-02	-2.920800837481056598e-03	2.370139729238554538e-02
4.590000000000000000e+02	-5.100535999999999959e-02	-2.874290341064471635e-03	2.392475308351655131e-02
4.600000000000000000e+02	-5.018108000000000291e-02	-2.827347117410195301e-03	2.414450442049494161e-02
4.610000000000000000e+02	-4.914614999999999956e-02	-2.779978238887869345e-03	2.436061819603570558e-02
4.620000000000000000e+02	-4.802663000000000071e-02	-2.732190841995425865e-03	2.457306185088136904e-02
4.630000000000000000e+02	-4.658596999999999738e-02	-2.683992126283910908e-03	2.478180337870731359e-02
4.640000000000000000e+02	-4.566587999999999897e-02	-2.635389353272829960e-03	2.498681133094373188e-02
4.650000000000000000e+02	-4.480690999999999841e-02	-2.586389845356119009e-03	2.518805482151369179e-02
4.660000000000000000e+02	-4.387570999999999832e-02	-2.537000984698985304e-03	2.538550353148629965e-02
4.670000000000000000e+02	-4.300340999999999886e-02	-2.487230212125715861e-03	2.557912771364452900e-02
4.680000000000000000e+02	-4.143366999999999883e-02	-2.437085025998672258e-03	2.576889819696682321e-02
4.690000000000000000e+02	-3.984619000000000355e-02	-2.386572981088583636e-03	2.595478639102200349e-02
4.700000000000000000e+02	-3.827084000000000041e-02	-2.335701687436372940e-03	2.613676429027661507e-02
4.710000000000000000e+02	-3.696423000000000070e-02	-2.284478809206640440e-03	2.631480447831417713e-02
4.720000000000000000e+02	-3.593865000000000254e-02	-2.232912063532992760e-03	2.648888013196571550e-02
4.730000000000000000e+02	-3.510888000000000203e-02	-2.181009219355410384e-03	2.665896502535080800e-02
4.740000000000000000e+02	-3.414500000000000174e-02	-2.128778096249773349e-03	2.682503353382882996e-02
4.750000000000000000e+02	-3.329504999999999965e-02	-2.076226563249794054e-03	2.698706063785943909e-02
4.760000000000000000e+02	-3.268382999999999705e-02	-2.023362537661480779e-03	2.714502192677197001e-02
4.770000000000000000e+02	-3.172495999999999650e-02	-1.970193983870330550e-03	2.729889360244315208e-02
4.780000000000000000e+02	-3.067177999999999918e-02	-1.916728912141444545e-03	2.744865248288238038e-02
4.790000000000000000e+02	-2.898465999999999890e-02	-1.862975377412696152e-03	2.759427600572438369e-02
4.800000000000000000e+02	-2.796262999999999874e-02	-1.808941478081205157e-03	2.773574223162835958e-02
4.810000000000000000e+02	-2.724023000000000069e-02	-1.754635354783247317e-03	2.787302984758331312e-02
4.820000000000000000e+02	-2.679785000000000153e-02	-1.700065189167796831e-03	2.800611817011905078e-02
4.830000000000000000e+02	-2.618658999999999917e-02	-1.645239202663914026e-03	2.813498714842227466e-02
4.840000000000000000e+02	-2.374236999999999875e-02	-1.590165655242096413e-03	2.825961736735745772e-02
4.850000000000000000e+02	-2.317641999999999966e-02	-1.534852844169864615e-03	2.837999005039183037e-02
4.860000000000000000e+02	-2.151238000000000108e-02	-1.479309102761705661e-03	2.849608706242424613e-02
4.870000000000000000e+02	-2.088484000000000174e-02	-1.423542799123608512e-03	2.860789091251734334e-02
4.880000000000000000e+02	-1.967332999999999929e-02	-1.367562334892318422e-03	2.871538475653275663e-02
4.890000000000000000e+02	-1.902849000000000207e-02	-1.311376143969579912e-03	2.881855239966875024e-02
4.900000000000000000e+02	-1.812851999999999866e-02	-1.254992691251497362e-03	2.891737829890014821e-02
4.910000000000000000e+02	-1.655264000000000041e-02	-1.198420471353229622e-03	2.901184756531998560e-02
4.920000000000000000e+02	-1.599696000000000104e-02	-1.141668007329221628e-03	2.910194596638263423e-02
4.930000000000000000e+02	-1.560978000000000018e-02	-1.084743849389116976e-03	2.918765992804808057e-02
4.940000000000000000e+02	-1.444414000000000114e-02	-1.027656573609615157e-03	2.926897653682693223e-02
4.950000000000000000e+02	-1.369480000000000003e-02	-9.704147806424150320e-04	2.934588354172595892e-02
4.960000000000000000e+02	-1.151395900000000069e-02	-9.130270944184530483e-04	2.941836935609378964e-02
4.970000000000000000e+02	-1.069680700000000088e-02	-8.555021608486565064e-04	2.948642305936651983e-02
4.980000000000000000e+02	-9.020288000000001305e-03	-7.978486465213433876e-04	2.955003439871302720e-02
4.990000000000000000e+02	-8.246943999999999109e-03	-7.400752373965486857e-04	2.960919379057959031e-02
5.000000000000000000e+02	-7.578939000000000682e-03	-6.821906374974111417e-04	2.966389232213375790e-02
5.010000000000000000e+02	-5.323901000000000674e-03	-6.242035675988391727e-04	2.971412175260713592e-02
5.020000000000000000e+02	-3.984220000000000123e-03	-5.661227639136734869e-04	2.975987451453690480e-02
5.030000000000000000e+02	-3.251924000000000654e-03	-5.079569767764815840e-04	2.980114371490594216e-02
5.040000000000000000e+02	-1.975289800000000571e-03	-4.497149693252676058e-04	2.983792313618129424e-02
5.050000000000000000e+02	-4.482680000000003641e-04	-3.914055161812275327e-04	2.987020723725091267e-02
5.060000000000000000e+02	1.726001999999999485e-03	-3.330374021267994730e-04	2.989799115425843812e-02
5.070000000000000000e+02	2.228374999999999453e-03	-2.746194207821410450e-04	2.992127070133601338e-02
5.080000000000000000e+02	3.549986999999999240e-03	-2.161603732803176435e-04	2.994004237123490397e-02
5.090000000000000000e+02	4.477616999999999708e-03	-1.576690669413376839e-04	2.995430333585387406e-02
5.100000000000000000e+02	5.882612999999999211e-03	-9.915431394525531055e-05	2.996405144666529352e-02
5.110000000000000000e+02	6.966148000000000132e-03	-4.062493000456258025e-05	2.996928523503881309e-02
