0.000000000000000000e+00	-4.650596000000001631e-03	-6.630126954630943814e-04	3.617939545450894745e-02
1.000000000000000000e+00	-2.781380900000002439e-03	-5.923042442038393193e-04	3.622514968428102583e-02
2.000000000000000000e+00	-6.711930000000022184e-04	-5.215117572609179273e-04	3.626544691431223683e-02
3.000000000000000000e+00	8.881039999999976349e-04	-4.506458988989713770e-04	3.630028107417981181e-02
4.000000000000000000e+00	2.628781999999997912e-03	-3.797173444353990493e-04	3.632964691642436017e-02
5.000000000000000000e+00	3.891002999999997915e-03	-3.087367786322158794e-04	3.635354001734039664e-02
6.000000000000000000e+00	4.696407999999997404e-03	-2.377148940864867125e-04	3.637195677764271107e-02
7.000000000000000000e+00	6.332403999999998076e-03	-1.666623896195813467e-04	3.638489442300857357e-02
8.000000000000000000e+00	8.010979999999997408e-03	-9.558996866549084601e-05	3.639235100449566412e-02
9.000000000000000000e+00	1.039870999999999851e-02	-2.450833765844967927e-05	3.639432539883565021e-02
1.000000000000000000e+01	1.217738999999999801e-02	4.657179557989427998e-05	3.639081730860341951e-02
1.100000000000000000e+01	1.311250999999999736e-02	1.176397234535189642e-04	3.638182726226186353e-02
1.200000000000000000e+01	1.427579999999999821e-02	1.886847402050327094e-04	3.636735661408228154e-02
1.300000000000000000e+01	1.544999999999999846e-02	2.596961435284028284e-04	3.634740754394037709e-02
1.400000000000000000e+01	1.675861999999999838e-02	3.306632361811635227e-04	3.632198305698785407e-02
1.500000000000000000e+01	1.843375999999999695e-02	4.015753275958611809e-04	3.629108698319973708e-02
1.600000000000000000e+01	1.981184999999999891e-02	4.724217354904944582e-04	3.625472397679743719e-02
1.700000000000000000e+01	2.164832999999999688e-02	5.431917874777053828e-04	3.621289951554758357e-02
1.800000000000000000e+01	2.240180999999999770e-02	6.138748226724812830e-04	3.616561989993688497e-02
1.900000000000000000e+01	2.341391999999999779e-02	6.844601932981227502e-04	3.611289225222301391e-02
2.000000000000000000e+01	2.420449999999999685e-02	7.549372662902374860e-04	3.605472451536169409e-02
2.100000000000000000e+01	2.569024999999999781e-02	8.252954248985177156e-04	3.599112545181015060e-02
2.200000000000000000e+01	2.698030999999999693e-02	8.955240702860606901e-04	3.592210464220716576e-02
2.300000000000000000e+01	2.891441999999999624e-02	9.656126231259890913e-04	3.584767248392978223e-02
2.400000000000000000e+01	3.048262999999999667e-02	1.035550525195134009e-03	3.576784018952706978e-02
2.500000000000000000e+01	3.223515999999999881e-02	1.105327240964538819e-03	3.568261978503105974e-02
2.600000000000000000e+01	3.383854000000000029e-02	1.174932259186543164e-03	3.559202410814506917e-02
2.700000000000000000e+01	3.503356999999999999e-02	1.244355094478209484e-03	3.549606680630990746e-02
2.800000000000000000e+01	3.628175999999999624e-02	1.313585288900854338e-03	3.539476233464792371e-02
2.900000000000000000e+01	3.760248999999999536e-02	1.382612413535444463e-03	3.528812595378551936e-02
3.000000000000000000e+01	3.858177999999999608e-02	1.451426070053621776e-03	3.517617372755425798e-02
3.100000000000000000e+01	4.031270999999999466e-02	1.520015892284119416e-03	3.505892252057098146e-02
3.200000000000000000e+01	4.212236999999999926e-02	1.588371547774335103e-03	3.493638999569731451e-02
3.300000000000000000e+01	4.379642999999999731e-02	1.656482739346822617e-03	3.480859461137889022e-02
3.400000000000000000e+01	4.515882999999999703e-02	1.724339206650472639e-03	3.467555561886479648e-02
3.500000000000000000e+01	4.633015000000000050e-02	1.791930727706142696e-03	3.453729305930748616e-02
3.600000000000000000e+01	4.759953000000000101e-02	1.859247120446509824e-03	3.439382776074378228e-02
3.700000000000000000e+01	4.906756999999999785e-02	1.926278244249907861e-03	3.424518133495731143e-02
3.800000000000000000e+01	5.046230999999999633e-02	1.993014001467923856e-03	3.409137617422290656e-02
3.900000000000000000e+01	5.152974999999999917e-02	2.059444338946518974e-03	3.393243544793336092e-02
4.000000000000000000e+01	5.246788999999999620e-02	2.125559249540448156e-03	3.376838309910918517e-02
4.100000000000000000e+01	5.314582999999999807e-02	2.191348773620749573e-03	3.359924384079181897e-02
4.200000000000000000e+01	5.375760999999999734e-02	2.256803000575071608e-03	3.342504315232080331e-02
4.300000000000000000e+01	5.526462999999999515e-02	2.321912070300623590e-03	3.324580727549555914e-02
4.400000000000000000e+01	5.653305999999999609e-02	2.386666174689509781e-03	3.306156321062227177e-02
4.500000000000000000e+01	5.780868000000000118e-02	2.451055559106236729e-03	3.287233871244656103e-02
4.600000000000000000e+01	5.906894000000000033e-02	2.515070523857162836e-03	3.267816228597244382e-02
4.700000000000000000e+01	6.017841999999999636e-02	2.578701425651670244e-03	3.247906318216833843e-02
4.800000000000000000e+01	6.127591000000000288e-02	2.641938679054843531e-03	3.227507139356062399e-02
4.900000000000000000e+01	6.222857999999999168e-02	2.704772757931430543e-03	3.206621764971556710e-02
5.000000000000000000e+01	6.335651999999999950e-02	2.767194196880870278e-03	3.185253341261016363e-02
5.100000000000000000e+01	6.472712999999999384e-02	2.829193592663171823e-03	3.163405087189266607e-02
5.200000000000000000e+01	6.580643999999999383e-02	2.890761605615431006e-03	3.141080294003352480e-02
5.300000000000000000e+01	6.689921000000000062e-02	2.951888961058767025e-03	3.118282324736736805e-02
5.400000000000000000e+01	6.807649000000000339e-02	3.012566450695471337e-03	3.095014613702693623e-02
5.500000000000000000e+01	6.905206999999999318e-02	3.072784933996158038e-03	3.071280665976955718e-02
5.600000000000000000e+01	7.047799000000000424e-02	3.132535339576701921e-03	3.047084056869707111e-02
5.700000000000000000e+01	7.259183999999999082e-02	3.191808666564763860e-03	3.022428431386993755e-02
5.800000000000000000e+01	7.412716999999999223e-02	3.250595985955692744e-03	2.997317503681637060e-02
5.900000000000000000e+01	7.587715000000000432e-02	3.308888441957601873e-03	2.971755056493726246e-02
6.000000000000000000e+01	7.682933999999999597e-02	3.366677253325415543e-03	2.945744940580784926e-02
6.100000000000000000e+01	7.704284999999999606e-02	3.423953714683685041e-03	2.919291074137686862e-02
6.200000000000000000e+01	7.742994000000000265e-02	3.480709197837978438e-03	2.892397442206415259e-02
6.300000000000000000e+01	7.831731999999999583e-02	3.536935153074642971e-03	2.865068096075749915e-02
6.400000000000000000e+01	7.957482999999999917e-02	3.592623110448740515e-03	2.837307152670977967e-02
6.500000000000000000e+01	8.120766000000000095e-02	3.647764681059975297e-03	2.809118793933713595e-02
6.600000000000000000e+01	8.207241999999999316e-02	3.702351558316402651e-03	2.780507266191927646e-02
6.700000000000000000e+01	8.309468999999999883e-02	3.756375519185746643e-03	2.751476879520272853e-02
6.800000000000000000e+01	8.401638000000000162e-02	3.809828425434127076e-03	2.722032007090812236e-02
6.900000000000000000e+01	8.479090000000000238e-02	3.862702224852013720e-03	2.692177084514235652e-02
7.000000000000000000e+01	8.536370000000000069e-02	3.914988952467219133e-03	2.661916609171677967e-02
7.100000000000000000e+01	8.624070999999999820e-02	3.966680731744751803e-03	2.631255139537224536e-02
7.200000000000000000e+01	8.727382999999999669e-02	4.017769775773348366e-03	2.600197294491220223e-02
7.300000000000000000e+01	8.770788999999999669e-02	4.068248388438500118e-03	2.568747752624473552e-02
7.400000000000000000e+01	8.826246999999999565e-02	4.118108965581808618e-03	2.536911251533470468e-02
7.500000000000000000e+01	8.860103999999999203e-02	4.167343996146481711e-03	2.504692587106694193e-02
7.600000000000000000e+01	8.952891000000000321e-02	4.215946063308812115e-03	2.472096612802169788e-02
7.700000000000000000e+01	9.076246000000000314e-02	4.263907845595452106e-03	2.439128238916331640e-02
7.800000000000000000e+01	9.192192000000000418e-02	4.311222117986330746e-03	2.405792431844331128e-02
7.900000000000000000e+01	9.347896999999999457e-02	4.357881753003041078e-03	2.372094213331893062e-02
8.000000000000000000e+01	9.500312999999999120e-02	4.403879721782530746e-03	2.338038659718833304e-02
8.100000000000000000e+01	9.597142999999999646e-02	4.449209095135938166e-03	2.303630901174354151e-02
8.200000000000000000e+01	9.662455000000000349e-02	4.493863044592413813e-03	2.268876120924227802e-02
8.300000000000000000e+01	9.707681999999999423e-02	4.537834843427767870e-03	2.233779554469990727e-02
8.400000000000000000e+01	9.776899999999999480e-02	4.581117867677795934e-03	2.198346488800260318e-02
8.500000000000000000e+01	9.918889999999999652e-02	4.623705597136116251e-03	2.162582261594296271e-02
8.600000000000000000e+01	9.998069999999999180e-02	4.665591616336386624e-03	2.126492260417929547e-02
8.700000000000000000e+01	1.006876000000000021e-01	4.706769615518730139e-03	2.090081921911966789e-02
8.800000000000000000e+01	1.019375000000000003e-01	4.747233391580253474e-03	2.053356730973214528e-02
8.900000000000000000e+01	1.030280999999999975e-01	4.786976849009484322e-03	2.016322219928224843e-02
9.000000000000000000e+01	1.043566999999999967e-01	4.825994000804607366e-03	1.978983967699898469e-02
9.100000000000000000e+01	1.053188000000000041e-01	4.864278969375355685e-03	1.941347598967070251e-02
9.200000000000000000e+01	1.053103999999999985e-01	4.901825987428415354e-03	1.903418783317202892e-02
9.300000000000000000e+01	1.054278000000000021e-01	4.938629398836218327e-03	1.865203234392306952e-02
9.400000000000000000e+01	1.056980000000000003e-01	4.974683659488986567e-03	1.826706709028241143e-02
9.500000000000000000e+01	1.061051999999999967e-01	5.009983338129909460e-03	1.787935006387484163e-02
9.600000000000000000e+01	1.061756999999999979e-01	5.044523117173304455e-03	1.748893967085553280e-02
9.700000000000000000e+01	1.064744999999999997e-01	5.078297793505676810e-03	1.709589472311155711e-02
9.800000000000000000e+01	1.069058999999999982e-01	5.111302279269510154e-03	1.670027442940251808e-02
9.900000000000000000e+01	1.075403999999999943e-01	5.143531602629720229e-03	1.630213838644113677e-02
1.000000000000000000e+02	1.083708999999999922e-01	5.174980908522603534e-03	1.590154656991566579e-02
1.010000000000000000e+02	1.086094999999999977e-01	5.205645459387226240e-03	1.549855932545495842e-02
1.020000000000000000e+02	1.091088999999999948e-01	5.235520635879081612e-03	1.509323735953804063e-02
1.030000000000000000e+02	1.095272999999999941e-01	5.264601937565962196e-03	1.468564173034911206e-02
1.040000000000000000e+02	1.099083000000000004e-01	5.292884983605907964e-03	1.427583383857976632e-02
1.050000000000000000e+02	1.102087999999999957e-01	5.320365513407140229e-03	1.386387541817942284e-02
1.060000000000000000e+02	1.106366000000000016e-01	5.347039387269883308e-03	1.344982852705574848e-02
1.070000000000000000e+02	1.107954999999999912e-01	5.372902587009975063e-03	1.303375553772607651e-02
1.080000000000000000e+02	1.112386999999999959e-01	5.397951216564169166e-03	1.261571912792164470e-02
1.090000000000000000e+02	1.115683999999999981e-01	5.422181502577042359e-03	1.219578227114563769e-02
1.100000000000000000e+02	1.122794000000000014e-01	5.445589794969419098e-03	1.177400822718688983e-02
1.110000000000000000e+02	1.137360000000000038e-01	5.468172567488225125e-03	1.135046053259025113e-02
1.120000000000000000e+02	1.149820000000000009e-01	5.489926418237679739e-03	1.092520299108547428e-02
1.130000000000000000e+02	1.154270999999999908e-01	5.510848070191769546e-03	1.049829966397562882e-02
1.140000000000000000e+02	1.153179000000000010e-01	5.530934371687896978e-03	1.006981486048695584e-02
1.150000000000000000e+02	1.150387999999999966e-01	5.550182296901656764e-03	9.639813128081113972e-03
1.160000000000000000e+02	1.151140999999999970e-01	5.568588946302644067e-03	9.208359242731811375e-03
1.170000000000000000e+02	1.150541999999999954e-01	5.586151547091246575e-03	8.775518199166739905e-03
1.180000000000000000e+02	1.151298999999999934e-01	5.602867453616339893e-03	8.341355201076827014e-03
1.190000000000000000e+02	1.152520999999999962e-01	5.618734147773836798e-03	7.905935651293738778e-03
1.200000000000000000e+02	1.153939999999999966e-01	5.633749239386007072e-03	7.469325141937650618e-03
1.210000000000000000e+02	1.154759999999999953e-01	5.647910466561551455e-03	7.031589444536247638e-03
1.220000000000000000e+02	1.156018999999999936e-01	5.661215696036320418e-03	6.592794500116939960e-03
1.230000000000000000e+02	1.158485999999999960e-01	5.673662923494682958e-03	6.153006409273317420e-03
1.240000000000000000e+02	1.158968999999999971e-01	5.685250273871453493e-03	5.712291422207785643e-03
1.250000000000000000e+02	1.157297999999999938e-01	5.695976001634354274e-03	5.270715928751448613e-03
1.260000000000000000e+02	1.155151999999999984e-01	5.705838491046967380e-03	4.828346448363171964e-03
1.270000000000000000e+02	1.151437000000000016e-01	5.714836256412127689e-03	4.385249620108904248e-03
1.280000000000000000e+02	1.147277000000000019e-01	5.722967942295733440e-03	3.941492192623203411e-03
1.290000000000000000e+02	1.141671999999999965e-01	5.730232323730926648e-03	3.497141014054020152e-03
1.300000000000000000e+02	1.143143999999999966e-01	5.736628306402626054e-03	3.052263021992740900e-03
1.310000000000000000e+02	1.149343999999999921e-01	5.742154926812376159e-03	2.606925233390500456e-03
1.320000000000000000e+02	1.152033999999999975e-01	5.746811352423488936e-03	2.161194734462795666e-03
1.330000000000000000e+02	1.155487000000000042e-01	5.750596881786458267e-03	1.715138670583412966e-03
1.340000000000000000e+02	1.157895000000000035e-01	5.753510944644627152e-03	1.268824236169694038e-03
1.350000000000000000e+02	1.160815999999999931e-01	5.755553102020092085e-03	8.223186645601616171e-04
1.360000000000000000e+02	1.161403999999999909e-01	5.756723046279832445e-03	3.756892178865389037e-04
1.370000000000000000e+02	1.162363000000000007e-01	5.757020601182047566e-03	-7.099682305882885111e-05
1.380000000000000000e+02	1.159483000000000041e-01	5.756445721902714481e-03	-5.176721689581030962e-04
1.390000000000000000e+02	1.158368000000000037e-01	5.754998495042331665e-03	-9.642695321046242714e-04
1.400000000000000000e+02	1.155366000000000032e-01	5.752679138612879113e-03	-1.410721636539083142e-03
1.410000000000000000e+02	1.151524999999999910e-01	5.749488002004976561e-03	-1.856961228184180607e-03
1.420000000000000000e+02	1.152827000000000018e-01	5.745425565935245033e-03	-2.302921084975732922e-03
1.430000000000000000e+02	1.155985999999999958e-01	5.740492442373899482e-03	-2.748534026989212908e-03
1.440000000000000000e+02	1.160071000000000019e-01	5.734689374452554313e-03	-3.193732926559684354e-03
1.450000000000000000e+02	1.163770999999999972e-01	5.728017236352280807e-03	-3.638450718394123373e-03
1.460000000000000000e+02	1.160664000000000001e-01	5.720477033171917323e-03	-4.082620409674084065e-03
1.470000000000000000e+02	1.150513999999999981e-01	5.712069900776662636e-03	-4.526175090147706477e-03
1.480000000000000000e+02	1.140106000000000036e-01	5.702797105626962806e-03	-4.969047942209026819e-03
1.490000000000000000e+02	1.132258000000000014e-01	5.692660044587737576e-03	-5.411172250963591605e-03
1.500000000000000000e+02	1.127351999999999937e-01	5.681660244717947131e-03	-5.852481414278338720e-03
1.510000000000000000e+02	1.124959999999999988e-01	5.669799363040559960e-03	-6.292908952814750545e-03
1.520000000000000000e+02	1.120888999999999913e-01	5.657079186292933957e-03	-6.732388520043253860e-03
1.530000000000000000e+02	1.116994000000000042e-01	5.643501630657660195e-03	-7.170853912237869048e-03
1.540000000000000000e+02	1.114770999999999956e-01	5.629068741473911008e-03	-7.608239078449085049e-03
1.550000000000000000e+02	1.106446999999999986e-01	5.613782692929319279e-03	-8.044478130453988629e-03
1.560000000000000000e+02	1.104417999999999928e-01	5.597645787732464379e-03	-8.479505352681611374e-03
1.570000000000000000e+02	1.101908999999999944e-01	5.580660456765986453e-03	-8.913255212112532536e-03
1.580000000000000000e+02	1.102829999999999921e-01	5.562829258720394104e-03	-9.345662368150721086e-03
1.590000000000000000e+02	1.096146999999999955e-01	5.544154879708620975e-03	-9.776661682466649891e-03
1.600000000000000000e+02	1.087159000000000042e-01	5.524640132861389358e-03	-1.020618822880968446e-02
1.610000000000000000e+02	1.077240000000000003e-01	5.504287957903430256e-03	-1.063417730278877482e-02
1.620000000000000000e+02	1.069251999999999980e-01	5.483101420710646649e-03	-1.106056443161948337e-02
1.630000000000000000e+02	1.067450999999999955e-01	5.461083712848262446e-03	-1.148528538383635639e-02
1.640000000000000000e+02	1.069041999999999909e-01	5.438238151090043875e-03	-1.190827617896872935e-02
1.650000000000000000e+02	1.073037999999999909e-01	5.414568176918652283e-03	-1.232947309717886269e-02
1.660000000000000000e+02	1.070587999999999956e-01	5.390077356007219427e-03	-1.274881268886081734e-02
1.670000000000000000e+02	1.065334000000000003e-01	5.364769377682208559e-03	-1.316623178419848439e-02
1.680000000000000000e+02	1.059212999999999960e-01	5.338648054367650664e-03	-1.358166750268166925e-02
1.690000000000000000e+02	1.049440999999999985e-01	5.311717321010835623e-03	-1.399505726257836875e-02
1.700000000000000000e+02	1.040487999999999968e-01	5.283981234489544196e-03	-1.440633879036228894e-02
1.710000000000000000e+02	1.033146999999999954e-01	5.255443973000924023e-03	-1.481545013009366585e-02
1.720000000000000000e+02	1.021369999999999917e-01	5.226109835432068626e-03	-1.522232965275251669e-02
1.730000000000000000e+02	1.014376999999999918e-01	5.195983240712439936e-03	-1.562691606552238377e-02
1.740000000000000000e+02	1.007346999999999965e-01	5.165068727148185504e-03	-1.602914842102367426e-02
1.750000000000000000e+02	9.981569999999999332e-02	5.133370951738490916e-03	-1.642896612649473106e-02
1.760000000000000000e+02	9.905189999999999828e-02	5.100894689474035071e-03	-1.682630895291971698e-02
1.770000000000000000e+02	9.836159999999999348e-02	5.067644832617691428e-03	-1.722111704410146313e-02
1.780000000000000000e+02	9.740556999999999688e-02	5.033626389967539409e-03	-1.761333092567840541e-02
1.790000000000000000e+02	9.665711000000000441e-02	4.998844486102342957e-03	-1.800289151408374089e-02
1.800000000000000000e+02	9.574252999999999236e-02	4.963304360609569962e-03	-1.838974012544597122e-02
1.810000000000000000e+02	9.446656999999999971e-02	4.927011367296102624e-03	-1.877381848442900847e-02
1.820000000000000000e+02	9.330763999999999725e-02	4.889970973381723741e-03	-1.915506873301093052e-02
1.830000000000000000e+02	9.218427999999999345e-02	4.852188758675541128e-03	-1.953343343919968292e-02
1.840000000000000000e+02	9.109346999999999583e-02	4.813670414735423016e-03	-1.990885560568482482e-02
1.850000000000000000e+02	9.041715999999999642e-02	4.774421744010630062e-03	-2.028127867842353590e-02
1.860000000000000000e+02	8.988256999999999497e-02	4.734448658967715939e-03	-2.065064655516011052e-02
1.870000000000000000e+02	8.961312000000000444e-02	4.693757181199875207e-03	-2.101690359387716270e-02
1.880000000000000000e+02	8.920333999999999208e-02	4.652353440519832982e-03	-2.137999462117771629e-02
1.890000000000000000e+02	8.869301000000000268e-02	4.610243674036455970e-03	-2.173986494059645252e-02
1.900000000000000000e+02	8.772148999999999919e-02	4.567434225215172457e-03	-2.209646034083940364e-02
1.910000000000000000e+02	8.682861000000000051e-02	4.523931542922399879e-03	-2.244972710395026425e-02
1.920000000000000000e+02	8.569815999999999545e-02	4.479742180454064984e-03	-2.279961201340266475e-02
1.930000000000000000e+02	8.439009999999999567e-02	4.434872794548421274e-03	-2.314606236211663379e-02
1.940000000000000000e+02	8.312524000000000302e-02	4.389330144383258268e-03	-2.348902596039858029e-02
1.950000000000000000e+02	8.181734000000000229e-02	4.343121090557701229e-03	-2.382845114380311227e-02
1.960000000000000000e+02	8.098510999999999904e-02	4.296252594058712349e-03	-2.416428678091591536e-02
1.970000000000000000e+02	8.050485000000000280e-02	4.248731715212490309e-03	-2.449648228105616096e-02
1.980000000000000000e+02	7.966389000000000109e-02	4.200565612620881829e-03	-2.482498760189765299e-02
1.990000000000000000e+02	7.847711000000000270e-02	4.151761542083014234e-03	-2.514975325700713818e-02
2.000000000000000000e+02	7.724692999999999143e-02	4.102326855502260936e-03	-2.547073032329913098e-02
2.010000000000000000e+02	7.578949000000000102e-02	4.052268999778754939e-03	-2.578787044840562953e-02
2.020000000000000000e+02	7.432787999999999895e-02	4.001595515687563984e-03	-2.610112585796007384e-02
2.030000000000000000e+02	7.295557999999999210e-02	3.950314036742755448e-03	-2.641044936279404384e-02
2.040000000000000000e+02	7.167580999999999258e-02	3.898432288047456833e-03	-2.671579436604597582e-02
2.050000000000000000e+02	7.032481999999999622e-02	3.845958085130157713e-03	-2.701711487018048502e-02
2.060000000000000000e+02	6.906224999999999170e-02	3.792899332767347281e-03	-2.731436548391756938e-02
2.070000000000000000e+02	6.798614000000000046e-02	3.739264023792748977e-03	-2.760750142907034826e-02
2.080000000000000000e+02	6.690875999999999768e-02	3.685060237893254993e-03	-2.789647854729053120e-02
2.090000000000000000e+02	6.588073999999999319e-02	3.630296140391804822e-03	-2.818125330672046486e-02
2.100000000000000000e+02	6.515741999999999368e-02	3.574979981017339242e-03	-2.846178280855086312e-02
2.110000000000000000e+02	6.464981000000000200e-02	3.519120092662066969e-03	-2.873802479348305447e-02
2.120000000000000000e+02	6.383579000000000336e-02	3.462724890126167576e-03	-2.900993764809508754e-02
2.130000000000000000e+02	6.251444000000000445e-02	3.405802868850199127e-03	-2.927748041111030361e-02
2.140000000000000000e+02	6.117966999999999156e-02	3.348362603635310266e-03	-2.954061277956791451e-02
2.150000000000000000e+02	5.980564999999999493e-02	3.290412747351546038e-03	-2.979929511489416358e-02
2.160000000000000000e+02	5.872608999999999468e-02	3.231962029634348477e-03	-3.005348844887364285e-02
2.170000000000000000e+02	5.775332999999999856e-02	3.173019255569531696e-03	-3.030315448951942381e-02
2.180000000000000000e+02	5.669529999999999709e-02	3.113593304366854640e-03	-3.054825562684147788e-02
2.190000000000000000e+02	5.594530999999999810e-02	3.053693128022467746e-03	-3.078875493851221390e-02
2.200000000000000000e+02	5.484742999999999563e-02	2.993327749970351500e-03	-3.102461619542858789e-02
2.210000000000000000e+02	5.390856999999999594e-02	2.932506263723035685e-03	-3.125580386716961256e-02
2.220000000000000000e+02	5.309022000000000047e-02	2.871237831501723386e-03	-3.148228312734878409e-02
2.230000000000000000e+02	5.177376999999999674e-02	2.809531682856101619e-03	-3.170401985886029533e-02
2.240000000000000000e+02	4.971689999999999443e-02	2.747397113273971746e-03	-3.192098065901853576e-02
2.250000000000000000e+02	4.734395999999999743e-02	2.684843482780985887e-03	-3.213313284458987895e-02
2.260000000000000000e+02	4.526561999999999947e-02	2.621880214530620742e-03	-3.234044445671613310e-02
2.270000000000000000e+02	4.421121000000000079e-02	2.558516793384684167e-03	-3.254288426572885667e-02
2.280000000000000000e+02	4.366844999999999755e-02	2.494762764484482424e-03	-3.274042177585385904e-02
2.290000000000000000e+02	4.250824999999999743e-02	2.430627731812949957e-03	-3.293302722980506747e-02
2.300000000000000000e+02	4.075430000000000025e-02	2.366121356747874840e-03	-3.312067161326726766e-02
2.310000000000000000e+02	3.867288999999999449e-02	2.301253356606513482e-03	-3.330332665926678121e-02
2.320000000000000000e+02	3.684207999999999927e-02	2.236033503181746821e-03	-3.348096485242971210e-02
2.330000000000000000e+02	3.550754999999999884e-02	2.170471621270063812e-03	-3.365355943312681869e-02
2.340000000000000000e+02	3.495957999999999705e-02	2.104577587191522672e-03	-3.382108440150469186e-02
2.350000000000000000e+02	3.410293999999999826e-02	2.038361327301988282e-03	-3.398351452140233736e-02
2.360000000000000000e+02	3.261647999999999631e-02	1.971832816497798378e-03	-3.414082532415283616e-02
2.370000000000000000e+02	3.065826999999999442e-02	1.905002076713148678e-03	-3.429299311226927799e-02
2.380000000000000000e+02	2.863709999999999867e-02	1.837879175410360444e-03	-3.443999496301464874e-02
2.390000000000000000e+02	2.751174999999999801e-02	1.770474224063323847e-03	-3.458180873185485310e-02
2.400000000000000000e+02	2.613142999999999716e-02	1.702797376634273283e-03	-3.471841305579467796e-02
2.410000000000000000e+02	2.517451999999999884e-02	1.634858828044204486e-03	-3.484978735659588489e-02
2.420000000000000000e+02	2.471045999999999659e-02	1.566668812637076998e-03	-3.497591184387716101e-02
2.430000000000000000e+02	2.359726999999999658e-02	1.498237602638122050e-03	-3.509676751809535228e-02
2.440000000000000000e+02	2.230882999999999824e-02	1.429575506606401564e-03	-3.521233617340760458e-02
2.450000000000000000e+02	2.049317999999999626e-02	1.360692867881934873e-03	-3.532260040041387827e-02
2.460000000000000000e+02	1.894923999999999914e-02	1.291600063027545375e-03	-3.542754358877954479e-02
2.470000000000000000e+02	1.727067999999999659e-02	1.222307500265742844e-03	-3.552714992973758645e-02
2.480000000000000000e+02	1.588570999999999733e-02	1.152825617910796865e-03	-3.562140441847003874e-02
2.490000000000000000e+02	1.400152999999999814e-02	1.083164882796315608e-03	-3.571029285636832806e-02
2.500000000000000000e+02	1.274761999999999770e-02	1.013335788698490171e-03	-3.579380185317219271e-02
2.510000000000000000e+02	1.140497999999999859e-02	9.433488547553207709e-04	-3.587191882898677769e-02
2.520000000000000000e+02	9.587059999999997945e-03	8.732146238819786088e-04	-3.594463201617771608e-02
2.530000000000000000e+02	8.172029999999998531e-03	8.029436611826310790e-04	-3.601193046114377350e-02
2.540000000000000000e+02	6.468611999999998585e-03	7.325465523588803578e-04	-3.607380402596697261e-02
2.550000000000000000e+02	4.946165999999997502e-03	6.620339021151417248e-04	-3.613024338993972573e-02
2.560000000000000000e+02	4.685876999999998016e-03	5.914163325611170897e-04	-3.618124005096895468e-02
2.570000000000000000e+02	2.754439999999997758e-03	5.207044816116863841e-04	-3.622678632685683714e-02
2.580000000000000000e+02	1.046487999999997764e-03	4.499090013843911554e-04	-3.626687535645806842e-02
2.590000000000000000e+02	-5.833100000000217625e-05	3.790405565947795735e-04	-3.630150110071342362e-02
2.600000000000000000e+02	-1.408798500000002290e-03	3.081098229498785857e-04	-3.633065834355950208e-02
2.610000000000000000e+02	-2.792421800000002233e-03	2.371274855399722501e-04	-3.635434269271448082e-02
2.620000000000000000e+02	-4.439041000000002075e-03	1.661042372290078754e-04	-3.637255058033976585e-02
2.630000000000000000e+02	-6.097406000000002262e-03	9.505077704378912850e-05	-3.638527926357745801e-02
2.640000000000000000e+02	-8.008704000000001905e-03	2.397780856228274524e-05	-3.639252682496352254e-02
2.650000000000000000e+02	-9.507991000000002094e-03	-4.710396169880168169e-05	-3.639429217271668987e-02
2.660000000000000000e+02	-1.116064700000000270e-02	-1.181838258968337954e-04	-3.639057504090285194e-02
2.670000000000000000e+02	-1.228657000000000186e-02	-1.892510764763251179e-04	-3.638137598947518980e-02
2.680000000000000000e+02	-1.321497000000000296e-02	-2.602950077819074027e-04	-3.636669640418977584e-02
2.690000000000000000e+02	-1.473685000000000273e-02	-3.313049176710659112e-04	-3.634653849639683104e-02
2.700000000000000000e+02	-1.604368000000000460e-02	-4.022701091263024319e-04	-3.632090530270763729e-02
2.710000000000000000e+02	-1.737797000000000300e-02	-4.731798918665671479e-04	-3.628980068453704216e-02
2.720000000000000000e+02	-1.878666000000000363e-02	-5.440235839576348844e-04	-3.625322932752182009e-02
2.730000000000000000e+02	-2.017233000000000220e-02	-6.147905134212648540e-04	-3.621119674081479251e-02
2.740000000000000000e+02	-2.154692000000000066e-02	-6.854700198428199682e-04	-3.616370925625495003e-02
2.750000000000000000e+02	-2.265939000000000147e-02	-7.560514559771843845e-04	-3.611077402741356274e-02
2.760000000000000000e+02	-2.342492000000000185e-02	-8.265241893526573905e-04	-3.605239902851664624e-02
2.770000000000000000e+02	-2.420598000000000194e-02	-8.968776038726612113e-04	-3.598859305324361713e-02
2.780000000000000000e+02	-2.588516000000000081e-02	-9.671011014149428998e-04	-3.591936571340268586e-02
2.790000000000000000e+02	-2.764953000000000202e-02	-1.037184103428108115e-03	-3.584472743748284840e-02
2.800000000000000000e+02	-2.941156000000000326e-02	-1.107116052525166077e-03	-3.576468946908299695e-02
2.810000000000000000e+02	-3.086447000000000149e-02	-1.176886414073927741e-03	-3.567926386521812210e-02
2.820000000000000000e+02	-3.207084000000000323e-02	-1.246484677783935274e-03	-3.558846349450304342e-02
2.830000000000000000e+02	-3.309710999999999903e-02	-1.315900359289763578e-03	-3.549230203521386989e-02
2.840000000000000000e+02	-3.389887999999999929e-02	-1.385123001730379335e-03	-3.539079397322748149e-02
2.850000000000000000e+02	-3.483916000000000096e-02	-1.454142177324393732e-03	-3.528395459983937194e-02
2.860000000000000000e+02	-3.687437000000000353e-02	-1.522947488940896857e-03	-3.517180000946013713e-02
2.870000000000000000e+02	-3.899789000000000033e-02	-1.591528571665712637e-03	-3.505434709719099096e-02
2.880000000000000000e+02	-4.052978000000000136e-02	-1.659875094362762721e-03	-3.493161355627869002e-02
2.890000000000000000e+02	-4.206664000000000236e-02	-1.727976761230381889e-03	-3.480361787545017266e-02
2.900000000000000000e+02	-4.345787000000000261e-02	-1.795823313352267955e-03	-3.467037933612740486e-02
2.910000000000000000e+02	-4.488646000000000302e-02	-1.863404530242918728e-03	-3.453191800952282869e-02
2.920000000000000000e+02	-4.647808000000000495e-02	-1.930710231387237691e-03	-3.438825475361576012e-02
2.930000000000000000e+02	-4.783924999999999983e-02	-1.997730277774157921e-03	-3.423941121001037452e-02
2.940000000000000000e+02	-4.897602000000000205e-02	-2.064454573423977427e-03	-3.408540980067555071e-02
2.950000000000000000e+02	-4.995545000000000541e-02	-2.130873066909246515e-03	-3.392627372456721163e-02
2.960000000000000000e+02	-5.077975000000000544e-02	-2.196975752868909025e-03	-3.376202695413359905e-02
2.970000000000000000e+02	-5.181701000000000362e-02	-2.262752673515539600e-03	-3.359269423170405111e-02
2.980000000000000000e+02	-5.328630000000000172e-02	-2.328193920135380752e-03	-3.341830106576178933e-02
2.990000000000000000e+02	-5.501759000000000510e-02	-2.393289634581017341e-03	-3.323887372710123550e-02
3.000000000000000000e+02	-5.653064000000000006e-02	-2.458030010756405686e-03	-3.305443924487065643e-02
3.010000000000000000e+02	-5.765401000000000553e-02	-2.522405296094090785e-03	-3.286502540250033078e-02
3.020000000000000000e+02	-5.837667000000000550e-02	-2.586405793024328017e-03	-3.267066073351734823e-02
3.030000000000000000e+02	-5.934195000000000442e-02	-2.650021860435954925e-03	-3.247137451724715906e-02
3.040000000000000000e+02	-6.029956000000000205e-02	-2.713243915128720363e-03	-3.226719677440303274e-02
3.050000000000000000e+02	-6.117028000000000049e-02	-2.776062433256927878e-03	-3.205815826256357137e-02
3.060000000000000000e+02	-6.253037999999999652e-02	-2.838467951764102326e-03	-3.184429047153945758e-02
3.070000000000000000e+02	-6.389032000000000044e-02	-2.900451069808531422e-03	-3.162562561862972133e-02
3.080000000000000000e+02	-6.469799000000001077e-02	-2.962002450179404209e-03	-3.140219664376853875e-02
3.090000000000000000e+02	-6.600250000000000561e-02	-3.023112820703396410e-03	-3.117403720456306954e-02
3.100000000000000000e+02	-6.751021999999999579e-02	-3.083772975641424236e-03	-3.094118167122329385e-02
3.110000000000000000e+02	-6.898171999999999637e-02	-3.143973777075425267e-03	-3.070366512138437975e-02
3.120000000000000000e+02	-7.046483000000000607e-02	-3.203706156284886683e-03	-3.046152333482261138e-02
3.130000000000000000e+02	-7.181345999999999563e-02	-3.262961115112989006e-03	-3.021479278806540533e-02
3.140000000000000000e+02	-7.302828000000000097e-02	-3.321729727322077826e-03	-2.996351064889653595e-02
3.150000000000000000e+02	-7.439868000000000869e-02	-3.380003139938342078e-03	-2.970771477075704117e-02
3.160000000000000000e+02	-7.542266999999999721e-02	-3.437772574585421306e-03	-2.944744368704301299e-02
3.170000000000000000e+02	-7.637858999999999621e-02	-3.495029328806802289e-03	-2.918273660530081373e-02
3.180000000000000000e+02	-7.711594000000000781e-02	-3.551764777376756940e-03	-2.891363340132087345e-02
3.190000000000000000e+02	-7.789411000000000251e-02	-3.607970373599669271e-03	-2.864017461313068252e-02
3.200000000000000000e+02	-7.904542000000000512e-02	-3.663637650597504226e-03	-2.836240143488816604e-02
3.210000000000000000e+02	-8.020045000000000646e-02	-3.718758222585284365e-03	-2.808035571067607830e-02
3.220000000000000000e+02	-8.140125000000000832e-02	-3.773323786134320269e-03	-2.779407992819861797e-02
3.230000000000000000e+02	-8.277600000000000235e-02	-3.827326121423061962e-03	-2.750361721238098189e-02
3.240000000000000000e+02	-8.351743000000000361e-02	-3.880757093475329777e-03	-2.720901131887301996e-02
3.250000000000000000e+02	-8.432011999999999841e-02	-3.933608653385789813e-03	-2.691030662745778554e-02
3.260000000000000000e+02	-8.453863000000000349e-02	-3.985872839532435437e-03	-2.660754813536616789e-02
3.270000000000000000e+02	-8.471512000000000486e-02	-4.037541778775952106e-03	-2.630078145049839430e-02
3.280000000000000000e+02	-8.546560000000000268e-02	-4.088607687645730467e-03	-2.599005278455361612e-02
3.290000000000000000e+02	-8.567721999999999838e-02	-4.139062873512362045e-03	-2.567540894606860566e-02
3.300000000000000000e+02	-8.672391999999999601e-02	-4.188899735746491777e-03	-2.535689733336633778e-02
3.310000000000000000e+02	-8.801704000000000472e-02	-4.238110766863771930e-03	-2.503456592741592004e-02
3.320000000000000000e+02	-8.954431999999999670e-02	-4.286688553655802064e-03	-2.470846328460464189e-02
3.330000000000000000e+02	-9.076022000000000256e-02	-4.334625778306852063e-03	-2.437863852942348877e-02
3.340000000000000000e+02	-9.143803000000000347e-02	-4.381915219496245947e-03	-2.404514134706682224e-02
3.350000000000000000e+02	-9.199508000000000685e-02	-4.428549753486179207e-03	-2.370802197594782876e-02
3.360000000000000000e+02	-9.307590999999999781e-02	-4.474522355194851704e-03	-2.336733120013050405e-02
3.370000000000000000e+02	-9.398610000000000297e-02	-4.519826099254718385e-03	-2.302312034167958849e-02
3.380000000000000000e+02	-9.520325999999999789e-02	-4.564454161055762384e-03	-2.267544125292918905e-02
3.390000000000000000e+02	-9.629028000000000587e-02	-4.608399817773542462e-03	-2.232434630867178096e-02
3.400000000000000000e+02	-9.686952999999999536e-02	-4.651656449381934115e-03	-2.196988839826836265e-02
3.410000000000000000e+02	-9.738125999999999727e-02	-4.694217539650371793e-03	-2.161212091768124205e-02
3.420000000000000000e+02	-9.820897000000000654e-02	-4.736076677125470799e-03	-2.125109776143025223e-02
3.430000000000000000e+02	-9.949078999999999562e-02	-4.777227556096855406e-03	-2.088687331447409631e-02
3.440000000000000000e+02	-1.008757900000000068e-01	-4.817663977547050926e-03	-2.051950244401772733e-02
3.450000000000000000e+02	-1.017357799999999979e-01	-4.857379850085313984e-03	-2.014904049124714713e-02
3.460000000000000000e+02	-1.025297000000000014e-01	-4.896369190865250930e-03	-1.977554326299261339e-02
3.470000000000000000e+02	-1.031123000000000040e-01	-4.934626126486081274e-03	-1.939906702332190938e-02
3.480000000000000000e+02	-1.033305000000000057e-01	-4.972144893877408246e-03	-1.901966848506465510e-02
3.490000000000000000e+02	-1.034338000000000063e-01	-5.008919841167372433e-03	-1.863740480126906476e-02
3.500000000000000000e+02	-1.032481999999999983e-01	-5.044945428534070540e-03	-1.825233355659222276e-02
3.510000000000000000e+02	-1.036336000000000063e-01	-5.080216229040064937e-03	-1.786451275862556767e-02
3.520000000000000000e+02	-1.044589000000000073e-01	-5.114726929449916332e-03	-1.747400082915648648e-02
3.530000000000000000e+02	-1.053955000000000031e-01	-5.148472331030561761e-03	-1.708085659536770842e-02
3.540000000000000000e+02	-1.060747000000000079e-01	-5.181447350334473720e-03	-1.668513928097534529e-02
3.550000000000000000e+02	-1.063284000000000035e-01	-5.213647019965426954e-03	-1.628690849730745835e-02
3.560000000000000000e+02	-1.066905999999999965e-01	-5.245066489326798316e-03	-1.588622423432409919e-02
3.570000000000000000e+02	-1.073613000000000067e-01	-5.275701025352255713e-03	-1.548314685158044476e-02
3.580000000000000000e+02	-1.078651000000000054e-01	-5.305546013218768488e-03	-1.507773706913401179e-02
3.590000000000000000e+02	-1.082795000000000007e-01	-5.334596957041778768e-03	-1.467005595839780858e-02
3.600000000000000000e+02	-1.086615000000000081e-01	-5.362849480552473076e-03	-1.426016493294041468e-02
3.610000000000000000e+02	-1.087796000000000041e-01	-5.390299327757018880e-03	-1.384812573923469535e-02
3.620000000000000000e+02	-1.087989000000000039e-01	-5.416942363577706247e-03	-1.343400044735604433e-02
3.630000000000000000e+02	-1.092423000000000005e-01	-5.442774574475851487e-03	-1.301785144163221039e-02
3.640000000000000000e+02	-1.105797000000000030e-01	-5.467792069056407259e-03	-1.259974141124557169e-02
3.650000000000000000e+02	-1.116025999999999962e-01	-5.491991078654155992e-03	-1.217973334078968975e-02
3.660000000000000000e+02	-1.124594000000000010e-01	-5.515367957901440646e-03	-1.175789050078105899e-02
3.670000000000000000e+02	-1.127217000000000080e-01	-5.537919185277298366e-03	-1.133427643812807452e-02
3.680000000000000000e+02	-1.129502000000000006e-01	-5.559641363637950195e-03	-1.090895496655819481e-02
3.690000000000000000e+02	-1.133824000000000082e-01	-5.580531220728544503e-03	-1.048199015700507913e-02
3.700000000000000000e+02	-1.134924999999999962e-01	-5.600585609676104679e-03	-1.005344632795669539e-02
3.710000000000000000e+02	-1.135497000000000034e-01	-5.619801509463566609e-03	-9.623388035766415952e-03
3.720000000000000000e+02	-1.137854000000000088e-01	-5.638176025384875577e-03	-9.191880064928121402e-03
3.730000000000000000e+02	-1.142989000000000088e-01	-5.655706389481042831e-03	-8.758987418317097304e-03
3.740000000000000000e+02	-1.144039000000000028e-01	-5.672389960957120204e-03	-8.324775307397754356e-03
3.750000000000000000e+02	-1.144502000000000019e-01	-5.688224226580007765e-03	-7.889309142400201605e-03
3.760000000000000000e+02	-1.143162999999999957e-01	-5.703206801057053750e-03	-7.452654522466728264e-03
3.770000000000000000e+02	-1.148108000000000045e-01	-5.717335427395373038e-03	-7.014877225769979192e-03
3.780000000000000000e+02	-1.155344999999999983e-01	-5.730607977241847749e-03	-6.576043199603873526e-03
3.790000000000000000e+02	-1.160444000000000059e-01	-5.743022451203744910e-03	-6.136218550449349003e-03
3.800000000000000000e+02	-1.162438999999999972e-01	-5.754576979149905215e-03	-5.695469534015939854e-03
3.810000000000000000e+02	-1.158330000000000054e-01	-5.765269820492460381e-03	-5.253862545261065234e-03
3.820000000000000000e+02	-1.148987000000000064e-01	-5.775099364449041810e-03	-4.811464108388020453e-03
3.830000000000000000e+02	-1.146936000000000067e-01	-5.784064130285427631e-03	-4.368340866824822928e-03
3.840000000000000000e+02	-1.144908000000000037e-01	-5.792162767538603860e-03	-3.924559573184899924e-03
3.850000000000000000e+02	-1.149301999999999963e-01	-5.799394056220198018e-03	-3.480187079211524964e-03
3.860000000000000000e+02	-1.156522999999999995e-01	-5.805756907000260945e-03	-3.035290325706997347e-03
3.870000000000000000e+02	-1.162264999999999965e-01	-5.811250361371364699e-03	-2.589936332448696758e-03
3.880000000000000000e+02	-1.163770999999999972e-01	-5.815873591792993132e-03	-2.144192188093243731e-03
3.890000000000000000e+02	-1.162796999999999997e-01	-5.819625901816201721e-03	-1.698125040069985939e-03
3.900000000000000000e+02	-1.160192000000000029e-01	-5.822506726188536250e-03	-1.251802084465961995e-03
3.910000000000000000e+02	-1.156564000000000064e-01	-5.824515630939177367e-03	-8.052905559033377491e-04
3.920000000000000000e+02	-1.153990000000000016e-01	-5.825652313444317984e-03	-3.586577174112303215e-04
3.930000000000000000e+02	-1.150064999999999976e-01	-5.825916602472751803e-03	8.802914970706725241e-05
3.940000000000000000e+02	-1.151862000000000025e-01	-5.825308458211662585e-03	5.347027560092930008e-04
3.950000000000000000e+02	-1.149277999999999966e-01	-5.823827972272627163e-03	9.812958140508422269e-04
3.960000000000000000e+02	-1.150006999999999974e-01	-5.821475367677813977e-03	1.427741048520899487e-03
3.970000000000000000e+02	-1.149735000000000062e-01	-5.818250998826383219e-03	1.873971206377065494e-03
3.980000000000000000e+02	-1.147733999999999976e-01	-5.814155351441103320e-03	2.319919066976306593e-03
3.990000000000000000e+02	-1.146425000000000083e-01	-5.809189042495178576e-03	2.765517452201214730e-03
4.000000000000000000e+02	-1.145224999999999993e-01	-5.803352820119313075e-03	3.210699236579675139e-03
4.010000000000000000e+02	-1.142346000000000056e-01	-5.796647563489002244e-03	3.655397357396915781e-03
4.020000000000000000e+02	-1.136256000000000072e-01	-5.789074282692099720e-03	4.099544824797789200e-03
4.030000000000000000e+02	-1.128934000000000049e-01	-5.780634118576654344e-03	4.543074731878265701e-03
4.040000000000000000e+02	-1.119630000000000070e-01	-5.771328342579053715e-03	4.985920264764244839e-03
4.050000000000000000e+02	-1.115154000000000006e-01	-5.761158356532488159e-03	5.428014712676664313e-03
4.060000000000000000e+02	-1.110861999999999961e-01	-5.750125692455782846e-03	5.869291477980768251e-03
4.070000000000000000e+02	-1.109336999999999962e-01	-5.738232012322605838e-03	6.309684086218514398e-03
4.080000000000000000e+02	-1.105782000000000015e-01	-5.725479107811118004e-03	6.749126196122237631e-03
4.090000000000000000e+02	-1.101612000000000008e-01	-5.711868900034057853e-03	7.187551609608574914e-03
4.100000000000000000e+02	-1.098646999999999957e-01	-5.697403439249353226e-03	7.624894281750488507e-03
4.110000000000000000e+02	-1.095765999999999962e-01	-5.682084904551265060e-03	8.061088330726422918e-03
4.120000000000000000e+02	-1.094263000000000041e-01	-5.665915603542123931e-03	8.496068047744685658e-03
4.130000000000000000e+02	-1.089968000000000048e-01	-5.648897971984715750e-03	8.929767906942097724e-03
4.140000000000000000e+02	-1.081924999999999970e-01	-5.631034573435346122e-03	9.362122575254755788e-03
4.150000000000000000e+02	-1.074719999999999981e-01	-5.612328098857670942e-03	9.793066922259945073e-03
4.160000000000000000e+02	-1.070363000000000009e-01	-5.592781366217328826e-03	1.022253602998734155e-02
4.170000000000000000e+02	-1.065609000000000001e-01	-5.572397320057428244e-03	1.065046520269851728e-02
4.180000000000000000e+02	-1.061529000000000084e-01	-5.551179031054986543e-03	1.107678997663266371e-02
4.190000000000000000e+02	-1.063218000000000080e-01	-5.529129695558358988e-03	1.150144612971754424e-02
4.200000000000000000e+02	-1.069931999999999966e-01	-5.506252635105736773e-03	1.192436969124386313e-02
4.210000000000000000e+02	-1.070587000000000066e-01	-5.482551295924782513e-03	1.234549695150207946e-02
4.220000000000000000e+02	-1.064949000000000034e-01	-5.458029248413489957e-03	1.276476447137958430e-02
4.230000000000000000e+02	-1.053327000000000013e-01	-5.432690186602332112e-03	1.318210909191730625e-02
4.240000000000000000e+02	-1.044211000000000028e-01	-5.406537927597798374e-03	1.359746794382393417e-02
4.250000000000000000e+02	-1.033875000000000072e-01	-5.379576411007363189e-03	1.401077845694680135e-02
4.260000000000000000e+02	-1.027756000000000086e-01	-5.351809698346034552e-03	1.442197836969740660e-02
4.270000000000000000e+02	-1.023352000000000012e-01	-5.323241972424511831e-03	1.483100573843063562e-02
4.280000000000000000e+02	-1.017507799999999990e-01	-5.293877536719095167e-03	1.523779894677590799e-02
4.290000000000000000e+02	-1.008185100000000001e-01	-5.263720814723388958e-03	1.564229671491931470e-02
4.300000000000000000e+02	-9.988931000000000893e-02	-5.232776349281951199e-03	1.604443810883476526e-02
4.310000000000000000e+02	-9.886056000000000010e-02	-5.201048801905949412e-03	1.644416254946322320e-02
4.320000000000000000e+02	-9.830505999999999966e-02	-5.168542952070955855e-03	1.684140982183829349e-02
4.330000000000000000e+02	-9.752950000000000508e-02	-5.135263696496944474e-03	1.723612008415724081e-02
4.340000000000000000e+02	-9.674306000000000572e-02	-5.101216048410654388e-03	1.762823387679552170e-02
4.350000000000000000e+02	-9.543411999999999729e-02	-5.066405136790388432e-03	1.801769213126391475e-02
4.360000000000000000e+02	-9.404457000000000788e-02	-5.030836205593382064e-03	1.840443617910654875e-02
4.370000000000000000e+02	-9.287805000000000366e-02	-4.994514612965839789e-03	1.878840776073894756e-02
4.380000000000000000e+02	-9.187460000000000071e-02	-4.957445830435783067e-03	1.916954903422424597e-02
4.390000000000000000e+02	-9.076902000000000581e-02	-4.919635442088806862e-03	1.954780258398657392e-02
4.400000000000000000e+02	-9.005372000000000376e-02	-4.881089143726898352e-03	1.992311142946014135e-02
4.410000000000000000e+02	-8.963872999999999980e-02	-4.841812742010403667e-03	2.029541903367300046e-02
4.420000000000000000e+02	-8.922293000000000585e-02	-4.801812153583303981e-03	2.066466931176373992e-02
4.430000000000000000e+02	-8.854599000000000497e-02	-4.761093404181933678e-03	2.103080663943022663e-02
4.440000000000000000e+02	-8.780306999999999695e-02	-4.719662627727257663e-03	2.139377586130880582e-02
4.450000000000000000e+02	-8.679198000000000468e-02	-4.677526065400837950e-03	2.175352229928314077e-02
4.460000000000000000e+02	-8.585755999999999943e-02	-4.634690064704663839e-03	2.210999176072088110e-02
4.470000000000000000e+02	-8.445476999999999845e-02	-4.591161078504951525e-03	2.246313054663734779e-02
4.480000000000000000e+02	-8.345900000000000540e-02	-4.546945664060090056e-03	2.281288545978472221e-02
4.490000000000000000e+02	-8.269208999999999588e-02	-4.502050482032827344e-03	2.315920381266589265e-02
4.500000000000000000e+02	-8.219753000000000476e-02	-4.456482295486913908e-03	2.350203343547124443e-02
4.510000000000000000e+02	-8.129104000000000885e-02	-4.410247968868299777e-03	2.384132268393766851e-02
4.520000000000000000e+02	-7.993796999999999708e-02	-4.363354466971082306e-03	2.417702044712817175e-02
4.530000000000000000e+02	-7.948393000000000819e-02	-4.315808853888293377e-03	2.450907615513147134e-02
4.540000000000000000e+02	-7.899749000000000354e-02	-4.267618291947780119e-03	2.483743978667979010e-02
4.550000000000000000e+02	-7.838665999999999690e-02	-4.218790040633247675e-03	2.516206187668418304e-02
4.560000000000000000e+02	-7.705844000000000582e-02	-4.169331455490702526e-03	2.548289352368589972e-02
4.570000000000000000e+02	-7.509622999999999993e-02	-4.119249987020375328e-03	2.579988639722313390e-02
4.580000000000000000e+02	-7.358667000000000680e-02	-4.068553179554392982e-03	2.611299274511143589e-02
4.590000000000000000e+02	-7.236312999999999773e-02	-4.017248670120273681e-03	2.642216540063727082e-02
4.600000000000000000e+02	-7.114228000000000218e-02	-3.965344187290499936e-03	2.672735778966312328e-02
4.610000000000000000e+02	-7.033517000000000241e-02	-3.912847550018247640e-03	2.702852393764364550e-02
4.620000000000000000e+02	-6.954744000000000204e-02	-3.859766666459548724e-03	2.732561847655120418e-02
4.630000000000000000e+02	-6.866813000000000777e-02	-3.806109532781989761e-03	2.761859665171026088e-02
4.640000000000000000e+02	-6.731127000000000637e-02	-3.751884231960172459e-03	2.790741432853912490e-02
4.650000000000000000e+02	-6.581536999999999804e-02	-3.697098932558063114e-03	2.819202799919862112e-02
4.660000000000000000e+02	-6.433341000000000753e-02	-3.641761887498485596e-03	2.847239478914604521e-02
4.670000000000000000e+02	-6.328780000000000516e-02	-3.585881432819884498e-03	2.874847246359389652e-02
4.680000000000000000e+02	-6.202843000000000245e-02	-3.529465986420588300e-03	2.902021943387206315e-02
4.690000000000000000e+02	-6.080113000000000184e-02	-3.472524046790704828e-03	2.928759476369296663e-02
4.700000000000000000e+02	-5.984136000000000316e-02	-3.415064191731913106e-03	2.955055817531811180e-02
4.710000000000000000e+02	-5.850968000000000141e-02	-3.357095077065287356e-03	2.980907005562564993e-02
4.720000000000000000e+02	-5.716337000000000501e-02	-3.298625435327386460e-03	3.006309146207767138e-02
4.730000000000000000e+02	-5.567278999999999978e-02	-3.239664074454754166e-03	3.031258412858664139e-02
4.740000000000000000e+02	-5.422630999999999979e-02	-3.180219876457093288e-03	3.055751047127980291e-02
4.750000000000000000e+02	-5.369760999999999979e-02	-3.120301796079263078e-03	3.079783359416086649e-02
4.760000000000000000e+02	-5.322355000000000141e-02	-3.059918859452341773e-03	3.103351729466803655e-02
4.770000000000000000e+02	-5.232890000000000458e-02	-2.999080162733896993e-03	3.126452606912766274e-02
4.780000000000000000e+02	-5.085983000000000170e-02	-2.937794870737740673e-03	3.149082511810252782e-02
4.790000000000000000e+02	-4.915448000000000039e-02	-2.876072215553327274e-03	3.171238035163407437e-02
4.800000000000000000e+02	-4.726564999999999933e-02	-2.813921495155037675e-03	3.192915839437773795e-02
4.810000000000000000e+02	-4.564743000000000273e-02	-2.751352072001491452e-03	3.214112659063069616e-02
4.820000000000000000e+02	-4.446682999999999886e-02	-2.688373371625196739e-03	3.234825300925112807e-02
4.830000000000000000e+02	-4.359448000000000489e-02	-2.624994881212665190e-03	3.255050644846838731e-02
4.840000000000000000e+02	-4.225258999999999959e-02	-2.561226148175269144e-03	3.274785644058320760e-02
4.850000000000000000e+02	-4.086793000000000370e-02	-2.497076778710983266e-03	3.294027325655748267e-02
4.860000000000000000e+02	-3.942099000000000297e-02	-2.432556436357310309e-03	3.312772791049263532e-02
4.870000000000000000e+02	-3.811718000000000051e-02	-2.367674840535548015e-03	3.331019216399608990e-02
4.880000000000000000e+02	-3.630916000000000005e-02	-2.302441765086659948e-03	3.348763853043511957e-02
4.890000000000000000e+02	-3.468436999999999909e-02	-2.236867036798907693e-03	3.366004027907753410e-02
4.900000000000000000e+02	-3.306258000000000113e-02	-2.170960533927546697e-03	3.382737143911833388e-02
4.910000000000000000e+02	-3.151028000000000162e-02	-2.104732184706747510e-03	3.398960680359208730e-02
4.920000000000000000e+02	-3.003600000000000367e-02	-2.038191965854012182e-03	3.414672193317002530e-02
4.930000000000000000e+02	-2.839467000000000380e-02	-1.971349901067242366e-03	3.429869315984169359e-02
4.940000000000000000e+02	-2.739868000000000164e-02	-1.904216059514775078e-03	3.444549759048032289e-02
4.950000000000000000e+02	-2.632036000000000098e-02	-1.836800554318542868e-03	3.458711311029144531e-02
4.960000000000000000e+02	-2.519085000000000074e-02	-1.769113541030640320e-03	3.472351838614427810e-02
4.970000000000000000e+02	-2.357220000000000149e-02	-1.701165216103449297e-03	3.485469286978543774e-02
4.980000000000000000e+02	-2.257686000000000068e-02	-1.632965815353653845e-03	3.498061680093431797e-02
4.990000000000000000e+02	-2.131839000000000303e-02	-1.564525612420294585e-03	3.510127121025977820e-02
5.000000000000000000e+02	-2.007557000000000091e-02	-1.495854917217154462e-03	3.521663792223773265e-02
5.010000000000000000e+02	-1.884001000000000078e-02	-1.426964074379632628e-03	3.532669955788914073e-02
5.020000000000000000e+02	-1.805518000000000053e-02	-1.357863461706434755e-03	3.543143953739796848e-02
5.030000000000000000e+02	-1.702911000000000008e-02	-1.288563488596239587e-03	3.553084208260882948e-02
5.040000000000000000e+02	-1.576931000000000166e-02	-1.219074594479635119e-03	3.562489221940379203e-02
5.050000000000000000e+02	-1.432151000000000257e-02	-1.149407247246480310e-03	3.571357577995809551e-02
5.060000000000000000e+02	-1.274524000000000143e-02	-1.079571941669028867e-03	3.579687940487445014e-02
5.070000000000000000e+02	-1.152948700000000146e-02	-1.009579197820974477e-03	3.587479054519547572e-02
5.080000000000000000e+02	-1.011823300000000252e-02	-9.394395594927153160e-04	3.594729746429408540e-02
5.090000000000000000e+02	-9.044962000000001875e-03	-8.691635926029941820e-04	3.601438923964154354e-02
5.100000000000000000e+02	-7.746520000000002397e-03	-7.987618836072554436e-04	3.607605576445281625e-02
5.110000000000000000e+02	-6.538391000000001903e-03	-7.282450379028793802e-04	3.613228774920907577e-02
