0.000000000000000000e+00	2.398395999999991882e-03	-5.728181339659116095e-04	4.414285118060648494e-02
1.000000000000000000e+00	4.481342999999991805e-03	-4.865625304574780268e-04	4.418177787546727353e-02
2.000000000000000000e+00	6.524936999999992812e-03	-4.002373977344935167e-04	4.421404820241112837e-02
3.000000000000000000e+00	8.475819999999991555e-03	-3.138557414266886897e-04	4.423965729963350024e-02
4.000000000000000000e+00	1.026819999999999296e-02	-2.274305756795621625e-04	4.425860130890183625e-02
5.000000000000000000e+00	1.258152999999999182e-02	-1.409749211936867433e-04	4.427087737613689261e-02
6.000000000000000000e+00	1.408638999999999378e-02	-5.450180326302823518e-05	4.427648365184270324e-02
7.000000000000000000e+00	1.552641999999999217e-02	3.197575018742821449e-05	4.427541929138521792e-02
8.000000000000000000e+00	1.716122999999999260e-02	1.184447105644481347e-04	4.426768445511956862e-02
9.000000000000000000e+00	1.872513999999999082e-02	2.048920505694177695e-04	4.425328030836590820e-02
1.000000000000000000e+01	2.052038999999999253e-02	2.913047461610200031e-04	4.423220902123383563e-02
1.100000000000000000e+01	2.208413999999999169e-02	3.776697785174190072e-04	4.420447376829544917e-02
1.200000000000000000e+01	2.380452999999999389e-02	4.639741359976586369e-04	4.417007872810709695e-02
1.300000000000000000e+01	2.497046999999999115e-02	5.502048161019788483e-04	4.412902908257979734e-02
1.400000000000000000e+01	2.608745999999999288e-02	6.363488274307550025e-04	4.408133101619857164e-02
1.500000000000000000e+01	2.729683999999999236e-02	7.223931916417652760e-04	4.402699171509069642e-02
1.600000000000000000e+01	2.885879999999999002e-02	8.083249454054900265e-04	4.396601936594302790e-02
1.700000000000000000e+01	3.050058999999999410e-02	8.941311423581496231e-04	4.389842315476862739e-02
1.800000000000000000e+01	3.161083999999999422e-02	9.797988550521868640e-04	4.382421326552280588e-02
1.900000000000000000e+01	3.273798999999999459e-02	1.065315176903898920e-03	4.374340087856882359e-02
2.000000000000000000e+01	3.416741999999999002e-02	1.150667224137925633e-03	4.365599816899345259e-02
2.100000000000000000e+01	3.554376999999999537e-02	1.235842137728302521e-03	4.356201830477272885e-02
2.200000000000000000e+01	3.728285999999999406e-02	1.320827085335785208e-03	4.346147544478805302e-02
2.300000000000000000e+01	3.960441999999999435e-02	1.405609263241150604e-03	4.335438473669303572e-02
2.400000000000000000e+01	4.167637999999999204e-02	1.490175898274189673e-03	4.324076231463138548e-02
2.500000000000000000e+01	4.381675999999998933e-02	1.574514249738096254e-03	4.312062529680616568e-02
2.600000000000000000e+01	4.587914999999999355e-02	1.658611611328962435e-03	4.299399178290075341e-02
2.700000000000000000e+01	4.735554999999998932e-02	1.742455313050095570e-03	4.286088085135199982e-02
2.800000000000000000e+01	4.872424999999998979e-02	1.826032723120860502e-03	4.272131255647589748e-02
2.900000000000000000e+01	5.046179999999999416e-02	1.909331249879768792e-03	4.257530792544619164e-02
3.000000000000000000e+01	5.253941999999998946e-02	1.992338343681520491e-03	4.242288895512649066e-02
3.100000000000000000e+01	5.497177999999999093e-02	2.075041498787718285e-03	4.226407860875623645e-02
3.200000000000000000e+01	5.719729999999999259e-02	2.157428255250963892e-03	4.209890081249106214e-02
3.300000000000000000e+01	5.883386999999998951e-02	2.239486200792058495e-03	4.192738045179817546e-02
3.400000000000000000e+01	6.051075999999999677e-02	2.321202972670018388e-03	4.174954336770708013e-02
3.500000000000000000e+01	6.219312999999998537e-02	2.402566259544632824e-03	4.156541635291643305e-02
3.600000000000000000e+01	6.385656999999998751e-02	2.483563803331269391e-03	4.137502714775750240e-02
3.700000000000000000e+01	6.531562999999998564e-02	2.564183401047664089e-03	4.117840443601482325e-02
3.800000000000000000e+01	6.705491999999999009e-02	2.644412906652405561e-03	4.097557784060474467e-02
3.900000000000000000e+01	6.824130999999998559e-02	2.724240232874841107e-03	4.076657791911247192e-02
4.000000000000000000e+01	6.906513999999999709e-02	2.803653353036128677e-03	4.055143615918833239e-02
4.100000000000000000e+01	6.990350999999998816e-02	2.882640302861161179e-03	4.033018497380385509e-02
4.200000000000000000e+01	7.082981999999998779e-02	2.961189182281087715e-03	4.010285769636848241e-02
4.300000000000000000e+01	7.209572999999999676e-02	3.039288157226162877e-03	3.986948857570760812e-02
4.400000000000000000e+01	7.384638999999999787e-02	3.116925461408650427e-03	3.963011277090269791e-02
4.500000000000000000e+01	7.563868999999999454e-02	3.194089398095517271e-03	3.938476634599426263e-02
4.600000000000000000e+01	7.728963999999999279e-02	3.270768341870648396e-03	3.913348626454850321e-02
4.700000000000000000e+01	7.841646999999998813e-02	3.346950740386316504e-03	3.887631038408842499e-02
4.800000000000000000e+01	7.958476999999998525e-02	3.422625116103642645e-03	3.861327745039027509e-02
4.900000000000000000e+01	8.068960999999999495e-02	3.497780068021785933e-03	3.834442709164614937e-02
5.000000000000000000e+01	8.201712999999999365e-02	3.572404273395606445e-03	3.806979981249367789e-02
5.100000000000000000e+01	8.316519999999999468e-02	3.646486489441532006e-03	3.778943698791362160e-02
5.200000000000000000e+01	8.476906999999998804e-02	3.720015555031383394e-03	3.750338085699641416e-02
5.300000000000000000e+01	8.633588999999999847e-02	3.792980392373890806e-03	3.721167451657843295e-02
5.400000000000000000e+01	8.817722999999999534e-02	3.865370008683664815e-03	3.691436191474910949e-02
5.500000000000000000e+01	9.020576999999999068e-02	3.937173497837351613e-03	3.661148784422978142e-02
5.600000000000000000e+01	9.236048999999998954e-02	4.008380042016732731e-03	3.630309793562524340e-02
5.700000000000000000e+01	9.416519999999999058e-02	4.078978913338531138e-03	3.598923865054914906e-02
5.800000000000000000e+01	9.556014999999999648e-02	4.148959475470649638e-03	3.566995727462411725e-02
5.900000000000000000e+01	9.658923999999999288e-02	4.218311185234633817e-03	3.534530191035777091e-02
6.000000000000000000e+01	9.825149999999999162e-02	4.287023594194092416e-03	3.501532146989567301e-02
6.100000000000000000e+01	9.943049999999999111e-02	4.355086350228840053e-03	3.468006566765230447e-02
6.200000000000000000e+01	1.006620999999999905e-01	4.422489199094539400e-03	3.433958501282111109e-02
6.300000000000000000e+01	1.015540999999999944e-01	4.489221985967590395e-03	3.399393080176488918e-02
6.400000000000000000e+01	1.026682999999999901e-01	4.555274656975039256e-03	3.364315511028755784e-02
6.500000000000000000e+01	1.035502999999999979e-01	4.620637260709287847e-03	3.328731078578844177e-02
6.600000000000000000e+01	1.046479999999999910e-01	4.685299949727354460e-03	3.292645143930040402e-02
6.700000000000000000e+01	1.062436999999999965e-01	4.749252982034476989e-03	3.256063143741282084e-02
6.800000000000000000e+01	1.079449999999999854e-01	4.812486722551831235e-03	3.218990589408084885e-02
6.900000000000000000e+01	1.088335999999999887e-01	4.874991644568137973e-03	3.181433066232198376e-02
7.000000000000000000e+01	1.094421999999999895e-01	4.936758331174942796e-03	3.143396232580132621e-02
7.100000000000000000e+01	1.097326999999999886e-01	4.997777476685358843e-03	3.104885819030676203e-02
7.200000000000000000e+01	1.102361999999999925e-01	5.058039888036045158e-03	3.065907627511538572e-02
7.300000000000000000e+01	1.108833999999999931e-01	5.117536486172222059e-03	3.026467530425233296e-02
7.400000000000000000e+01	1.119545999999999875e-01	5.176258307415516208e-03	2.986571469764353129e-02
7.500000000000000000e+01	1.127831999999999862e-01	5.234196504814405543e-03	2.946225456216357286e-02
7.600000000000000000e+01	1.140797999999999951e-01	5.291342349477095794e-03	2.905435568258009013e-02
7.700000000000000000e+01	1.158995999999999915e-01	5.347687231886603942e-03	2.864207951239598759e-02
7.800000000000000000e+01	1.173610999999999960e-01	5.403222663197853465e-03	2.822548816459097276e-02
7.900000000000000000e+01	1.184274999999999911e-01	5.457940276516596613e-03	2.780464440226366324e-02
8.000000000000000000e+01	1.195288999999999935e-01	5.511831828159952963e-03	2.737961162917578947e-02
8.100000000000000000e+01	1.204108999999999874e-01	5.564889198898400301e-03	2.695045388019989135e-02
8.200000000000000000e+01	1.215968999999999939e-01	5.617104395178999267e-03	2.651723581167188259e-02
8.300000000000000000e+01	1.227062999999999904e-01	5.668469550329698244e-03	2.608002269165001288e-02
8.400000000000000000e+01	1.237688999999999873e-01	5.718976925744507708e-03	2.563888039008169195e-02
8.500000000000000000e+01	1.245562000000000058e-01	5.768618912049397474e-03	2.519387536887960494e-02
8.600000000000000000e+01	1.250720999999999916e-01	5.817388030248705176e-03	2.474507467190861787e-02
8.700000000000000000e+01	1.258824000000000054e-01	5.865276932851920706e-03	2.429254591488507961e-02
8.800000000000000000e+01	1.272261999999999837e-01	5.912278404980644483e-03	2.383635727518990804e-02
8.900000000000000000e+01	1.286894999999999845e-01	5.958385365455571257e-03	2.337657748159707727e-02
9.000000000000000000e+01	1.296672999999999853e-01	6.003590867863333770e-03	2.291327580391902541e-02
9.100000000000000000e+01	1.299516000000000004e-01	6.047888101603037143e-03	2.244652204257057901e-02
9.200000000000000000e+01	1.297231999999999830e-01	6.091270392912338273e-03	2.197638651805288584e-02
9.300000000000000000e+01	1.299403999999999837e-01	6.133731205872902832e-03	2.150294006035905620e-02
9.400000000000000000e+01	1.299585999999999797e-01	6.175264143395100234e-03	2.102625399830296629e-02
9.500000000000000000e+01	1.303272999999999793e-01	6.215862948181779570e-03	2.054640014877300372e-02
9.600000000000000000e+01	1.304330999999999963e-01	6.255521503670985993e-03	2.006345080591218424e-02
9.700000000000000000e+01	1.306768999999999847e-01	6.294233834957475328e-03	1.957747873022644761e-02
9.800000000000000000e+01	1.311254000000000031e-01	6.331994109692880290e-03	1.908855713762263456e-02
9.900000000000000000e+01	1.322949999999999959e-01	6.368796638964409514e-03	1.859675968837789378e-02
1.000000000000000000e+02	1.333135000000000014e-01	6.404635878151932783e-03	1.810216047604209372e-02
1.010000000000000000e+02	1.339026999999999856e-01	6.439506427763319781e-03	1.760483401627502276e-02
1.020000000000000000e+02	1.342948999999999948e-01	6.473403034247923911e-03	1.710485523561993543e-02
1.030000000000000000e+02	1.345196999999999921e-01	6.506320590788077646e-03	1.660229946021522449e-02
1.040000000000000000e+02	1.348951999999999929e-01	6.538254138068474476e-03	1.609724240444588075e-02
1.050000000000000000e+02	1.354854999999999809e-01	6.569198865023335131e-03	1.558976015953648236e-02
1.060000000000000000e+02	1.361902999999999864e-01	6.599150109561236627e-03	1.507992918208736662e-02
1.070000000000000000e+02	1.368879999999999819e-01	6.628103359267497469e-03	1.456782628255580067e-02
1.080000000000000000e+02	1.376845999999999903e-01	6.656054252084005370e-03	1.405352861368380606e-02
1.090000000000000000e+02	1.387602000000000002e-01	6.682998576966411169e-03	1.353711365887443931e-02
1.100000000000000000e+02	1.396576999999999957e-01	6.708932274518548435e-03	1.301865922051824269e-02
1.110000000000000000e+02	1.406702999999999981e-01	6.733851437604021495e-03	1.249824340827163094e-02
1.120000000000000000e+02	1.410835000000000006e-01	6.757752311934848294e-03	1.197594462728901986e-02
1.130000000000000000e+02	1.416071999999999886e-01	6.780631296637078254e-03	1.145184156641035865e-02
1.140000000000000000e+02	1.420827999999999813e-01	6.802484944793294082e-03	1.092601318630603661e-02
1.150000000000000000e+02	1.424799999999999955e-01	6.823309963961915123e-03	1.039853870758073243e-02
1.160000000000000000e+02	1.421274999999999900e-01	6.843103216673240667e-03	9.869497598838157526e-03
1.170000000000000000e+02	1.414737999999999829e-01	6.861861720902132609e-03	9.338969564708416229e-03
1.180000000000000000e+02	1.411837999999999982e-01	6.879582650517281940e-03	8.807034533839816146e-03
1.190000000000000000e+02	1.415185999999999944e-01	6.896263335706990551e-03	8.273772646856926080e-03
1.200000000000000000e+02	1.420094999999999830e-01	6.911901263381405036e-03	7.739264244286686405e-03
1.210000000000000000e+02	1.427788999999999864e-01	6.926494077551132236e-03	7.203589854454422840e-03
1.220000000000000000e+02	1.427978000000000025e-01	6.940039579682189680e-03	6.666830181351553024e-03
1.230000000000000000e+02	1.424426000000000025e-01	6.952535729027235420e-03	6.129066092476826398e-03
1.240000000000000000e+02	1.420114999999999850e-01	6.963980642933020014e-03	5.590378606652938835e-03
1.250000000000000000e+02	1.414786999999999850e-01	6.974372597124031160e-03	5.050848881820341717e-03
1.260000000000000000e+02	1.413185999999999887e-01	6.983710025962266803e-03	4.510558202810098158e-03
1.270000000000000000e+02	1.411164000000000029e-01	6.991991522683109819e-03	3.969587969097613037e-03
1.280000000000000000e+02	1.409075999999999940e-01	6.999215839607277403e-03	3.428019682539100790e-03
1.290000000000000000e+02	1.408117999999999870e-01	7.005381888328782690e-03	2.885934935092623714e-03
1.300000000000000000e+02	1.410396999999999901e-01	7.010488739878925103e-03	2.343415396525552145e-03
1.310000000000000000e+02	1.409209999999999907e-01	7.014535624866238307e-03	1.800542802110310708e-03
1.320000000000000000e+02	1.414356999999999975e-01	7.017521933592411366e-03	1.257398940310247917e-03
1.330000000000000000e+02	1.421356000000000008e-01	7.019447216144140619e-03	7.140656404574964458e-04
1.340000000000000000e+02	1.427558999999999911e-01	7.020311182460916601e-03	1.706247604246732873e-04
1.350000000000000000e+02	1.427515999999999785e-01	7.020113702378723460e-03	-3.728418257077171561e-04
1.360000000000000000e+02	1.426977999999999858e-01	7.018854805649646540e-03	-9.162522399863235606e-04
1.370000000000000000e+02	1.420224999999999960e-01	7.016534681937395927e-03	-1.459524612920571956e-03
1.380000000000000000e+02	1.414791999999999994e-01	7.013153680788721672e-03	-2.002577095817013354e-03
1.390000000000000000e+02	1.409871999999999792e-01	7.008712311580764937e-03	-2.545327873110539603e-03
1.400000000000000000e+02	1.407999000000000056e-01	7.003211243444305151e-03	-3.087695174690607575e-03
1.410000000000000000e+02	1.409552000000000027e-01	6.996651305162954367e-03	-3.629597288220615375e-03
1.420000000000000000e+02	1.411236999999999908e-01	6.989033485048291860e-03	-4.170952571448574564e-03
1.430000000000000000e+02	1.408339999999999870e-01	6.980358930790971084e-03	-4.711679464507222484e-03
1.440000000000000000e+02	1.404786999999999841e-01	6.970628949287801558e-03	-5.251696502201723925e-03
1.450000000000000000e+02	1.396351999999999871e-01	6.959845006444861232e-03	-5.790922326283099927e-03
1.460000000000000000e+02	1.390039999999999887e-01	6.948008726956643628e-03	-6.329275697705591744e-03
1.470000000000000000e+02	1.381600999999999801e-01	6.935121894061279692e-03	-6.866675508865969363e-03
1.480000000000000000e+02	1.371855999999999909e-01	6.921186449271880294e-03	-7.403040795823132708e-03
1.490000000000000000e+02	1.362412999999999819e-01	6.906204492084031497e-03	-7.938290750496023590e-03
1.500000000000000000e+02	1.354023000000000032e-01	6.890178279659485081e-03	-8.472344732838062512e-03
1.510000000000000000e+02	1.346659999999999802e-01	6.873110226486098956e-03	-9.005122282986272389e-03
1.520000000000000000e+02	1.341252000000000000e-01	6.855002904014072598e-03	-9.536543133383252116e-03
1.530000000000000000e+02	1.336206999999999812e-01	6.835859040268537322e-03	-1.006652722087018371e-02
1.540000000000000000e+02	1.335366999999999804e-01	6.815681519438553451e-03	-1.059499469874903774e-02
1.550000000000000000e+02	1.335686999999999847e-01	6.794473381442585509e-03	-1.112186594881216760e-02
1.560000000000000000e+02	1.335550999999999822e-01	6.772237821470507464e-03	-1.164706159333749741e-02
1.570000000000000000e+02	1.330018000000000034e-01	6.748978189502223037e-03	-1.217050250704744541e-02
1.580000000000000000e+02	1.321190999999999893e-01	6.724697989802961781e-03	-1.269210982902984480e-02
1.590000000000000000e+02	1.310776999999999914e-01	6.699400880395332478e-03	-1.321180497461901977e-02
1.600000000000000000e+02	1.300592999999999888e-01	6.673090672508206686e-03	-1.372950964723524715e-02
1.610000000000000000e+02	1.296654999999999891e-01	6.645771330002524409e-03	-1.424514585018082057e-02
1.620000000000000000e+02	1.295528999999999986e-01	6.617446968774110330e-03	-1.475863589839091633e-02
1.630000000000000000e+02	1.295771000000000006e-01	6.588121856133570022e-03	-1.526990243013753856e-02
1.640000000000000000e+02	1.292677999999999883e-01	6.557800410163386676e-03	-1.577886841868470988e-02
1.650000000000000000e+02	1.285900999999999850e-01	6.526487199052299036e-03	-1.628545718389326838e-02
1.660000000000000000e+02	1.277617000000000058e-01	6.494186940407065470e-03	-1.678959240377330547e-02
1.670000000000000000e+02	1.270782000000000023e-01	6.460904500541709596e-03	-1.729119812598285330e-02
1.680000000000000000e+02	1.260653999999999941e-01	6.426644893744374969e-03	-1.779019877927063079e-02
1.690000000000000000e+02	1.247323999999999933e-01	6.391413281521874691e-03	-1.828651918486164790e-02
1.700000000000000000e+02	1.235667000000000015e-01	6.355214971822067786e-03	-1.878008456778339566e-02
1.710000000000000000e+02	1.221931999999999879e-01	6.318055418234168157e-03	-1.927082056813150812e-02
1.720000000000000000e+02	1.205643999999999882e-01	6.279940219167118830e-03	-1.975865325227254068e-02
1.730000000000000000e+02	1.192400999999999878e-01	6.240875117006137313e-03	-2.024350912398288627e-02
1.740000000000000000e+02	1.182066999999999979e-01	6.200865997247582105e-03	-2.072531513552147708e-02
1.750000000000000000e+02	1.172650999999999971e-01	6.159918887612241857e-03	-2.120399869863518610e-02
1.760000000000000000e+02	1.167215999999999948e-01	6.118039957137221506e-03	-2.167948769549475282e-02
1.770000000000000000e+02	1.156533999999999895e-01	6.075235515246505194e-03	-2.215171048956008845e-02
1.780000000000000000e+02	1.143653999999999921e-01	6.031512010800405867e-03	-2.262059593637279903e-02
1.790000000000000000e+02	1.133131999999999889e-01	5.986876031123972673e-03	-2.308607339427486832e-02
1.800000000000000000e+02	1.121163999999999911e-01	5.941334301014562606e-03	-2.354807273505128695e-02
1.810000000000000000e+02	1.107024999999999954e-01	5.894893681728686531e-03	-2.400652435449561820e-02
1.820000000000000000e+02	1.092957999999999985e-01	5.847561169948308282e-03	-2.446135918289633199e-02
1.830000000000000000e+02	1.083061999999999914e-01	5.799343896726722597e-03	-2.491250869544289412e-02
1.840000000000000000e+02	1.074811999999999990e-01	5.750249126414214845e-03	-2.535990492254950462e-02
1.850000000000000000e+02	1.071495999999999976e-01	5.700284255563604907e-03	-2.580348046009540638e-02
1.860000000000000000e+02	1.068241999999999942e-01	5.649456811815914588e-03	-2.624316847957980370e-02
1.870000000000000000e+02	1.060890999999999917e-01	5.597774452766241839e-03	-2.667890273819024938e-02
1.880000000000000000e+02	1.053525999999999907e-01	5.545244964810096787e-03	-2.711061758878260952e-02
1.890000000000000000e+02	1.040720999999999868e-01	5.491876261970291516e-03	-2.753824798977146451e-02
1.900000000000000000e+02	1.031267999999999907e-01	5.437676384704652477e-03	-2.796172951492908662e-02
1.910000000000000000e+02	1.021100999999999953e-01	5.382653498694625789e-03	-2.838099836309192908e-02
1.920000000000000000e+02	1.009217999999999921e-01	5.326815893615071199e-03	-2.879599136777270113e-02
1.930000000000000000e+02	9.956979999999998610e-02	5.270171981885335769e-03	-2.920664600667704017e-02
1.940000000000000000e+02	9.787959999999999716e-02	5.212730297401851898e-03	-2.961290041112302207e-02
1.950000000000000000e+02	9.620708999999999511e-02	5.154499494252441812e-03	-3.001469337536212534e-02
1.960000000000000000e+02	9.516674999999999440e-02	5.095488345412487255e-03	-3.041196436580057005e-02
1.970000000000000000e+02	9.432046999999998960e-02	5.035705741423227196e-03	-3.080465353011905758e-02
1.980000000000000000e+02	9.326593999999999163e-02	4.975160689052292827e-03	-3.119270170629017541e-02
1.990000000000000000e+02	9.177469999999998684e-02	4.913862309936787784e-03	-3.157605043149157992e-02
2.000000000000000000e+02	9.003284999999999760e-02	4.851819839209011581e-03	-3.195464195091399229e-02
2.010000000000000000e+02	8.807332999999999135e-02	4.789042624105126385e-03	-3.232841922646240151e-02
2.020000000000000000e+02	8.634074999999999389e-02	4.725540122556893749e-03	-3.269732594534941611e-02
2.030000000000000000e+02	8.410021999999998943e-02	4.661321901766779692e-03	-3.306130652857918600e-02
2.040000000000000000e+02	8.197375999999999274e-02	4.596397636766547806e-03	-3.342030613932097521e-02
2.050000000000000000e+02	8.068115999999998789e-02	4.530777108959651786e-03	-3.377427069117065750e-02
2.060000000000000000e+02	7.963675999999998700e-02	4.464470204647569621e-03	-3.412314685629948274e-02
2.070000000000000000e+02	7.836308999999999636e-02	4.397486913540356139e-03	-3.446688207348818506e-02
2.080000000000000000e+02	7.710605999999999016e-02	4.329837327251593454e-03	-3.480542455604594687e-02
2.090000000000000000e+02	7.620305999999998914e-02	4.261531637778018591e-03	-3.513872329961242186e-02
2.100000000000000000e+02	7.465125999999999706e-02	4.192580135963994842e-03	-3.546672808984201175e-02
2.110000000000000000e+02	7.304627999999999122e-02	4.122993209951120869e-03	-3.578938950996907176e-02
2.120000000000000000e+02	7.176500999999999020e-02	4.052781343613152780e-03	-3.610665894825303840e-02
2.130000000000000000e+02	7.039517999999998776e-02	3.981955114976534933e-03	-3.641848860530211285e-02
2.140000000000000000e+02	6.904334999999998945e-02	3.910525194626706877e-03	-3.672483150127474338e-02
2.150000000000000000e+02	6.748268999999999795e-02	3.838502344100510385e-03	-3.702564148295747759e-02
2.160000000000000000e+02	6.615611999999999882e-02	3.765897414264851410e-03	-3.732087323071840018e-02
2.170000000000000000e+02	6.464508999999998839e-02	3.692721343681937447e-03	-3.761048226533488664e-02
2.180000000000000000e+02	6.347390999999999450e-02	3.618985156961273316e-03	-3.789442495469481226e-02
2.190000000000000000e+02	6.231538999999999828e-02	3.544699963098725884e-03	-3.817265852037007856e-02
2.200000000000000000e+02	6.122285999999999007e-02	3.469876953802839004e-03	-3.844514104406158983e-02
2.210000000000000000e+02	5.980477999999999489e-02	3.394527401808723928e-03	-3.871183147391456247e-02
2.220000000000000000e+02	5.817520999999999110e-02	3.318662659179705179e-03	-3.897268963070340403e-02
2.230000000000000000e+02	5.642713999999999369e-02	3.242294155597053203e-03	-3.922767621388500991e-02
2.240000000000000000e+02	5.407163999999999027e-02	3.165433396637986826e-03	-3.947675280751974936e-02
2.250000000000000000e+02	5.160104999999999553e-02	3.088091962042265135e-03	-3.971988188605917597e-02
2.260000000000000000e+02	5.000841999999999093e-02	3.010281503967607297e-03	-3.995702681999951933e-02
2.270000000000000000e+02	4.844607999999999554e-02	2.932013745234175392e-03	-4.018815188140032607e-02
2.280000000000000000e+02	4.699311999999999240e-02	2.853300477558452872e-03	-4.041322224926711254e-02
2.290000000000000000e+02	4.504539999999999239e-02	2.774153559776695605e-03	-4.063220401479748084e-02
2.300000000000000000e+02	4.325009999999999272e-02	2.694584916058320213e-03	-4.084506418648974763e-02
2.310000000000000000e+02	4.126261999999999291e-02	2.614606534109400159e-03	-4.105177069511345422e-02
2.320000000000000000e+02	3.943260999999999294e-02	2.534230463366637758e-03	-4.125229239854080049e-02
2.330000000000000000e+02	3.800678999999999169e-02	2.453468813181989075e-03	-4.144659908643855833e-02
2.340000000000000000e+02	3.639745999999999260e-02	2.372333750998307286e-03	-4.163466148481942408e-02
2.350000000000000000e+02	3.497795999999999544e-02	2.290837500516189687e-03	-4.181645126045249045e-02
2.360000000000000000e+02	3.306888999999998968e-02	2.208992339852394390e-03	-4.199194102513183896e-02
2.370000000000000000e+02	3.081397999999999082e-02	2.126810599690011003e-03	-4.216110433980283650e-02
2.380000000000000000e+02	2.906529999999999531e-02	2.044304661420760869e-03	-4.232391571854538653e-02
2.390000000000000000e+02	2.738793999999999257e-02	1.961486955279609888e-03	-4.248035063241361459e-02
2.400000000000000000e+02	2.600187999999999111e-02	1.878369958472069683e-03	-4.263038551313137747e-02
2.410000000000000000e+02	2.509158999999999348e-02	1.794966193294371230e-03	-4.277399775664300630e-02
2.420000000000000000e+02	2.389738999999999058e-02	1.711288225246901037e-03	-4.291116572651881844e-02
2.430000000000000000e+02	2.251369999999999066e-02	1.627348661141072910e-03	-4.304186875721483646e-02
2.440000000000000000e+02	2.090184999999999266e-02	1.543160147200026925e-03	-4.316608715718621425e-02
2.450000000000000000e+02	1.886194999999999192e-02	1.458735367153342734e-03	-4.328380221185396115e-02
2.460000000000000000e+02	1.648770999999999223e-02	1.374087040326148418e-03	-4.339499618642443657e-02
2.470000000000000000e+02	1.468602999999999228e-02	1.289227919722821768e-03	-4.349965232856125436e-02
2.480000000000000000e+02	1.324707999999999095e-02	1.204170790105662386e-03	-4.359775487090917362e-02
2.490000000000000000e+02	1.201480999999999209e-02	1.118928466068732806e-03	-4.368928903346960824e-02
2.500000000000000000e+02	1.023843999999999275e-02	1.033513790107251770e-03	-4.377424102582729709e-02
2.510000000000000000e+02	8.122979999999991457e-03	9.479396306827385290e-04	-4.385259804922801014e-02
2.520000000000000000e+02	5.757557999999992487e-03	8.622188802842915226e-04	-4.392434829850679068e-02
2.530000000000000000e+02	3.964243999999991774e-03	7.763644534861969268e-04	-4.398948096386646328e-02
2.540000000000000000e+02	1.963414999999991799e-03	6.903892850022628038e-04	-4.404798623250624767e-02
2.550000000000000000e+02	2.016539999999920896e-04	6.043063277370665275e-04	-4.409985529010015948e-02
2.560000000000000000e+02	-1.485337000000007792e-03	5.181285508345118704e-04	-4.414508032212493410e-02
2.570000000000000000e+02	-3.464365900000007745e-03	4.318689377238947558e-04	-4.418365451503738356e-02
2.580000000000000000e+02	-5.928029000000008264e-03	3.455404841638443536e-04	-4.421557205730087398e-02
2.590000000000000000e+02	-8.023516000000008308e-03	2.591561962844104615e-04	-4.424082814026092381e-02
2.600000000000000000e+02	-1.013118500000000782e-02	1.727290886275545606e-04	-4.425941895886965211e-02
2.610000000000000000e+02	-1.181306600000000748e-02	8.627218218642128031e-05	-4.427134171225904219e-02
2.620000000000000000e+02	-1.333853000000000816e-02	-2.014975564119516412e-07	-4.427659460416291659e-02
2.630000000000000000e+02	-1.461711000000000781e-02	-8.667892259131188579e-05	-4.427517684318758168e-02
2.640000000000000000e+02	-1.612420000000000866e-02	-1.731470643443970667e-04	-4.426708864293099621e-02
2.650000000000000000e+02	-1.776916000000000606e-02	-2.595928956403803869e-04	-4.425233122195067204e-02
2.660000000000000000e+02	-2.003963000000000619e-02	-3.460033926652511722e-04	-4.423090680358002930e-02
2.670000000000000000e+02	-2.184180000000000843e-02	-4.323655369284003800e-04	-4.420281861559346298e-02
2.680000000000000000e+02	-2.329864000000000934e-02	-5.186663172239944523e-04	-4.416807088972002360e-02
2.690000000000000000e+02	-2.414199000000000900e-02	-6.048927315912008091e-04	-4.412666886100590630e-02
2.700000000000000000e+02	-2.509607000000000851e-02	-6.910317892730716413e-04	-4.407861876702571374e-02
2.710000000000000000e+02	-2.602733000000000824e-02	-7.770705126736884806e-04	-4.402392784694271477e-02
2.720000000000000000e+02	-2.807718000000000713e-02	-8.629959393133748843e-04	-4.396260434041823068e-02
2.730000000000000000e+02	-2.958079000000000611e-02	-9.487951237815812292e-04	-4.389465748637021852e-02
2.740000000000000000e+02	-3.137104000000000281e-02	-1.034455139687248193e-03	-4.382009752158137761e-02
2.750000000000000000e+02	-3.319966000000000583e-02	-1.119963081606254168e-03	-4.373893567915689007e-02
2.760000000000000000e+02	-3.480433000000000832e-02	-1.205306067025755561e-03	-4.365118418683202467e-02
2.770000000000000000e+02	-3.624204000000001008e-02	-1.290471238285022422e-03	-4.355685626512995068e-02
2.780000000000000000e+02	-3.760800000000000948e-02	-1.375445764512582460e-03	-4.345596612536995612e-02
2.790000000000000000e+02	-3.944012000000000906e-02	-1.460216843559278277e-03	-4.334852896752636187e-02
2.800000000000000000e+02	-4.159165000000000778e-02	-1.544771703927046115e-03	-4.323456097793853398e-02
2.810000000000000000e+02	-4.378768000000000937e-02	-1.629097606693028855e-03	-4.311407932687227190e-02
2.820000000000000000e+02	-4.524464000000000957e-02	-1.713181847428829835e-03	-4.298710216593294720e-02
2.830000000000000000e+02	-4.690380000000000937e-02	-1.797011758114519997e-03	-4.285364862533082297e-02
2.840000000000000000e+02	-4.855193000000000703e-02	-1.880574709047209709e-03	-4.271373881099889414e-02
2.850000000000000000e+02	-4.992791000000000590e-02	-1.963858110743799297e-03	-4.256739380156380342e-02
2.860000000000000000e+02	-5.212873000000000506e-02	-2.046849415837715715e-03	-4.241463564517008317e-02
2.870000000000000000e+02	-5.408611000000000668e-02	-2.129536120969261967e-03	-4.225548735615852064e-02
2.880000000000000000e+02	-5.618923000000000667e-02	-2.211905768669377402e-03	-4.208997291159873033e-02
2.890000000000000000e+02	-5.799726000000000881e-02	-2.293945949236439810e-03	-4.191811724767691150e-02
2.900000000000000000e+02	-5.913151000000000518e-02	-2.375644302605916993e-03	-4.173994625593889507e-02
2.910000000000000000e+02	-6.042686000000000585e-02	-2.456988520212508281e-03	-4.155548677938943752e-02
2.920000000000000000e+02	-6.156155000000000654e-02	-2.537966346844526197e-03	-4.136476660844803921e-02
2.930000000000000000e+02	-6.283391000000000670e-02	-2.618565582490272811e-03	-4.116781447676209904e-02
2.940000000000000000e+02	-6.432708000000000870e-02	-2.698774084176053852e-03	-4.096466005687794676e-02
2.950000000000000000e+02	-6.601522000000001333e-02	-2.778579767795643675e-03	-4.075533395577038420e-02
2.960000000000000000e+02	-6.752122000000000679e-02	-2.857970609930841985e-03	-4.053986771023151969e-02
2.970000000000000000e+02	-6.903228000000000142e-02	-2.936934649662924571e-03	-4.031829378211945064e-02
2.980000000000000000e+02	-7.055130000000001123e-02	-3.015459990374638917e-03	-4.009064555346762704e-02
2.990000000000000000e+02	-7.212951000000000779e-02	-3.093534801542555199e-03	-3.985695732145550646e-02
3.000000000000000000e+02	-7.367584000000000632e-02	-3.171147320519413990e-03	-3.961726429324146509e-02
3.010000000000000000e+02	-7.522829000000000321e-02	-3.248285854306295038e-03	-3.937160258065845742e-02
3.020000000000000000e+02	-7.662489000000000106e-02	-3.324938781314244578e-03	-3.912000919477351402e-02
3.030000000000000000e+02	-7.768736000000001085e-02	-3.401094553115192008e-03	-3.886252204031166030e-02
3.040000000000000000e+02	-7.882236000000000797e-02	-3.476741696181797747e-03	-3.859917990994528314e-02
3.050000000000000000e+02	-8.026198000000001054e-02	-3.551868813616062669e-03	-3.833002247844962546e-02
3.060000000000000000e+02	-8.156792000000000209e-02	-3.626464586866347435e-03	-3.805509029672550503e-02
3.070000000000000000e+02	-8.329746000000000372e-02	-3.700517777432630814e-03	-3.777442478568987516e-02
3.080000000000000000e+02	-8.496361000000000885e-02	-3.774017228559667890e-03	-3.748806823003553862e-02
3.090000000000000000e+02	-8.695144000000000484e-02	-3.846951866917870753e-03	-3.719606377186043117e-02
3.100000000000000000e+02	-8.870539000000000895e-02	-3.919310704271583394e-03	-3.689845540416804986e-02
3.110000000000000000e+02	-9.021011000000001001e-02	-3.991082839134572555e-03	-3.659528796423937996e-02
3.120000000000000000e+02	-9.165757000000000765e-02	-4.062257458412412738e-03	-3.628660712687790252e-02
3.130000000000000000e+02	-9.273310000000001274e-02	-4.132823839031593213e-03	-3.597245939752816840e-02
3.140000000000000000e+02	-9.363999000000000628e-02	-4.202771349555019589e-03	-3.565289210526946528e-02
3.150000000000000000e+02	-9.456228000000001244e-02	-4.272089451783752517e-03	-3.532795339568516046e-02
3.160000000000000000e+02	-9.583792000000000699e-02	-4.340767702344661312e-03	-3.499769222360928772e-02
3.170000000000000000e+02	-9.718997000000001441e-02	-4.408795754263825951e-03	-3.466215834575092636e-02
3.180000000000000000e+02	-9.871354000000000239e-02	-4.476163358525380408e-03	-3.432140231319805862e-02
3.190000000000000000e+02	-1.001707000000000014e-01	-4.542860365615634249e-03	-3.397547546380151606e-02
3.200000000000000000e+02	-1.013554600000000083e-01	-4.608876727052163731e-03	-3.362442991444054841e-02
3.210000000000000000e+02	-1.025113400000000063e-01	-4.674202496897724053e-03	-3.326831855317091691e-02
3.220000000000000000e+02	-1.034836000000000089e-01	-4.738827833258680948e-03	-3.290719503125685841e-02
3.230000000000000000e+02	-1.047208000000000028e-01	-4.802742999767769042e-03	-3.254111375508811355e-02
3.240000000000000000e+02	-1.055824000000000068e-01	-4.865938367050979228e-03	-3.217012987798303220e-02
3.250000000000000000e+02	-1.062735000000000068e-01	-4.928404414178288832e-03	-3.179429929187935905e-02
3.260000000000000000e+02	-1.072863000000000011e-01	-4.990131730098087970e-03	-3.141367861891351809e-02
3.270000000000000000e+02	-1.083767000000000064e-01	-5.051111015055018486e-03	-3.102832520289011339e-02
3.280000000000000000e+02	-1.093554000000000054e-01	-5.111333081991079746e-03	-3.063829710064247189e-02
3.290000000000000000e+02	-1.105635000000000090e-01	-5.170788857929736748e-03	-3.024365307328592475e-02
3.300000000000000000e+02	-1.118366000000000082e-01	-5.229469385342819764e-03	-2.984445257736503473e-02
3.310000000000000000e+02	-1.134542000000000050e-01	-5.287365823500086298e-03	-2.944075575589575819e-02
3.320000000000000000e+02	-1.151132000000000127e-01	-5.344469449801135703e-03	-2.903262342930452294e-02
3.330000000000000000e+02	-1.163496000000000113e-01	-5.400771661089552415e-03	-2.862011708626502338e-02
3.340000000000000000e+02	-1.172568000000000082e-01	-5.456263974949021080e-03	-2.820329887443456807e-02
3.350000000000000000e+02	-1.182612000000000108e-01	-5.510938030981318153e-03	-2.778223159109077106e-02
3.360000000000000000e+02	-1.191512000000000127e-01	-5.564785592065846914e-03	-2.735697867367074820e-02
3.370000000000000000e+02	-1.201410000000000117e-01	-5.617798545600648230e-03	-2.692760419021365814e-02
3.380000000000000000e+02	-1.211963000000000068e-01	-5.669968904724612992e-03	-2.649417282970839907e-02
3.390000000000000000e+02	-1.222346000000000127e-01	-5.721288809520795604e-03	-2.605674989234748815e-02
3.400000000000000000e+02	-1.233115000000000044e-01	-5.771750528200569191e-03	-2.561540127968912894e-02
3.410000000000000000e+02	-1.245760000000000062e-01	-5.821346458268487206e-03	-2.517019348472852164e-02
3.420000000000000000e+02	-1.257596000000000269e-01	-5.870069127667654554e-03	-2.472119358188023044e-02
3.430000000000000000e+02	-1.269476999999999967e-01	-5.917911195905476394e-03	-2.426846921687266997e-02
3.440000000000000000e+02	-1.276663000000000103e-01	-5.964865455159557364e-03	-2.381208859655678176e-02
3.450000000000000000e+02	-1.282231000000000065e-01	-6.010924831363624599e-03	-2.335212047863006318e-02
3.460000000000000000e+02	-1.283887999999999974e-01	-6.056082385273287190e-03	-2.288863416127771139e-02
3.470000000000000000e+02	-1.283100000000000074e-01	-6.100331313511510659e-03	-2.242169947273207897e-02
3.480000000000000000e+02	-1.287231000000000070e-01	-6.143664949593593931e-03	-2.195138676075258227e-02
3.490000000000000000e+02	-1.289803000000000199e-01	-6.186076764931538671e-03	-2.147776688202710296e-02
3.500000000000000000e+02	-1.292686000000000113e-01	-6.227560369817624480e-03	-2.100091119149698551e-02
3.510000000000000000e+02	-1.299490000000000089e-01	-6.268109514387091956e-03	-2.052089153160657070e-02
3.520000000000000000e+02	-1.309005000000000030e-01	-6.307718089559729777e-03	-2.003778022147965215e-02
3.530000000000000000e+02	-1.317658000000000162e-01	-6.346380127960259999e-03	-1.955165004602393841e-02
3.540000000000000000e+02	-1.322730000000000017e-01	-6.384089804817379317e-03	-1.906257424496533848e-02
3.550000000000000000e+02	-1.327919000000000183e-01	-6.420841438841301020e-03	-1.857062650181390620e-02
3.560000000000000000e+02	-1.330091999999999941e-01	-6.456629493079703991e-03	-1.807588093276256413e-02
3.570000000000000000e+02	-1.331781999999999966e-01	-6.491448575751916986e-03	-1.757841207552100077e-02
3.580000000000000000e+02	-1.336033000000000082e-01	-6.525293441061236731e-03	-1.707829487808585484e-02
3.590000000000000000e+02	-1.340949000000000169e-01	-6.558158989985246254e-03	-1.657560468744927185e-02
3.600000000000000000e+02	-1.345681999999999989e-01	-6.590040271044041512e-03	-1.607041723824704019e-02
3.610000000000000000e+02	-1.353119000000000127e-01	-6.620932481046199782e-03	-1.556280864134862614e-02
3.620000000000000000e+02	-1.363084999999999991e-01	-6.650830965812437774e-03	-1.505285537239035680e-02
3.630000000000000000e+02	-1.373159000000000185e-01	-6.679731220876784260e-03	-1.454063426025384818e-02
3.640000000000000000e+02	-1.382572999999999996e-01	-6.707628892165233385e-03	-1.402622247549084253e-02
3.650000000000000000e+02	-1.389230000000000187e-01	-6.734519776651719074e-03	-1.350969751869694237e-02
3.660000000000000000e+02	-1.395069000000000170e-01	-6.760399822991335940e-03	-1.299113720883540365e-02
3.670000000000000000e+02	-1.397810000000000163e-01	-6.785265132130705208e-03	-1.247061967151317889e-02
3.680000000000000000e+02	-1.394953000000000165e-01	-6.809111957895412799e-03	-1.194822332721040201e-02
3.690000000000000000e+02	-1.397667000000000215e-01	-6.831936707554390337e-03	-1.142402687946579912e-02
3.700000000000000000e+02	-1.397904000000000091e-01	-6.853735942361200914e-03	-1.089810930301925510e-02
3.710000000000000000e+02	-1.400100999999999984e-01	-6.874506378072107321e-03	-1.037054983191372515e-02
3.720000000000000000e+02	-1.402682000000000095e-01	-6.894244885440877629e-03	-9.841427947557721337e-03
3.730000000000000000e+02	-1.404047000000000212e-01	-6.912948490690237063e-03	-9.310823366750898070e-03
3.740000000000000000e+02	-1.407868000000000175e-01	-6.930614375959882889e-03	-8.778816029673942173e-03
3.750000000000000000e+02	-1.414783000000000013e-01	-6.947239879731025025e-03	-8.245486087845053935e-03
3.760000000000000000e+02	-1.416093999999999964e-01	-6.962822497227369109e-03	-7.710913892044195250e-03
3.770000000000000000e+02	-1.415394000000000096e-01	-6.977359880792479568e-03	-7.175179980207689601e-03
3.780000000000000000e+02	-1.411765000000000103e-01	-6.990849840243476727e-03	-6.638365065294422884e-03
3.790000000000000000e+02	-1.407399000000000011e-01	-7.003290343201002029e-03	-6.100550023125879406e-03
3.800000000000000000e+02	-1.405393000000000059e-01	-7.014679515395419278e-03	-5.561815880201273314e-03
3.810000000000000000e+02	-1.404598999999999986e-01	-7.025015640949186860e-03	-5.022243801490352405e-03
3.820000000000000000e+02	-1.406016000000000210e-01	-7.034297162635371435e-03	-4.481915078205118107e-03
3.830000000000000000e+02	-1.410019000000000133e-01	-7.042522682112255412e-03	-3.940911115552754931e-03
3.840000000000000000e+02	-1.415208000000000022e-01	-7.049690960134007839e-03	-3.399313420470996289e-03
3.850000000000000000e+02	-1.418951999999999991e-01	-7.055800916737393555e-03	-2.857203589348550430e-03
3.860000000000000000e+02	-1.420772000000000146e-01	-7.060851631404473777e-03	-2.314663295731864134e-03
3.870000000000000000e+02	-1.423355000000000037e-01	-7.064842343201290301e-03	-1.771774278020249015e-03
3.880000000000000000e+02	-1.426362000000000185e-01	-7.067772450892509904e-03	-1.228618327151445155e-03
3.890000000000000000e+02	-1.427978000000000025e-01	-7.069641513032003804e-03	-6.852772742788680420e-04
3.900000000000000000e+02	-1.426966000000000068e-01	-7.070449248029353484e-03	-1.418329784431950026e-04
3.910000000000000000e+02	-1.421344999999999970e-01	-7.070195534192279425e-03	4.016326857604887246e-04
3.920000000000000000e+02	-1.415209000000000050e-01	-7.068880409744971068e-03	9.450378405176499720e-04
3.930000000000000000e+02	-1.411967000000000083e-01	-7.066504072822327523e-03	1.488300617130146157e-03
3.940000000000000000e+02	-1.411958000000000102e-01	-7.063066881440112528e-03	2.031339168350297739e-03
3.950000000000000000e+02	-1.413473000000000090e-01	-7.058569353441008012e-03	2.574071680711963617e-03
3.960000000000000000e+02	-1.413886000000000032e-01	-7.053012166416604452e-03	3.116416386856292551e-03
3.970000000000000000e+02	-1.415288000000000102e-01	-7.046396157605311523e-03	3.658291577850919605e-03
3.980000000000000000e+02	-1.410838000000000092e-01	-7.038722323766220292e-03	4.199615615499970728e-03
3.990000000000000000e+02	-1.403953000000000007e-01	-7.029991821028933399e-03	4.740306944643638172e-03
4.000000000000000000e+02	-1.393434000000000061e-01	-7.020205964719387556e-03	5.280284105445022177e-03
4.010000000000000000e+02	-1.384345000000000159e-01	-7.009366229161686536e-03	5.819465745662992517e-03
4.020000000000000000e+02	-1.376079000000000052e-01	-6.997474247455975037e-03	6.357770632908452645e-03
4.030000000000000000e+02	-1.370936000000000099e-01	-6.984531811232408925e-03	6.895117666882781722e-03
4.040000000000000000e+02	-1.365653000000000006e-01	-6.970540870381223587e-03	7.431425891596142586e-03
4.050000000000000000e+02	-1.360998000000000208e-01	-6.955503532758965449e-03	7.966614507564438730e-03
4.060000000000000000e+02	-1.356654999999999944e-01	-6.939422063870931759e-03	8.500602883982300018e-03
4.070000000000000000e+02	-1.349254000000000009e-01	-6.922298886529842064e-03	9.033310570870886277e-03
4.080000000000000000e+02	-1.346711000000000158e-01	-6.904136580490834174e-03	9.564657311198227624e-03
4.090000000000000000e+02	-1.346991000000000160e-01	-6.884937882062787222e-03	1.009456305297086638e-02
4.100000000000000000e+02	-1.340574000000000210e-01	-6.864705683696082847e-03	1.062294796129423582e-02
4.110000000000000000e+02	-1.334810000000000163e-01	-6.843443033546828778e-03	1.114973243040054754e-02
4.120000000000000000e+02	-1.326285000000000103e-01	-6.821153135017630695e-03	1.167483709564195310e-02
4.130000000000000000e+02	-1.316908999999999996e-01	-6.797839346274966131e-03	1.219818284544772410e-02
4.140000000000000000e+02	-1.310098000000000096e-01	-6.773505179743252377e-03	1.271969083324296472e-02
4.150000000000000000e+02	-1.304967000000000210e-01	-6.748154301575665613e-03	1.323928248932759039e-02
4.160000000000000000e+02	-1.304786000000000001e-01	-6.721790531101811891e-03	1.375687953271339733e-02
4.170000000000000000e+02	-1.302322999999999953e-01	-6.694417840252300279e-03	1.427240398291798607e-02
4.180000000000000000e+02	-1.301339999999999997e-01	-6.666040352960342190e-03	1.478577817171306159e-02
4.190000000000000000e+02	-1.297580000000000122e-01	-6.636662344540447157e-03	1.529692475482584933e-02
4.200000000000000000e+02	-1.290154000000000023e-01	-6.606288241044303532e-03	1.580576672359171667e-02
4.210000000000000000e+02	-1.281771000000000160e-01	-6.574922618593968121e-03	1.631222741655606254e-02
4.220000000000000000e+02	-1.268901000000000057e-01	-6.542570202692417694e-03	1.681623053102424339e-02
4.230000000000000000e+02	-1.259735000000000160e-01	-6.509235867511620199e-03	1.731770013455707566e-02
4.240000000000000000e+02	-1.248392000000000113e-01	-6.474924635158197696e-03	1.781656067641081490e-02
4.250000000000000000e+02	-1.240165000000000017e-01	-6.439641674916802422e-03	1.831273699891936349e-02
4.260000000000000000e+02	-1.229434000000000082e-01	-6.403392302471317028e-03	1.880615434881766079e-02
4.270000000000000000e+02	-1.215832000000000024e-01	-6.366181979104001271e-03	1.929673838850374037e-02
4.280000000000000000e+02	-1.204331000000000013e-01	-6.328016310872701389e-03	1.978441520723843092e-02
4.290000000000000000e+02	-1.194644000000000122e-01	-6.288901047766260084e-03	2.026911133228050110e-02
4.300000000000000000e+02	-1.190027000000000029e-01	-6.248842082838210361e-03	2.075075373995616604e-02
4.310000000000000000e+02	-1.178801000000000015e-01	-6.207845451318952726e-03	2.122926986666061333e-02
4.320000000000000000e+02	-1.165728000000000042e-01	-6.165917329706485130e-03	2.170458761979038656e-02
4.330000000000000000e+02	-1.150816000000000061e-01	-6.123064034835874747e-03	2.217663538860465203e-02
4.340000000000000000e+02	-1.134439000000000142e-01	-6.079292022927552247e-03	2.264534205501415876e-02
4.350000000000000000e+02	-1.119244000000000072e-01	-6.034607888614637594e-03	2.311063700429567130e-02
4.360000000000000000e+02	-1.103331000000000034e-01	-5.989018363949397995e-03	2.357245013573074782e-02
4.370000000000000000e+02	-1.095566000000000040e-01	-5.942530317389017533e-03	2.403071187316691351e-02
4.380000000000000000e+02	-1.091445000000000054e-01	-5.895150752760782570e-03	2.448535317550007070e-02
4.390000000000000000e+02	-1.087165000000000076e-01	-5.846886808206911042e-03	2.493630554707603961e-02
4.400000000000000000e+02	-1.082972000000000101e-01	-5.797745755109122781e-03	2.538350104801007090e-02
4.410000000000000000e+02	-1.068447000000000147e-01	-5.747734996993151234e-03	2.582687230442245671e-02
4.420000000000000000e+02	-1.055848000000000064e-01	-5.696862068413324938e-03	2.626635251858918177e-02
4.430000000000000000e+02	-1.044726000000000127e-01	-5.645134633817428665e-03	2.670187547900544286e-02
4.440000000000000000e+02	-1.037672000000000039e-01	-5.592560486391988210e-03	2.713337557036107558e-02
4.450000000000000000e+02	-1.027193000000000134e-01	-5.539147546888166171e-03	2.756078778342590727e-02
4.460000000000000000e+02	-1.014454300000000031e-01	-5.484903862428412713e-03	2.798404772484417921e-02
4.470000000000000000e+02	-1.002464500000000147e-01	-5.429837605294114168e-03	2.840309162683582467e-02
4.480000000000000000e+02	-9.890887000000000984e-02	-5.373957071694363506e-03	2.881785635680366234e-02
4.490000000000000000e+02	-9.783168000000000419e-02	-5.317270680516058244e-03	2.922827942684492336e-02
4.500000000000000000e+02	-9.684204000000000423e-02	-5.259786972055538294e-03	2.963429900316546031e-02
4.510000000000000000e+02	-9.588529000000001190e-02	-5.201514606731892990e-03	3.003585391539570493e-02
4.520000000000000000e+02	-9.480186000000000168e-02	-5.142462363782213108e-03	3.043288366580644555e-02
4.530000000000000000e+02	-9.321564000000000239e-02	-5.082639139938910193e-03	3.082532843842334183e-02
4.540000000000000000e+02	-9.184377000000000513e-02	-5.022053948089362507e-03	3.121312910803863278e-02
4.550000000000000000e+02	-9.028656000000000181e-02	-4.960715915918025541e-03	3.159622724911902852e-02
4.560000000000000000e+02	-8.834360000000000823e-02	-4.898634284531281149e-03	3.197456514460790544e-02
4.570000000000000000e+02	-8.574858000000000480e-02	-4.835818407065172776e-03	3.234808579462094408e-02
4.580000000000000000e+02	-8.385351000000000610e-02	-4.772277747276298249e-03	3.271673292503353425e-02
4.590000000000000000e+02	-8.283647000000000926e-02	-4.708021878115982439e-03	3.308045099595913890e-02
4.600000000000000000e+02	-8.220832000000000139e-02	-4.643060480288047250e-03	3.343918521011673278e-02
4.610000000000000000e+02	-8.125624000000000735e-02	-4.577403340790320296e-03	3.379288152108656657e-02
4.620000000000000000e+02	-8.017578000000000205e-02	-4.511060351440162458e-03	3.414148664145259804e-02
4.630000000000000000e+02	-7.790917000000001369e-02	-4.444041507384140915e-03	3.448494805083087561e-02
4.640000000000000000e+02	-7.664230000000001042e-02	-4.376356905592204173e-03	3.482321400378207699e-02
4.650000000000000000e+02	-7.510708000000000661e-02	-4.308016743336469216e-03	3.515623353760747444e-02
4.660000000000000000e+02	-7.422009000000000245e-02	-4.239031316654936522e-03	3.548395648002677927e-02
4.670000000000000000e+02	-7.304690000000001182e-02	-4.169411018800271707e-03	3.580633345673720630e-02
4.680000000000000000e+02	-7.180992000000001318e-02	-4.099166338673991203e-03	3.612331589885203059e-02
4.690000000000000000e+02	-6.998903000000000763e-02	-4.028307859246211577e-03	3.643485605021796331e-02
4.700000000000000000e+02	-6.836899000000000448e-02	-3.956846255961249566e-03	3.674090697460993121e-02
4.710000000000000000e+02	-6.707273000000001095e-02	-3.884792295129247189e-03	3.704142256280256590e-02
4.720000000000000000e+02	-6.630955000000000876e-02	-3.812156832304149350e-03	3.733635753951688313e-02
4.730000000000000000e+02	-6.566956000000000182e-02	-3.738950810648214787e-03	3.762566747024140290e-02
4.740000000000000000e+02	-6.429693000000000214e-02	-3.665185259283351357e-03	3.790930876792655835e-02
4.750000000000000000e+02	-6.230076000000001057e-02	-3.590871291629456515e-03	3.818723869955154004e-02
4.760000000000000000e+02	-6.042649000000000631e-02	-3.516020103730097771e-03	3.845941539256235442e-02
4.770000000000000000e+02	-5.813993000000000633e-02	-3.440642972565727872e-03	3.872579784118028445e-02
4.780000000000000000e+02	-5.588490000000000818e-02	-3.364751254354728712e-03	3.898634591257973958e-02
4.790000000000000000e+02	-5.405738000000000903e-02	-3.288356382842465286e-03	3.924102035293468987e-02
4.800000000000000000e+02	-5.255806000000001060e-02	-3.211469867578715248e-03	3.948978279333252572e-02
4.810000000000000000e+02	-5.090223000000000664e-02	-3.134103292183651902e-03	3.973259575555469769e-02
4.820000000000000000e+02	-4.899350000000000926e-02	-3.056268312602662945e-03	3.996942265772313735e-02
4.830000000000000000e+02	-4.723798000000000580e-02	-2.977976655350304206e-03	4.020022781981159171e-02
4.840000000000000000e+02	-4.510507000000001099e-02	-2.899240115743567485e-03	4.042497646902119823e-02
4.850000000000000000e+02	-4.333535000000000859e-02	-2.820070556124832425e-03	4.064363474501925949e-02
4.860000000000000000e+02	-4.147851000000001009e-02	-2.740479904074692805e-03	4.085616970504062778e-02
4.870000000000000000e+02	-3.982239000000000612e-02	-2.660480150614985551e-03	4.106254932885074205e-02
4.880000000000000000e+02	-3.822283000000000625e-02	-2.580083348402205465e-03	4.126274252356988692e-02
4.890000000000000000e+02	-3.673850000000000726e-02	-2.499301609911688642e-03	4.145671912835748041e-02
4.900000000000000000e+02	-3.509192000000000561e-02	-2.418147105612755785e-03	4.164444991895614734e-02
4.910000000000000000e+02	-3.309378000000000319e-02	-2.336632062135144631e-03	4.182590661209452387e-02
4.920000000000000000e+02	-3.109609000000000678e-02	-2.254768760426927466e-03	4.200106186974848083e-02
4.930000000000000000e+02	-3.008723000000000647e-02	-2.172569533904307546e-03	4.216988930325975271e-02
4.940000000000000000e+02	-2.924204000000000733e-02	-2.090046766593466141e-03	4.233236347731167415e-02
4.950000000000000000e+02	-2.803229000000000831e-02	-2.007212891264826670e-03	4.248845991376116321e-02
4.960000000000000000e+02	-2.678857000000000807e-02	-1.924080387559916555e-03	4.263815509532663944e-02
4.970000000000000000e+02	-2.541400000000000950e-02	-1.840661780111223830e-03	4.278142646913105085e-02
4.980000000000000000e+02	-2.336215000000000860e-02	-1.756969636655238013e-03	4.291825245009971840e-02
4.990000000000000000e+02	-2.132398000000000626e-02	-1.673016566139039771e-03	4.304861242421222089e-02
5.000000000000000000e+02	-1.957513000000000655e-02	-1.588815216820614997e-03	4.317248675160818838e-02
5.010000000000000000e+02	-1.805351000000000872e-02	-1.504378274363309641e-03	4.328985676954612977e-02
5.020000000000000000e+02	-1.693041000000000684e-02	-1.419718459924613086e-03	4.340070479521519753e-02
5.030000000000000000e+02	-1.509927000000000838e-02	-1.334848528239629146e-03	4.350501412839918869e-02
5.040000000000000000e+02	-1.305873000000000797e-02	-1.249781265699428543e-03	4.360276905399265018e-02
5.050000000000000000e+02	-1.059750300000000811e-02	-1.164529488424692052e-03	4.369395484436845722e-02
5.060000000000000000e+02	-8.711233000000007456e-03	-1.079106040334839450e-03	4.377855776159667034e-02
5.070000000000000000e+02	-7.116520000000008117e-03	-9.935237912130053320e-04	4.385656505951422701e-02
5.080000000000000000e+02	-5.533260000000007721e-03	-9.077956347670585553e-04	4.392796498564534996e-02
5.090000000000000000e+02	-3.756478000000007533e-03	-8.219344866870767832e-04	4.399274678297208918e-02
5.100000000000000000e+02	-1.950203200000007837e-03	-7.359532826994750684e-04	4.405090069155498389e-02
5.110000000000000000e+02	8.155099999999221305e-05	-6.498649766181504965e-04	4.410241795000347659e-02
