0	-0.0028532363999999996	-0.0007589199999999997
1	-0.0002484799999999993	-0.0006345444999999998
2	0.002361404000000001	-0.0005239885999999997
3	0.004142753000000001	-0.00042725209999999974
4	0.005942364	-0.0003512448999999998
5	0.00814487	-0.00026602479999999974
6	0.01083679	-0.00016698499999999976
7	0.01339623	-6.103539999999973e-05
8	0.01569899	3.570100000000023e-05
9	0.0180155	0.00011631480000000026
10	0.02016836	0.00019001880000000024
11	0.02252658	0.00027984550000000025
12	0.02523291	0.00037888522000000023
13	0.02787962	0.0005032607000000002
14	0.03005869	0.0006069070000000003
15	0.03173436	0.0007105533000000003
16	0.033634950000000004	0.0008349288000000002
17	0.03535743	0.0009708205000000002
18	0.03728954	0.0010790731000000003
19	0.03877911	0.0012126618000000001
20	0.04052393	0.0013047920000000001
21	0.04208545	0.0013831020000000002
22	0.04415733	0.0014821420000000003
23	0.04668321	0.0016180340000000002
24	0.04886082	0.0017516220000000002
25	0.050391570000000004	0.0018575720000000003
26	0.05180205	0.001954308
27	0.05354034	0.002067167
28	0.05563734	0.0021777230000000003
29	0.05742567	0.0022721560000000004
30	0.05941216	0.0023619830000000002
31	0.06153905	0.0024679330000000003
32	0.06364174	0.002520907
33	0.06561214	0.0026038240000000002
34	0.06832326	0.002693651
35	0.07084488	0.0027834780000000003
36	0.07316543	0.0029101570000000005
37	0.07511453	0.003027622
38	0.07636307	0.0031404820000000004
39	0.07798268	0.0032280050000000004
40	0.07961923	0.0033178310000000003
41	0.08122411	0.0034191750000000004
42	0.08327983	0.003520519
43	0.08532526	0.0036195570000000002
44	0.08689903	0.003730114
45	0.08856222	0.0038222430000000003
46	0.09009986	0.003916677
47	0.0917555	0.004008808000000001
48	0.09380082000000001	0.004147002
49	0.0956005	0.004299015000000001
50	0.09640447	0.004404966000000001
51	0.09690685	0.0044763680000000005
52	0.09819	0.0045339460000000005
53	0.1001888	0.004593832
54	0.1027369	0.004672143
55	0.1051359	0.004748148000000001
56	0.1071818	0.004854099000000001
57	0.1091271	0.004941624
58	0.1104517	0.005022236
59	0.1118379	0.00509594
60	0.1138456	0.005165039000000001
61	0.115493	0.005264077
62	0.1170777	0.005326265
63	0.1186698	0.005390757
64	0.1205169	0.005452943
65	0.1222874	0.005526648
66	0.12408820000000001	0.005588836000000001
67	0.1257588	0.0056510250000000005
68	0.127516	0.0057293330000000005
69	0.129146	0.005828374
70	0.1308037	0.005943535000000001
71	0.1315581	0.006056396
72	0.1321438	0.0061347070000000005
73	0.1325704	0.0062015
74	0.1334433	0.006256778
75	0.1350183	0.0063051470000000005
76	0.1365935	0.006383459
77	0.138476	0.00647098
78	0.1396889	0.006553898
79	0.140678	0.006627603
80	0.1413521	0.006689788
81	0.1423424	0.00674737
82	0.1437631	0.006821075
83	0.1448965	0.006894777
84	0.1459032	0.006947752000000001
85	0.146972	0.0070099410000000004
86	0.1480524	0.007035277
87	0.1490835	0.007049097
88	0.1507994	0.007062916
89	0.1528023	0.007115892
90	0.1547414	0.007196504
91	0.1559138	0.007307061
92	0.1563553	0.007385369
93	0.1560696	0.007429132000000001
94	0.1562615	0.007472894
95	0.1569852	0.00751896
96	0.1580264	0.007565025
97	0.159086	0.007611091
98	0.1601114	0.007666366
99	0.1608451	0.007730858
100	0.1614254	0.007781531
101	0.1618315	0.007836806
102	0.1621783	0.007885175000000001
103	0.1626424	0.007942757
104	0.1632973	0.008007249000000001
105	0.1635362	0.008060224000000001
106	0.16366	0.008108589
107	0.1639084	0.00812932
108	0.164298	0.008127016
109	0.1651108	0.008120106
110	0.1665062	0.008140835
111	0.1679126	0.008170778
112	0.168703	0.008223754
113	0.1691661	0.008274426
114	0.1692602	0.008325098
115	0.169032	0.008345824
116	0.1688796	0.008357341
117	0.1691662	0.008357341
118	0.1698399	0.008361947
119	0.1706774	0.008382677
120	0.1712545	0.008408013
121	0.1715274	0.008433349
122	0.1716404	0.008440258
123	0.1716517	0.008458685
124	0.1719041	0.008488628
125	0.1721205	0.00852548
126	0.1719149	0.008571542
127	0.17125390000000001	0.008596879
128	0.1707991	0.008599182
129	0.1704184	0.008573846
130	0.1704165	0.008546209
131	0.1711118	0.008534694
132	0.1720287	0.008543906
133	0.1723801	0.008557726
134	0.1723695	0.008576152
135	0.171913	0.008585363
136	0.1714668	0.008585363
137	0.170955	0.008592273000000001
138	0.170611	0.008576152
139	0.1701642	0.008555420000000001
140	0.1700636	0.008511661
141	0.1702624	0.008507054
142	0.1705457	0.008486324
143	0.1704812	0.008484021
144	0.1702267	0.008463291
145	0.1697035	0.008465595000000001
146	0.1693697	0.008472504
147	0.1687674	0.008479415
148	0.1678344	0.008488628
149	0.1667912	0.008477112
150	0.1656916	0.008431046000000001
151	0.165032	0.008394193
152	0.164821	0.008364251
153	0.1646149	0.008343521
154	0.1642848	0.008327402000000001
155	0.1638353	0.008318188
156	0.1629885	0.008304365000000001
157	0.161915	0.008299762
158	0.1608323	0.008290548
159	0.1598134	0.00826982
160	0.1586	0.008235271
161	0.1575617	0.008175385
162	0.1568449	0.0081155
163	0.1565666	0.00806713
164	0.1562885	0.008011855
165	0.1558273	0.007988822
166	0.1552473	0.00794506
167	0.154028	0.007894387
168	0.1532665	0.007862141999999999
169	0.1523976	0.007848323
170	0.151264	0.007827595
171	0.1497479	0.007783833
172	0.1482577	0.007700915
173	0.1470013	0.007624907
174	0.1467446	0.007567328
175	0.1461951	0.007530476
176	0.1453372	0.00749823
177	0.1441838	0.00747059
178	0.1424937	0.007436042
179	0.1406757	0.007389976
180	0.1391493	0.007353126000000001
181	0.1376184	0.007337003
182	0.1360253	0.007270208
183	0.1340853	0.00720802
184	0.1328616	0.007152741000000001
185	0.1315604	0.007067523
186	0.1304164	0.0069846050000000005
187	0.1295348	0.006915506
188	0.128561	0.006841805
189	0.1275222	0.006804952
190	0.1262713	0.006770403
191	0.1243174	0.006712821
192	0.1222405	0.006609177
193	0.1205408	0.006519349000000001
194	0.1194646	0.006422611
195	0.1186084	0.0063304830000000005
196	0.1179943	0.006268294000000001
197	0.116785	0.006203803
198	0.1151807	0.006118584
199	0.11331	0.006044879
200	0.1117812	0.0059596580000000005
201	0.1102616	0.005899776000000001
202	0.1089369	0.005862923
203	0.1069131	0.005796128
204	0.1044011	0.00572012
205	0.1023626	0.005646418
206	0.1005643	0.00554277
207	0.0987862	0.00543452
208	0.09752519	0.005363118
209	0.0962627	0.0052940190000000005
210	0.09467957	0.005206495
211	0.09267017	0.0051558260000000005
212	0.09077358	0.00509594
213	0.08817144	0.0050153260000000005
214	0.08596225	0.004904772
215	0.08379593	0.004801124
216	0.08249717	0.00468366
217	0.08114275	0.0045915290000000004
218	0.07992165	0.004513217
219	0.07807146	0.004400359
220	0.07616431	0.004294409
221	0.07452437	0.004186158000000001
222	0.07300072	0.004094026000000001
223	0.07141084	0.004018021
224	0.06962465	0.003948923
225	0.06731609	0.0038475790000000003
226	0.06497407	0.0037439340000000004
227	0.06297047	0.0036495000000000004
228	0.061024930000000005	0.0035274290000000003
229	0.05910637	0.0034214780000000004
230	0.05750688	0.003310921
231	0.0559957	0.003221095
232	0.05431747	0.0031589070000000003
233	0.05203559	0.0030967200000000003
234	0.04920057	0.0030138030000000002
235	0.046667850000000004	0.0029124600000000004
236	0.044196940000000004	0.0028019040000000005
237	0.04199024	0.0026752250000000003
238	0.04039474	0.002592308
239	0.038690300000000004	0.002507088
240	0.0363003	0.0024057450000000004
241	0.03409164	0.0022997960000000002
242	0.03198262	0.002205362
243	0.029863149999999998	0.0020786830000000004
244	0.02796198	0.001963521
245	0.02622978	0.0018829070000000003
246	0.02415913	0.0017769580000000001
247	0.021862760000000002	0.0016940410000000003
248	0.01985593	0.0015996080000000002
249	0.01736665	0.0014798390000000002
250	0.01514671	0.0013209140000000003
251	0.013316940000000001	0.0011896292000000003
252	0.01219955	0.0010928927000000003
253	0.010897490000000001	0.0010099756000000004
254	0.008800460000000001	0.0009477880000000003
255	0.006026745	0.0008487482000000003
256	0.0031711120000000002	0.0008049865000000002
257	0.0007153320000000008	0.0006921271000000003
258	9.820400000000061e-05	0.0005746614000000003
259	-0.0017112275999999994	0.00047101520000000026
260	-0.0036621279999999993	0.00031669750000000023
261	-0.0058036649999999995	0.00026372275000000024
262	-0.009126282999999999	0.00014856030000000024
263	-0.01009906	4.030750000000023e-05
264	-0.01296429	-6.564199999999976e-05
265	-0.01399546	-0.00014855909999999975
266	-0.01618568	-0.00024068899999999977
267	-0.0186313	-0.0003466382999999998
268	-0.02095158	-0.0004318586999999997
269	-0.02335676	-0.0005447178999999998
270	-0.02567112	-0.0006575769999999998
271	-0.027576359999999998	-0.0007727389999999997
272	-0.02966382	-0.0008786889999999998
273	-0.03145994	-0.0009685159999999998
274	-0.03352066	-0.0010606459999999997
275	-0.03568044	-0.0011642919999999997
276	-0.03792942	-0.0013209129999999997
277	-0.04132979	-0.0013738879999999998
278	-0.04334441	-0.0014844439999999997
279	-0.04498936	-0.0016111219999999998
280	-0.04591913	-0.001721678
281	-0.0485159	-0.0018391439999999996
282	-0.04944433	-0.0019589129999999996
283	-0.050932899999999996	-0.0021546889999999996
284	-0.05289237	-0.002251426
285	-0.05508858	-0.0023044
286	-0.05689279	-0.002408047
287	-0.0579204	-0.0024909639999999996
288	-0.05988039	-0.0025853969999999997
289	-0.06221276	-0.0026614039999999996
290	-0.06435098	-0.00277196
291	-0.06669727	-0.002947006
292	-0.06863551	-0.002995374
293	-0.07107002	-0.0031082349999999996
294	-0.07295143	-0.00319806
295	-0.07375148	-0.0032763719999999996
296	-0.07568453	-0.0033477729999999996
297	-0.07787799	-0.003412265
298	-0.08034434	-0.0035043929999999997
299	-0.08399729	-0.003637983
300	-0.08493666	-0.0036909559999999996
301	-0.08766445	-0.003796906
302	-0.08865819999999999	-0.003939707
303	-0.09007427999999999	-0.003988076
304	-0.09268026	-0.004094027
305	-0.09351089	-0.0042114909999999995
306	-0.09494646	-0.004328958
307	-0.09644221	-0.0044418159999999995
308	-0.09737813	-0.0045109139999999995
309	-0.10026613	-0.004552373
310	-0.1023684	-0.004628378
311	-0.1034135	-0.004725116
312	-0.1052592	-0.0048356729999999995
313	-0.1068796	-0.0049254979999999995
314	-0.1080274	-0.005006112
315	-0.1102203	-0.005098241
316	-0.1110858	-0.0051765529999999995
317	-0.1126288	-0.005243347
318	-0.115357	-0.0053308719999999995
319	-0.1173459	-0.005372328
320	-0.1194056	-0.005418393
321	-0.1214916	-0.005459853
322	-0.123332	-0.005522041
323	-0.1252479	-0.0055957459999999995
324	-0.1270883	-0.0056648409999999995
325	-0.1286686	-0.005743153
326	-0.129916	-0.005839888
327	-0.1312426	-0.005922806
328	-0.1319338	-0.006001116999999999
329	-0.133009	-0.006061001999999999
330	-0.1344255	-0.006104760999999999
331	-0.1359524	-0.006210712
332	-0.137637	-0.006265990999999999
333	-0.1389807	-0.006355815999999999
334	-0.1396554	-0.006450249999999999
335	-0.1402868	-0.006556198
336	-0.1407716	-0.006639116
337	-0.1411682	-0.0067243369999999995
338	-0.1419176	-0.006786525999999999
339	-0.1429296	-0.006869441
340	-0.1439209	-0.006977695
341	-0.1447703	-0.007005333999999999
342	-0.1457375	-0.007058307
343	-0.1468185	-0.0071112829999999995
344	-0.148268	-0.007143528
345	-0.1498567	-0.007194201
346	-0.1509278	-0.007279419
347	-0.151947	-0.00735773
348	-0.1523179	-0.007456771
349	-0.15258359999999999	-0.007468287
350	-0.1533268	-0.0074798
351	-0.1547327	-0.007505136999999999
352	-0.1566567	-0.007525868999999999
353	-0.1582751	-0.007581144999999999
354	-0.159159	-0.007615693999999999
355	-0.1598628	-0.007670972999999999
356	-0.1607791	-0.007712432
357	-0.1612488	-0.007772313999999999
358	-0.1618611	-0.007846019
359	-0.1620629	-0.007931239999999999
360	-0.1620272	-0.007945058999999999
361	-0.162466	-0.007988822
362	-0.1630946	-0.008030278
363	-0.1636165	-0.008076344
364	-0.1640607	-0.00810168
365	-0.1646156	-0.008124712
366	-0.1653741	-0.008166171
367	-0.1658827	-0.008214541
368	-0.1666019	-0.0082583
369	-0.1666541	-0.008315880999999999
370	-0.1663016	-0.008336612
371	-0.1665836	-0.008341218
372	-0.1669174	-0.008334308
373	-0.1678228	-0.008315880999999999
374	-0.169038	-0.008313578
375	-0.1701057	-0.008322791999999999
376	-0.1709557	-0.008318185
377	-0.1714412	-0.008332004
378	-0.1720445	-0.008343521
379	-0.1723178	-0.008380374
380	-0.1723801	-0.00840571
381	-0.1718454	-0.008419529
382	-0.1716532	-0.008431046
383	-0.1718394	-0.008442559
384	-0.1719127	-0.008458686
385	-0.1718282	-0.008456382
386	-0.171771	-0.008458686
387	-0.1717425	-0.008474805
388	-0.1717902	-0.008495533999999999
389	-0.17151929999999999	-0.008520871
390	-0.1711218	-0.008571542
391	-0.1700569	-0.008592273
392	-0.1690336	-0.008599182
393	-0.168486	-0.008596879
394	-0.1683361	-0.008573846999999999
395	-0.1683174	-0.008543904
396	-0.1686491	-0.008511657
397	-0.1689231	-0.008490928
398	-0.1691428	-0.008460986
399	-0.1691821	-0.008449469
400	-0.1691487	-0.008431046
401	-0.1688413	-0.008428742999999999
402	-0.1683981	-0.008419529
403	-0.1677204	-0.00837807
404	-0.1673404	-0.008366554
405	-0.1670335	-0.008338915
406	-0.166507	-0.008292849
407	-0.1663467	-0.0082583
408	-0.166093	-0.008235267
409	-0.1657728	-0.008249087
410	-0.165258	-0.008246784
411	-0.163961	-0.008267512999999999
412	-0.1626375	-0.008272119
413	-0.1610056	-0.00826521
414	-0.1594949	-0.008260604
415	-0.1583287	-0.008230661
416	-0.1571261	-0.008193811
417	-0.156281	-0.008168475
418	-0.1555399	-0.008127017
419	-0.1547641	-0.008097074
420	-0.1541163	-0.008078646
421	-0.1532223	-0.008044098
422	-0.1521442	-0.008023368999999999
423	-0.1510763	-0.007984212
424	-0.1500104	-0.00793815
425	-0.1489262	-0.007894387
426	-0.1481576	-0.007841411999999999
427	-0.1471976	-0.007781527
428	-0.1463665	-0.007684791999999999
429	-0.1457091	-0.007631816999999999
430	-0.1455604	-0.007551202999999999
431	-0.1451048	-0.007507443999999999
432	-0.1444261	-0.007465984
433	-0.143131	-0.007447558
434	-0.1417443	-0.007401492
435	-0.1399547	-0.0073554269999999995
436	-0.1383326	-0.007288630999999999
437	-0.1369397	-0.00722875
438	-0.1359507	-0.007164258
439	-0.1347479	-0.0071135849999999995
440	-0.1335752	-0.007069822999999999
441	-0.1321685	-0.007007638
442	-0.1305135	-0.006947752
443	-0.129168	-0.00689708
444	-0.1277001	-0.006855621
445	-0.1261903	-0.006807252
446	-0.124279	-0.006763493
447	-0.1224509	-0.006696698
448	-0.12072429999999999	-0.006620689999999999
449	-0.1193072	-0.006521652
450	-0.1179758	-0.0064249139999999995
451	-0.1170392	-0.006346603
452	-0.1160873	-0.006252171
453	-0.1149112	-0.00616695
454	-0.1137616	-0.006107065
455	-0.112554	-0.006063303
456	-0.1105911	-0.005998814
457	-0.1084233	-0.005897469
458	-0.106532	-0.005796129
459	-0.105192	-0.005717817
460	-0.1040344	-0.005641808
461	-0.1025821	-0.00557041
462	-0.1008793	-0.005501311
463	-0.09896206	-0.0054206969999999995
464	-0.09702036	-0.005358508
465	-0.09523874	-0.0052848059999999995
466	-0.09318994	-0.0052157079999999995
467	-0.09125373	-0.005167339
468	-0.08890514	-0.0051212739999999994
469	-0.08644093	-0.005052178
470	-0.08399895	-0.004955439999999999
471	-0.08166104	-0.004849493
472	-0.0799127	-0.004729722
473	-0.07862032	-0.004637591
474	-0.0774308	-0.004552373
475	-0.07581463	-0.004474061
476	-0.07400266999999999	-0.004404963
477	-0.07184911	-0.0043059249999999995
478	-0.06944553	-0.004176941
479	-0.06776599999999999	-0.004073297
480	-0.06657281	-0.003988076
481	-0.06490369	-0.003854489
482	-0.06314291999999999	-0.0037393239999999996
483	-0.061750189999999996	-0.003633377
484	-0.06012597	-0.0035205159999999996
485	-0.05848978	-0.003432991
486	-0.05674388	-0.0033339539999999997
487	-0.05467921	-0.0032510359999999997
488	-0.0527575	-0.0031773329999999996
489	-0.05029557	-0.0031082349999999996
490	-0.04785989	-0.0030230139999999996
491	-0.045347069999999996	-0.0029516119999999997
492	-0.04276536	-0.0028502709999999997
493	-0.04010962	-0.0027328039999999997
494	-0.03811549	-0.002652191
495	-0.03641555	-0.002566971
496	-0.03428842	-0.0024886599999999997
497	-0.031892779999999996	-0.00242417
498	-0.02918588	-0.00232513
499	-0.02656594	-0.002203058
500	-0.02440202	-0.0021017149999999997
501	-0.02261979	-0.0019957649999999996
502	-0.02088295	-0.001889816
503	-0.01888782	-0.0017654399999999996
504	-0.016671039999999998	-0.0016525809999999998
505	-0.01512377	-0.0015166889999999997
506	-0.01341123	-0.0014153459999999998
507	-0.01175684	-0.0012794539999999997
508	-0.009964128	-0.0011481689999999997
509	-0.008418761	-0.0010560389999999997
510	-0.006791785999999999	-0.0009385739999999997
511	-0.00474428	-0.0008487469999999997
