0.000000000000000000e+00	1.488880000000002320e-04	-7.731191756007331278e-04	6.532734245593223299e-02
1.000000000000000000e+00	3.494999999999999843e-03	-6.454731438410190973e-04	6.538055043720819581e-02
2.000000000000000000e+00	6.675805999999999407e-03	-5.177328233486321344e-04	6.542389290408442970e-02
3.000000000000000000e+00	9.618679999999999244e-03	-3.899174893355857648e-04	6.545736331645492234e-02
4.000000000000000000e+00	1.173850000000000067e-02	-2.620464283329626770e-04	6.548095662384467719e-02
5.000000000000000000e+00	1.500717999999999844e-02	-1.341389352806983566e-04	6.549466926617181217e-02
6.000000000000000000e+00	1.593928000000000011e-02	-6.214310616095790449e-06	6.549849917428469948e-02
7.000000000000000000e+00	1.840458000000000024e-02	1.217081426384897453e-04	6.549244577027428516e-02
8.000000000000000000e+00	2.157043000000000155e-02	2.496091217883546578e-04	6.547650996756120001e-02
9.000000000000000000e+00	2.507443000000000172e-02	3.774693273791030076e-04	6.545069417075799478e-02
1.000000000000000000e+01	2.800742999999999983e-02	5.052694661088129270e-04	6.541500227530623601e-02
1.100000000000000000e+01	3.173568999999999696e-02	6.329902537392744334e-04	6.536943966688878171e-02
1.200000000000000000e+01	3.291526000000000174e-02	7.606124180058598805e-04	6.531401322061705650e-02
1.300000000000000000e+01	3.486013999999999780e-02	8.881167015255885889e-04	6.524873129999364529e-02
1.400000000000000000e+01	3.739547000000000010e-02	1.015483864702943330e-03	6.517360375565034447e-02
1.500000000000000000e+01	4.196013999999999994e-02	1.142694688633005091e-03	6.508864192386171199e-02
1.600000000000000000e+01	4.357260999999999773e-02	1.269729978001466093e-03	6.499385862483450516e-02
1.700000000000000000e+01	4.616246999999999712e-02	1.396570563981080560e-03	6.488926816077322801e-02
1.800000000000000000e+01	4.808283000000000001e-02	1.523197307124121930e-03	6.477488631372192718e-02
1.900000000000000000e+01	4.960636000000000212e-02	1.649591100250404280e-03	6.465073034318290224e-02
2.000000000000000000e+01	5.144463999999999981e-02	1.775732871330435456e-03	6.451681898351226130e-02
2.100000000000000000e+01	5.487352000000000202e-02	1.901603586363267810e-03	6.437317244109308501e-02
2.200000000000000000e+01	5.644285999999999748e-02	2.027184252248608303e-03	6.421981239128636554e-02
2.300000000000000000e+01	5.946908000000000055e-02	2.152455919652758193e-03	6.405676197516033121e-02
2.400000000000000000e+01	6.255768999999999913e-02	2.277399685867949070e-03	6.388404579599865629e-02
2.500000000000000000e+01	6.494603000000000181e-02	2.401996697664643497e-03	6.370168991558793070e-02
2.600000000000000000e+01	6.768051999999999402e-02	2.526228154136365717e-03	6.350972185028511130e-02
2.700000000000000000e+01	6.837429999999999897e-02	2.650075309536643279e-03	6.330817056686548205e-02
2.800000000000000000e+01	7.046529999999999461e-02	2.773519476107621541e-03	6.309706647815174763e-02
2.900000000000000000e+01	7.260170000000000512e-02	2.896542026899929546e-03	6.287644143842492650e-02
3.000000000000000000e+01	7.690159000000000578e-02	3.019124398583369201e-03	6.264632873861776530e-02
3.100000000000000000e+01	7.838191999999999382e-02	3.141248094248002762e-03	6.240676310129127796e-02
3.200000000000000000e+01	8.078108999999999984e-02	3.262894686195226199e-03	6.215778067539542984e-02
3.300000000000000000e+01	8.284265000000000378e-02	3.384045818718388245e-03	6.189941903081438990e-02
3.400000000000000000e+01	8.617199000000000386e-02	3.504683210872550948e-03	6.163171715269754464e-02
3.500000000000000000e+01	8.752840000000000620e-02	3.624788659232973647e-03	6.135471543557683566e-02
3.600000000000000000e+01	8.994475999999999860e-02	3.744344040641893207e-03	6.106845567727149648e-02
3.700000000000000000e+01	9.259686000000000305e-02	3.863331314943191982e-03	6.077298107258104903e-02
3.800000000000000000e+01	9.512705000000000466e-02	3.981732527704548441e-03	6.046833620676741322e-02
3.900000000000000000e+01	9.711820000000000175e-02	4.099529812926645464e-03	6.015456704882736483e-02
4.000000000000000000e+01	9.859769999999999646e-02	4.216705395739038173e-03	5.983172094455601470e-02
4.100000000000000000e+01	1.006385000000000057e-01	4.333241595082272350e-03	5.949984660940265541e-02
4.200000000000000000e+01	1.027403000000000066e-01	4.449120826375840138e-03	5.915899412111994687e-02
4.300000000000000000e+01	1.050513000000000002e-01	4.564325604171587912e-03	5.880921491220743313e-02
4.400000000000000000e+01	1.077907000000000032e-01	4.678838544792158702e-03	5.845056176215075727e-02
4.500000000000000000e+01	1.103910000000000030e-01	4.792642368954078830e-03	5.808308878945751819e-02
4.600000000000000000e+01	1.123656999999999989e-01	4.905719904375094136e-03	5.770685144349117085e-02
4.700000000000000000e+01	1.138876000000000055e-01	5.018054088365360259e-03	5.732190649610403171e-02
4.800000000000000000e+01	1.154108999999999968e-01	5.129627970402094068e-03	5.692831203307079785e-02
4.900000000000000000e+01	1.172363000000000016e-01	5.240424714687302865e-03	5.652612744532373168e-02
5.000000000000000000e+01	1.192137999999999948e-01	5.350427602688196706e-03	5.611541341999096155e-02
5.100000000000000000e+01	1.211085999999999968e-01	5.459620035659916958e-03	5.569623193123918875e-02
5.200000000000000000e+01	1.228655000000000025e-01	5.567985537150174288e-03	5.526864623092214018e-02
5.300000000000000000e+01	1.237994999999999929e-01	5.675507755485448280e-03	5.483272083903629329e-02
5.400000000000000000e+01	1.273332999999999826e-01	5.782170466238349682e-03	5.438852153398518463e-02
5.500000000000000000e+01	1.297471000000000041e-01	5.887957574675781874e-03	5.393611534265391194e-02
5.600000000000000000e+01	1.322559999999999847e-01	5.992853118187541593e-03	5.347557053029512036e-02
5.700000000000000000e+01	1.345155000000000101e-01	6.096841268694971200e-03	5.300695659022827688e-02
5.800000000000000000e+01	1.367452000000000112e-01	6.199906335039319025e-03	5.253034423335353753e-02
5.900000000000000000e+01	1.386621000000000103e-01	6.302032765349434816e-03	5.204580537748190738e-02
6.000000000000000000e+01	1.404820999999999986e-01	6.403205149388449882e-03	5.155341313648329621e-02
6.100000000000000000e+01	1.421032999999999880e-01	6.503408220879084572e-03	5.105324180925411431e-02
6.200000000000000000e+01	1.435376999999999903e-01	6.602626859807237021e-03	5.054536686850601840e-02
6.300000000000000000e+01	1.454151000000000193e-01	6.700846094703493197e-03	5.002986494937756295e-02
6.400000000000000000e+01	1.475837999999999872e-01	6.798051104902233001e-03	4.950681383787042256e-02
6.500000000000000000e+01	1.497724999999999751e-01	6.894227222777970718e-03	4.897629245911199608e-02
6.600000000000000000e+01	1.520775999999999795e-01	6.989359935958608903e-03	4.843838086544607902e-02
6.700000000000000000e+01	1.541045999999999805e-01	7.083434889515266564e-03	4.789316022435348430e-02
6.800000000000000000e+01	1.561765999999999988e-01	7.176437888128345093e-03	4.734071280620438110e-02
6.900000000000000000e+01	1.577948000000000128e-01	7.268354898229514513e-03	4.678112197184419035e-02
7.000000000000000000e+01	1.591330000000000244e-01	7.359172050119288690e-03	4.621447216001496605e-02
7.100000000000000000e+01	1.603614999999999902e-01	7.448875640059880732e-03	4.564084887461414969e-02
7.200000000000000000e+01	1.617438999999999960e-01	7.537452132343002917e-03	4.506033867179251584e-02
7.300000000000000000e+01	1.630859000000000059e-01	7.624888161332327510e-03	4.447302914689343217e-02
7.400000000000000000e+01	1.643595999999999946e-01	7.711170533480273676e-03	4.387900892123527269e-02
7.500000000000000000e+01	1.659406999999999965e-01	7.796286229318832514e-03	4.327836762873898263e-02
7.600000000000000000e+01	1.674115999999999937e-01	7.880222405424118851e-03	4.267119590240291138e-02
7.700000000000000000e+01	1.694935000000000191e-01	7.962966396354373075e-03	4.205758536062688402e-02
7.800000000000000000e+01	1.707544999999999757e-01	8.044505716561083444e-03	4.143762859338748217e-02
7.900000000000000000e+01	1.728145999999999849e-01	8.124828062272987719e-03	4.081141914826690031e-02
8.000000000000000000e+01	1.745840000000000169e-01	8.203921313352631473e-03	4.017905151633711924e-02
8.100000000000000000e+01	1.756034000000000206e-01	8.281773535125215926e-03	3.954062111790183909e-02
8.200000000000000000e+01	1.759307999999999983e-01	8.358372980179475109e-03	3.889622428809812876e-02
8.300000000000000000e+01	1.762486999999999804e-01	8.433708090140275282e-03	3.824595826236011631e-02
8.400000000000000000e+01	1.774493999999999794e-01	8.507767497412716332e-03	3.758992116174668385e-02
8.500000000000000000e+01	1.792783000000000015e-01	8.580540026897407260e-03	3.692821197813569989e-02
8.600000000000000000e+01	1.808646999999999894e-01	8.652014697676744040e-03	3.626093055928669706e-02
8.700000000000000000e+01	1.826151999999999775e-01	8.722180724671844618e-03	3.558817759377454898e-02
8.800000000000000000e+01	1.841277000000000053e-01	8.791027520269953724e-03	3.491005459579610976e-02
8.900000000000000000e+01	1.852826000000000195e-01	8.858544695922048601e-03	3.422666388985241837e-02
9.000000000000000000e+01	1.864056000000000046e-01	8.924722063710407993e-03	3.353810859530856336e-02
9.100000000000000000e+01	1.877879000000000076e-01	8.989549637885894603e-03	3.284449261083363658e-02
9.200000000000000000e+01	1.888889999999999736e-01	9.053017636374754984e-03	3.214592059872299623e-02
9.300000000000000000e+01	1.900108999999999826e-01	9.115116482254666253e-03	3.144249796910550399e-02
9.400000000000000000e+01	1.905467000000000133e-01	9.175836805199831872e-03	3.073433086403767542e-02
9.500000000000000000e+01	1.907309999999999839e-01	9.235169442894911387e-03	3.002152614148763388e-02
9.600000000000000000e+01	1.912830999999999837e-01	9.293105442417548198e-03	2.930419135921080720e-02
9.700000000000000000e+01	1.921880000000000255e-01	9.349636061589318425e-03	2.858243475852018101e-02
9.800000000000000000e+01	1.934220999999999857e-01	9.404752770294861480e-03	2.785636524795340532e-02
9.900000000000000000e+01	1.946845999999999854e-01	9.458447251769025801e-03	2.712609238683908949e-02
1.000000000000000000e+02	1.957370999999999972e-01	9.510711403851818124e-03	2.639172636876509562e-02
1.010000000000000000e+02	1.964575000000000071e-01	9.561537340210965463e-03	2.565337800495089485e-02
1.020000000000000000e+02	1.968034000000000172e-01	9.610917391531912865e-03	2.491115870752698414e-02
1.030000000000000000e+02	1.968462000000000267e-01	9.658844106675076521e-03	2.416518047272337572e-02
1.040000000000000000e+02	1.969620000000000259e-01	9.705310253800175299e-03	2.341555586397016386e-02
1.050000000000000000e+02	1.968557000000000223e-01	9.750308821457463748e-03	2.266239799491231999e-02
1.060000000000000000e+02	1.969287000000000121e-01	9.793833019645720867e-03	2.190582051234166508e-02
1.070000000000000000e+02	1.972753999999999897e-01	9.835876280836826357e-03	2.114593757904815671e-02
1.080000000000000000e+02	1.980643999999999738e-01	9.876432260966737028e-03	2.038286385659356104e-02
1.090000000000000000e+02	1.994058000000000219e-01	9.915494840392790471e-03	1.961671448800962961e-02
1.100000000000000000e+02	2.008576000000000250e-01	9.953058124817105307e-03	1.884760508042385846e-02
1.110000000000000000e+02	2.018031000000000130e-01	9.989116446176003403e-03	1.807565168761497698e-02
1.120000000000000000e+02	2.021707999999999839e-01	1.002366436349527365e-02	1.730097079250127526e-02
1.130000000000000000e+02	2.023496000000000183e-01	1.005669666371119403e-02	1.652367928956395907e-02
1.140000000000000000e+02	2.028906999999999794e-01	1.008820836245713851e-02	1.574389446720861341e-02
1.150000000000000000e+02	2.037049000000000221e-01	1.011819470481569762e-02	1.496173399006699677e-02
1.160000000000000000e+02	2.041927000000000048e-01	1.014665116603615143e-02	1.417731588124231980e-02
1.170000000000000000e+02	2.042400999999999800e-01	1.017357345221724281e-02	1.339075850450017167e-02
1.180000000000000000e+02	2.042873000000000050e-01	1.019895750095508972e-02	1.260218054640829463e-02
1.190000000000000000e+02	2.048270999999999842e-01	1.022279948195617405e-02	1.181170099842740462e-02
1.200000000000000000e+02	2.056830000000000047e-01	1.024509579761531675e-02	1.101943913895624301e-02
1.210000000000000000e+02	2.068119999999999958e-01	1.026584308355853181e-02	1.022551451533311104e-02
1.220000000000000000e+02	2.075488999999999806e-01	1.028503820915068444e-02	9.430046925797025067e-03
1.230000000000000000e+02	2.079297999999999980e-01	1.030267827796789090e-02	8.633156401410812045e-03
1.240000000000000000e+02	2.076636000000000037e-01	1.031876062823456307e-02	7.834963187949290156e-03
1.250000000000000000e+02	2.070890000000000231e-01	1.033328283322506279e-02	7.035587727754816743e-03
1.260000000000000000e+02	2.065836999999999812e-01	1.034624270162987081e-02	6.235150641563410971e-03
1.270000000000000000e+02	2.061671999999999949e-01	1.035763827788624761e-02	5.433772710303733273e-03
1.280000000000000000e+02	2.060191000000000106e-01	1.036746784247331160e-02	4.631574856872111741e-03
1.290000000000000000e+02	2.059108000000000049e-01	1.037572991217151040e-02	3.828678127885935204e-03
1.300000000000000000e+02	2.058213999999999877e-01	1.038242324028641750e-02	3.025203675418525542e-03
1.310000000000000000e+02	2.061633999999999967e-01	1.038754681683686301e-02	2.221272738718090868e-03
1.320000000000000000e+02	2.062599999999999989e-01	1.039109986870732742e-02	1.417006625913388128e-03
1.330000000000000000e+02	2.067003000000000035e-01	1.039308185976459999e-02	6.125266957091984312e-04
1.340000000000000000e+02	2.067873000000000072e-01	1.039349249093868104e-02	-1.920456609260520688e-04
1.350000000000000000e+02	2.064772999999999747e-01	1.039233170026790387e-02	-9.965890390773105966e-04
1.360000000000000000e+02	2.061093999999999982e-01	1.038959966290829012e-02	-1.800982038202254528e-03
1.370000000000000000e+02	2.056545000000000178e-01	1.038529679110711604e-02	-2.605103280449752503e-03
1.380000000000000000e+02	2.050352999999999759e-01	1.037942373414071223e-02	-3.408831428975138585e-03
1.390000000000000000e+02	2.046804999999999874e-01	1.037198137821648304e-02	-4.212045206249060564e-03
1.400000000000000000e+02	2.042881999999999754e-01	1.036297084633919403e-02	-5.014623412357618708e-03
1.410000000000000000e+02	2.043779000000000012e-01	1.035239349814150688e-02	-5.816444943290545976e-03
1.420000000000000000e+02	2.047745000000000259e-01	1.034025092967882746e-02	-6.617388809215170656e-03
1.430000000000000000e+02	2.049639999999999795e-01	1.032654497318847252e-02	-7.417334152732898631e-03
1.440000000000000000e+02	2.051656000000000035e-01	1.031127769681318244e-02	-8.216160267115949281e-03
1.450000000000000000e+02	2.046695000000000042e-01	1.029445140428906884e-02	-9.013746614521136666e-03
1.460000000000000000e+02	2.033510000000000040e-01	1.027606863459798806e-02	-9.809972844178378379e-03
1.470000000000000000e+02	2.020819999999999839e-01	1.025613216158442059e-02	-1.060471881055075755e-02
1.480000000000000000e+02	2.008068000000000075e-01	1.023464499353692221e-02	-1.139786459146385593e-02
1.490000000000000000e+02	1.996531999999999751e-01	1.021161037273419017e-02	-1.218929050620111941e-02
1.500000000000000000e+02	1.986928000000000027e-01	1.018703177495581570e-02	-1.297887713356306663e-02
1.510000000000000000e+02	1.977575999999999778e-01	1.016091290895782852e-02	-1.376650532988706391e-02
1.520000000000000000e+02	1.969739999999999824e-01	1.013325771591304901e-02	-1.455205624702548411e-02
1.530000000000000000e+02	1.961533999999999778e-01	1.010407036881640595e-02	-1.533541135027901084e-02
1.540000000000000000e+02	1.951405999999999974e-01	1.007335527185524576e-02	-1.611645243628292631e-02
1.550000000000000000e+02	1.942043999999999992e-01	1.004111705974477728e-02	-1.689506165084311146e-02
1.560000000000000000e+02	1.935465000000000102e-01	1.000736059702871453e-02	-1.767112150671963297e-02
1.570000000000000000e+02	1.923918000000000017e-01	9.972090977345257970e-03	-1.844451490135470828e-02
1.580000000000000000e+02	1.911623000000000072e-01	9.935313522658480168e-03	-1.921512513454288335e-02
1.590000000000000000e+02	1.894333000000000267e-01	9.897033782455294526e-03	-1.998283592604020373e-02
1.600000000000000000e+02	1.879105999999999832e-01	9.857257532908057437e-03	-2.074753143311032846e-02
1.610000000000000000e+02	1.864792000000000116e-01	9.815990776002991164e-03	-2.150909626800433586e-02
1.620000000000000000e+02	1.855247999999999897e-01	9.773239738634507262e-03	-2.226741551537210831e-02
1.630000000000000000e+02	1.852346999999999744e-01	9.729010871665623103e-03	-2.302237474960231248e-02
1.640000000000000000e+02	1.850275000000000114e-01	9.683310848954559957e-03	-2.377386005208845243e-02
1.650000000000000000e+02	1.847197999999999896e-01	9.636146566347701323e-03	-2.452175802841850133e-02
1.660000000000000000e+02	1.839698000000000166e-01	9.587525140639043333e-03	-2.526595582548550253e-02
1.670000000000000000e+02	1.825704000000000216e-01	9.537453908496333274e-03	-2.600634114851623283e-02
1.680000000000000000e+02	1.809870000000000090e-01	9.485940425353998548e-03	-2.674280227801587029e-02
1.690000000000000000e+02	1.794685999999999781e-01	9.432992464273086408e-03	-2.747522808662572480e-02
1.700000000000000000e+02	1.785017999999999883e-01	9.378618014768349762e-03	-2.820350805589176557e-02
1.710000000000000000e+02	1.774124999999999730e-01	9.322825281602688946e-03	-2.892753229294100017e-02
1.720000000000000000e+02	1.758077000000000112e-01	9.265622683549102137e-03	-2.964719154706371360e-02
1.730000000000000000e+02	1.743160000000000265e-01	9.207018852120338673e-03	-3.036237722619869114e-02
1.740000000000000000e+02	1.729826999999999892e-01	9.147022630266463464e-03	-3.107298141331913538e-02
1.750000000000000000e+02	1.719816000000000122e-01	9.085643071040514634e-03	-3.177889688271656049e-02
1.760000000000000000e+02	1.711693000000000242e-01	9.022889436232446950e-03	-3.248001711618055815e-02
1.770000000000000000e+02	1.701941000000000148e-01	8.958771194971595214e-03	-3.317623631907167664e-02
1.780000000000000000e+02	1.687235000000000262e-01	8.893298022297831118e-03	-3.386744943628525878e-02
1.790000000000000000e+02	1.668296000000000223e-01	8.826479797701666796e-03	-3.455355216810345603e-02
1.800000000000000000e+02	1.645339000000000107e-01	8.758326603633501128e-03	-3.523444098593352808e-02
1.810000000000000000e+02	1.623232000000000008e-01	8.688848723982249903e-03	-3.591001314792956201e-02
1.820000000000000000e+02	1.604527000000000037e-01	8.618056642523547195e-03	-3.658016671449569601e-02
1.830000000000000000e+02	1.587754000000000110e-01	8.545961041337837155e-03	-3.724480056366799574e-02
1.840000000000000000e+02	1.571017000000000108e-01	8.472572799198498442e-03	-3.790381440637324850e-02
1.850000000000000000e+02	1.557903999999999956e-01	8.397902989930315296e-03	-3.855710880156189985e-02
1.860000000000000000e+02	1.548612999999999795e-01	8.321962880738493010e-03	-3.920458517121316183e-02
1.870000000000000000e+02	1.535271000000000274e-01	8.244763930508523103e-03	-3.984614581520969090e-02
1.880000000000000000e+02	1.520734999999999726e-01	8.166317788077104636e-03	-4.048169392608000350e-02
1.890000000000000000e+02	1.501661000000000246e-01	8.086636290474404423e-03	-4.111113360360608981e-02
1.900000000000000000e+02	1.482691999999999899e-01	8.005731461137916352e-03	-4.173436986929422027e-02
1.910000000000000000e+02	1.465389000000000275e-01	7.923615508098221655e-03	-4.235130868070648841e-02
1.920000000000000000e+02	1.445454999999999934e-01	7.840300822136858291e-03	-4.296185694565127916e-02
1.930000000000000000e+02	1.424602999999999842e-01	7.755799974916624713e-03	-4.356592253623036565e-02
1.940000000000000000e+02	1.407568000000000152e-01	7.670125717084612035e-03	-4.416341430274029617e-02
1.950000000000000000e+02	1.395517000000000007e-01	7.583290976348198813e-03	-4.475424208742639909e-02
1.960000000000000000e+02	1.384556000000000120e-01	7.495308855524350153e-03	-4.533831673808699780e-02
1.970000000000000000e+02	1.371163000000000243e-01	7.406192630562464900e-03	-4.591555012152598314e-02
1.980000000000000000e+02	1.355809000000000042e-01	7.315955748541149058e-03	-4.648585513685140475e-02
1.990000000000000000e+02	1.337204000000000170e-01	7.224611825639110606e-03	-4.704914572861861738e-02
2.000000000000000000e+02	1.314988000000000268e-01	7.132174645080582506e-03	-4.760533689981535921e-02
2.010000000000000000e+02	1.295390000000000152e-01	7.038658155055495941e-03	-4.815434472468743676e-02
2.020000000000000000e+02	1.273775999999999797e-01	6.944076466614813176e-03	-4.869608636140242142e-02
2.030000000000000000e+02	1.249711999999999906e-01	6.848443851541243833e-03	-4.923048006455005982e-02
2.040000000000000000e+02	1.224116999999999983e-01	6.751774740195729679e-03	-4.975744519747711536e-02
2.050000000000000000e+02	1.199665000000000037e-01	6.654083719339977214e-03	-5.027690224445497541e-02
2.060000000000000000e+02	1.179155999999999954e-01	6.555385529935430985e-03	-5.078877282267799109e-02
2.070000000000000000e+02	1.160840000000000066e-01	6.455695064918939158e-03	-5.129297969409100932e-02
2.080000000000000000e+02	1.137032999999999933e-01	6.355027366955513790e-03	-5.178944677704408472e-02
2.090000000000000000e+02	1.117926000000000059e-01	6.253397626168464250e-03	-5.227809915777280325e-02
2.100000000000000000e+02	1.093613999999999975e-01	6.150821177847333975e-03	-5.275886310170214977e-02
2.110000000000000000e+02	1.069861000000000006e-01	6.047313500133885168e-03	-5.323166606457272604e-02
2.120000000000000000e+02	1.045814000000000049e-01	5.942890211686543446e-03	-5.369643670338711955e-02
2.130000000000000000e+02	1.024121000000000059e-01	5.837567069323638079e-03	-5.415310488717525045e-02
2.140000000000000000e+02	9.975789999999999658e-02	5.731359965645809948e-03	-5.460160170757652476e-02
2.150000000000000000e+02	9.708740000000000425e-02	5.624284926637908126e-03	-5.504185948923780852e-02
2.160000000000000000e+02	9.453232000000000301e-02	5.516358109250774945e-03	-5.547381180002512735e-02
2.170000000000000000e+02	9.300869000000000497e-02	5.407595798963245673e-03	-5.589739346104794643e-02
2.180000000000000000e+02	9.188147000000000675e-02	5.298014407324804290e-03	-5.631254055649415752e-02
2.190000000000000000e+02	8.996759000000000006e-02	5.187630469479156438e-03	-5.671919044327463494e-02
2.200000000000000000e+02	8.829489000000000087e-02	5.076460641669194862e-03	-5.711728176047566052e-02
2.210000000000000000e+02	8.632911999999999531e-02	4.964521698723660045e-03	-5.750675443861793384e-02
2.220000000000000000e+02	8.413574999999999526e-02	4.851830531525949675e-03	-5.788754970872062033e-02
2.230000000000000000e+02	8.170151999999999970e-02	4.738404144465367500e-03	-5.825961011116929239e-02
2.240000000000000000e+02	7.932173000000000695e-02	4.624259652871285167e-03	-5.862287950438613282e-02
2.250000000000000000e+02	7.644774000000000014e-02	4.509414280430524939e-03	-5.897730307330147081e-02
2.260000000000000000e+02	7.409615999999999425e-02	4.393885356588436014e-03	-5.932282733762490184e-02
2.270000000000000000e+02	7.171663999999999817e-02	4.277690313933982767e-03	-5.965940015991521433e-02
2.280000000000000000e+02	6.949334999999999540e-02	4.160846685569262980e-03	-5.998697075344756879e-02
2.290000000000000000e+02	6.697793000000000496e-02	4.043372102463893211e-03	-6.030548968987690939e-02
2.300000000000000000e+02	6.431655000000000011e-02	3.925284290794597841e-03	-6.061490890669636589e-02
2.310000000000000000e+02	6.153559999999999586e-02	3.806601069270440681e-03	-6.091518171448961211e-02
2.320000000000000000e+02	5.885471999999999926e-02	3.687340346444081211e-03	-6.120626280397599428e-02
2.330000000000000000e+02	5.645090999999999998e-02	3.567520118009509522e-03	-6.148810825284742321e-02
2.340000000000000000e+02	5.373250999999999722e-02	3.447158464086596055e-03	-6.176067553239595470e-02
2.350000000000000000e+02	5.071884000000000114e-02	3.326273546492918443e-03	-6.202392351393111458e-02
2.360000000000000000e+02	4.721154999999999796e-02	3.204883606003244064e-03	-6.227781247498599682e-02
2.370000000000000000e+02	4.380727000000000232e-02	3.083006959597135808e-03	-6.252230410531106619e-02
2.380000000000000000e+02	4.163267999999999830e-02	2.960661997695017596e-03	-6.275736151265498552e-02
2.390000000000000000e+02	3.989460999999999702e-02	2.837867181383185375e-03	-6.298294922833137799e-02
2.400000000000000000e+02	3.783766000000000213e-02	2.714641039628126144e-03	-6.319903321257092088e-02
2.410000000000000000e+02	3.582263000000000114e-02	2.591002166480640273e-03	-6.340558085965762591e-02
2.420000000000000000e+02	3.329968999999999985e-02	2.466969218270098456e-03	-6.360256100284887582e-02
2.430000000000000000e+02	3.089530000000000054e-02	2.342560910789328113e-03	-6.378994391907832906e-02
2.440000000000000000e+02	2.855070999999999998e-02	2.217796016470498753e-03	-6.396770133344090170e-02
2.450000000000000000e+02	2.608022999999999939e-02	2.092693361552508489e-03	-6.413580642345925731e-02
2.460000000000000000e+02	2.359566999999999914e-02	1.967271823240202607e-03	-6.429423382313122215e-02
2.470000000000000000e+02	2.141300000000000148e-02	1.841550326855933336e-03	-6.444295962675725131e-02
2.480000000000000000e+02	1.912925000000000042e-02	1.715547842983826616e-03	-6.458196139254775148e-02
2.490000000000000000e+02	1.716356999999999952e-02	1.589283384607271090e-03	-6.471121814600935829e-02
2.500000000000000000e+02	1.482336000000000070e-02	1.462776004239956526e-03	-6.483071038310984913e-02
2.510000000000000000e+02	1.228645000000000084e-02	1.336044791050981003e-03	-6.494042007322115007e-02
2.520000000000000000e+02	9.038859999999999256e-03	1.209108867984394833e-03	-6.504033066184017331e-02
2.530000000000000000e+02	6.287371999999999406e-03	1.081987388873697099e-03	-6.513042707308659696e-02
2.540000000000000000e+02	4.618037000000000183e-03	9.546995355516241406e-04	-6.521069571197790626e-02
2.550000000000000000e+02	2.668344000000000445e-03	8.272645149557401314e-04	-6.528112446648064171e-02
2.560000000000000000e+02	-7.442699999999973989e-05	6.997015562302125527e-04	-6.534170270933813141e-02
2.570000000000000000e+02	-3.328867899999999984e-03	5.720299078242830270e-04	-6.539242129967401396e-02
2.580000000000000000e+02	-6.603605000000000239e-03	4.442688345877834812e-04	-6.543327258437157956e-02
2.590000000000000000e+02	-9.796644000000000185e-03	3.164376148641769135e-04	-6.546425039922856848e-02
2.600000000000000000e+02	-1.227638900000000040e-02	1.885555375816045027e-04	-6.548535006988728813e-02
2.610000000000000000e+02	-1.418725000000000021e-02	6.064189934228922949e-05	-6.549656841253996553e-02
2.620000000000000000e+02	-1.667396000000000156e-02	-6.728399848919133861e-05	-6.549790373440914082e-02
2.630000000000000000e+02	-1.953206000000000039e-02	-1.952028526983779768e-04	-6.548935583400315730e-02
2.640000000000000000e+02	-2.250001000000000084e-02	-3.230953611336359848e-04	-6.547092600114648442e-02
2.650000000000000000e+02	-2.528924000000000102e-02	-4.509422256187470670e-04	-6.544261701678512344e-02
2.660000000000000000e+02	-2.809091000000000019e-02	-5.787241548648738246e-04	-6.540443315256704027e-02
2.670000000000000000e+02	-3.053258000000000014e-02	-7.064218673815120383e-04	-6.535638017019747281e-02
2.680000000000000000e+02	-3.260673999999999517e-02	-8.340160943859194686e-04	-6.529846532056966801e-02
2.690000000000000000e+02	-3.404267999999999877e-02	-9.614875827106724848e-04	-6.523069734267063213e-02
2.700000000000000000e+02	-3.622616000000000031e-02	-1.088817097708837936e-03	-6.515308646226260214e-02
2.710000000000000000e+02	-3.848847999999999853e-02	-1.215985426156380523e-03	-6.506564439033994673e-02
2.720000000000000000e+02	-4.085906999999999734e-02	-1.342973379151288834e-03	-6.496838432136206598e-02
2.730000000000000000e+02	-4.359054999999999874e-02	-1.469761795009079169e-03	-6.486132093126248388e-02
2.740000000000000000e+02	-4.587714999999999849e-02	-1.596331542154163022e-03	-6.474447037523430037e-02
2.750000000000000000e+02	-4.823825000000000335e-02	-1.722663522006702115e-03	-6.461785028529246078e-02
2.760000000000000000e+02	-4.998920999999999920e-02	-1.848738671864434907e-03	-6.448147976761321731e-02
2.770000000000000000e+02	-5.191218999999999695e-02	-1.974537967779137378e-03	-6.433537939965114361e-02
2.780000000000000000e+02	-5.454934999999999645e-02	-2.100042427427208092e-03	-6.417957122703410455e-02
2.790000000000000000e+02	-5.713693000000000244e-02	-2.225233112974000886e-03	-6.401407876023666732e-02
2.800000000000000000e+02	-5.985477000000000158e-02	-2.350091133931395387e-03	-6.383892697103263347e-02
2.810000000000000000e+02	-6.219845999999999708e-02	-2.474597650008274891e-03	-6.365414228872683100e-02
2.820000000000000000e+02	-6.400253000000000192e-02	-2.598733873953395536e-03	-6.345975259616719322e-02
2.830000000000000000e+02	-6.571014999999999495e-02	-2.722481074390283116e-03	-6.325578722553731881e-02
2.840000000000000000e+02	-6.802882000000000373e-02	-2.845820578643656201e-03	-6.304227695393051223e-02
2.850000000000000000e+02	-7.093257999999999508e-02	-2.968733775557029064e-03	-6.281925399870570692e-02
2.860000000000000000e+02	-7.446817999999999493e-02	-3.091202118301011707e-03	-6.258675201262600685e-02
2.870000000000000000e+02	-7.782617999999999481e-02	-3.213207127171928412e-03	-6.234480607878072761e-02
2.880000000000000000e+02	-8.072408000000000361e-02	-3.334730392380259954e-03	-6.209345270529161714e-02
2.890000000000000000e+02	-8.292067999999999661e-02	-3.455753576828582072e-03	-6.183272981980397071e-02
2.900000000000000000e+02	-8.470429000000000153e-02	-3.576258418878527044e-03	-6.156267676376356301e-02
2.910000000000000000e+02	-8.675639999999999741e-02	-3.696226735106327745e-03	-6.128333428648033432e-02
2.920000000000000000e+02	-8.926604000000000483e-02	-3.815640423046597236e-03	-6.099474453897952425e-02
2.930000000000000000e+02	-9.220836999999999783e-02	-3.934481463923869028e-03	-6.069695106764139841e-02
2.940000000000000000e+02	-9.486324000000000145e-02	-4.052731925371534996e-03	-6.038999880763027545e-02
2.950000000000000000e+02	-9.736854000000000342e-02	-4.170373964137700888e-03	-6.007393407611421460e-02
2.960000000000000000e+02	-9.944232999999999545e-02	-4.287389828777635886e-03	-5.974880456527596750e-02
2.970000000000000000e+02	-1.016000600000000059e-01	-4.403761862332351319e-03	-5.941465933511656111e-02
2.980000000000000000e+02	-1.034758000000000067e-01	-4.519472504992933827e-03	-5.907154880605240688e-02
2.990000000000000000e+02	-1.056250999999999995e-01	-4.634504296750191488e-03	-5.871952475130724769e-02
3.000000000000000000e+02	-1.084231999999999974e-01	-4.748839880029272903e-03	-5.835864028909985152e-02
3.010000000000000000e+02	-1.106666000000000039e-01	-4.862462002308810816e-03	-5.798894987462881873e-02
3.020000000000000000e+02	-1.121143000000000001e-01	-4.975353518724232038e-03	-5.761050929185561331e-02
3.030000000000000000e+02	-1.134581000000000062e-01	-5.087497394654785267e-03	-5.722337564508717112e-02
3.040000000000000000e+02	-1.148818999999999951e-01	-5.198876708293980603e-03	-5.682760735035916749e-02
3.050000000000000000e+02	-1.166931999999999969e-01	-5.309474653202969803e-03	-5.642326412662142937e-02
3.060000000000000000e+02	-1.191612999999999978e-01	-5.419274540846549804e-03	-5.601040698672667822e-02
3.070000000000000000e+02	-1.218902000000000041e-01	-5.528259803111332422e-03	-5.558909822822414443e-02
3.080000000000000000e+02	-1.243686999999999987e-01	-5.636413994805789668e-03	-5.515940142395919094e-02
3.090000000000000000e+02	-1.271550999999999931e-01	-5.743720796141719293e-03	-5.472138141248066717e-02
3.100000000000000000e+02	-1.289819999999999856e-01	-5.850164015196808801e-03	-5.427510428825699229e-02
3.110000000000000000e+02	-1.308582999999999830e-01	-5.955727590357878971e-03	-5.382063739170314665e-02
3.120000000000000000e+02	-1.326491000000000198e-01	-6.060395592744492917e-03	-5.335804929901925842e-02
3.130000000000000000e+02	-1.346971000000000140e-01	-6.164152228612516070e-03	-5.288740981184297807e-02
3.140000000000000000e+02	-1.371716000000000046e-01	-6.266981841737308788e-03	-5.240878994671675090e-02
3.150000000000000000e+02	-1.391094999999999970e-01	-6.368868915776127425e-03	-5.192226192437199295e-02
3.160000000000000000e+02	-1.412413000000000141e-01	-6.469798076609464127e-03	-5.142789915883133611e-02
3.170000000000000000e+02	-1.431669999999999887e-01	-6.569754094660889068e-03	-5.092577624633099626e-02
3.180000000000000000e+02	-1.449932999999999916e-01	-6.668721887195119304e-03	-5.041596895406455503e-02
3.190000000000000000e+02	-1.472008000000000205e-01	-6.766686520593883161e-03	-4.989855420875026482e-02
3.200000000000000000e+02	-1.493473000000000162e-01	-6.863633212609324304e-03	-4.937361008502328535e-02
3.210000000000000000e+02	-1.515133000000000174e-01	-6.959547334594547337e-03	-4.884121579365467009e-02
3.220000000000000000e+02	-1.533031000000000255e-01	-7.054414413710997055e-03	-4.830145166959894792e-02
3.230000000000000000e+02	-1.547625999999999724e-01	-7.148220135112298354e-03	-4.775439915987213235e-02
3.240000000000000000e+02	-1.550091000000000108e-01	-7.240950344104292273e-03	-4.720014081126188560e-02
3.250000000000000000e+02	-1.557978999999999892e-01	-7.332591048280895189e-03	-4.663876025787161428e-02
3.260000000000000000e+02	-1.566082999999999781e-01	-7.423128419635448109e-03	-4.607034220850077244e-02
3.270000000000000000e+02	-1.582956999999999836e-01	-7.512548796647284567e-03	-4.549497243386271816e-02
3.280000000000000000e+02	-1.599034999999999762e-01	-7.600838686343173653e-03	-4.491273775364249682e-02
3.290000000000000000e+02	-1.618500999999999967e-01	-7.687984766333316386e-03	-4.432372602339628570e-02
3.300000000000000000e+02	-1.634172999999999876e-01	-7.773973886821607462e-03	-4.372802612129458172e-02
3.310000000000000000e+02	-1.645640999999999909e-01	-7.858793072589884826e-03	-4.312572793471088073e-02
3.320000000000000000e+02	-1.656489999999999907e-01	-7.942429524955765471e-03	-4.251692234665849224e-02
3.330000000000000000e+02	-1.668845999999999941e-01	-8.024870623703918293e-03	-4.190170122207668990e-02
3.340000000000000000e+02	-1.681566999999999923e-01	-8.106103928990358518e-03	-4.128015739396891093e-02
3.350000000000000000e+02	-1.697707999999999995e-01	-8.186117183219555546e-03	-4.065238464939484320e-02
3.360000000000000000e+02	-1.706167000000000100e-01	-8.264898312894014207e-03	-4.001847771531854420e-02
3.370000000000000000e+02	-1.719277000000000166e-01	-8.342435430436100433e-03	-3.937853224431474286e-02
3.380000000000000000e+02	-1.733679000000000192e-01	-8.418716835981786967e-03	-3.873264480013549615e-02
3.390000000000000000e+02	-1.748276999999999748e-01	-8.493731019146121344e-03	-3.808091284313916414e-02
3.400000000000000000e+02	-1.763290000000000135e-01	-8.567466660760027566e-03	-3.742343471558452067e-02
3.410000000000000000e+02	-1.783412999999999804e-01	-8.639912634578325243e-03	-3.676030962679131819e-02
3.420000000000000000e+02	-1.806281000000000136e-01	-8.711058008958608850e-03	-3.609163763817031800e-02
3.430000000000000000e+02	-1.825767999999999835e-01	-8.780892048510751183e-03	-3.541751964812461101e-02
3.440000000000000000e+02	-1.838609999999999967e-01	-8.849404215716821093e-03	-3.473805737682469919e-02
3.450000000000000000e+02	-1.844296999999999742e-01	-8.916584172521115417e-03	-3.405335335085955123e-02
3.460000000000000000e+02	-1.844199000000000255e-01	-8.982421781890114268e-03	-3.336351088776605411e-02
3.470000000000000000e+02	-1.848191000000000139e-01	-9.046907109342102946e-03	-3.266863408043881728e-02
3.480000000000000000e+02	-1.857958000000000109e-01	-9.110030424446203742e-03	-3.196882778142353526e-02
3.490000000000000000e+02	-1.873721999999999888e-01	-9.171782202290647626e-03	-3.126419758709517854e-02
3.500000000000000000e+02	-1.889915999999999818e-01	-9.232153124920030804e-03	-3.055484982172423578e-02
3.510000000000000000e+02	-1.903178999999999843e-01	-9.291134082741323713e-03	-2.984089152143300575e-02
3.520000000000000000e+02	-1.911484999999999990e-01	-9.348716175898452024e-03	-2.912243041804457935e-02
3.530000000000000000e+02	-1.918722999999999956e-01	-9.404890715615236291e-03	-2.839957492282677368e-02
3.540000000000000000e+02	-1.924409999999999732e-01	-9.459649225506476869e-03	-2.767243411013340856e-02
3.550000000000000000e+02	-1.933047999999999988e-01	-9.512983442856972477e-03	-2.694111770094592684e-02
3.560000000000000000e+02	-1.941838000000000175e-01	-9.564885319868317998e-03	-2.620573604631700262e-02
3.570000000000000000e+02	-1.950533999999999879e-01	-9.615347024873276832e-03	-2.546640011071932969e-02
3.580000000000000000e+02	-1.955683999999999756e-01	-9.664360943517516164e-03	-2.472322145530174778e-02
3.590000000000000000e+02	-1.961102000000000123e-01	-9.711919679908575034e-03	-2.397631222105538196e-02
3.600000000000000000e+02	-1.965749999999999997e-01	-9.758016057731851850e-03	-2.322578511189228243e-02
3.610000000000000000e+02	-1.974327000000000165e-01	-9.802643121333465617e-03	-2.247175337763914274e-02
3.620000000000000000e+02	-1.987965999999999900e-01	-9.845794136769833033e-03	-2.171433079694841048e-02
3.630000000000000000e+02	-2.006142000000000203e-01	-9.887462592823755003e-03	-2.095363166013012451e-02
3.640000000000000000e+02	-2.022916000000000158e-01	-9.927642201986936268e-03	-2.018977075190601239e-02
3.650000000000000000e+02	-2.032827999999999857e-01	-9.966326901408729955e-03	-1.942286333408924093e-02
3.660000000000000000e+02	-2.036705999999999794e-01	-1.000351085381097176e-02	-1.865302512819214803e-02
3.670000000000000000e+02	-2.033769000000000271e-01	-1.003918844836879792e-02	-1.788037229796457517e-02
3.680000000000000000e+02	-2.032150999999999819e-01	-1.007335430155728920e-02	-1.710502143186549626e-02
3.690000000000000000e+02	-2.036989000000000161e-01	-1.010600325796379324e-02	-1.632708952547062137e-02
3.700000000000000000e+02	-2.046449000000000185e-01	-1.013713039106586486e-02	-1.554669396381824428e-02
3.710000000000000000e+02	-2.056569999999999787e-01	-1.016673100397462795e-02	-1.476395250369693865e-02
3.720000000000000000e+02	-2.063180000000000014e-01	-1.019480063014351935e-02	-1.397898325587657031e-02
3.730000000000000000e+02	-2.069026999999999950e-01	-1.022133503404225839e-02	-1.319190466728616638e-02
3.740000000000000000e+02	-2.069157999999999831e-01	-1.024633021179596065e-02	-1.240283550314103499e-02
3.750000000000000000e+02	-2.072210999999999914e-01	-1.026978239178930226e-02	-1.161189482902182796e-02
3.760000000000000000e+02	-2.074609000000000036e-01	-1.029168803523562541e-02	-1.081920199290830296e-02
3.770000000000000000e+02	-2.077404999999999946e-01	-1.031204383671092441e-02	-1.002487660717050338e-02
3.780000000000000000e+02	-2.079297999999999980e-01	-1.033084672465261686e-02	-9.229038530519798403e-03
3.790000000000000000e+02	-2.073702000000000045e-01	-1.034809386182301318e-02	-8.431807849923277087e-03
3.800000000000000000e+02	-2.067786999999999820e-01	-1.036378264573744636e-02	-7.633304862483160022e-03
3.810000000000000000e+02	-2.060994999999999910e-01	-1.037791070905696479e-02	-6.833650057284785563e-03
3.820000000000000000e+02	-2.060180999999999818e-01	-1.039047591994555347e-02	-6.032964097215549881e-03
3.830000000000000000e+02	-2.062169999999999837e-01	-1.040147638239181244e-02	-5.231367800757644876e-03
3.840000000000000000e+02	-2.069436000000000053e-01	-1.041091043649505256e-02	-4.428982123757366912e-03
3.850000000000000000e+02	-2.073073999999999750e-01	-1.041877665871576882e-02	-3.625928141173399410e-03
3.860000000000000000e+02	-2.074545999999999890e-01	-1.042507386209043548e-02	-2.822327028807716538e-03
3.870000000000000000e+02	-2.068696999999999897e-01	-1.042980109641061456e-02	-2.018300045020682276e-03
3.880000000000000000e+02	-2.060355999999999854e-01	-1.043295764836634117e-02	-1.213968512433982131e-03
3.890000000000000000e+02	-2.053209999999999757e-01	-1.043454304165375261e-02	-4.094537996238035841e-04
3.900000000000000000e+02	-2.046677000000000080e-01	-1.043455703704695807e-02	3.951226971929213175e-04
3.910000000000000000e+02	-2.041010999999999798e-01	-1.043299963243413987e-02	1.199639572476441859e-03
3.920000000000000000e+02	-2.037900000000000267e-01	-1.042987106281787445e-02	2.003975429683464010e-03
3.930000000000000000e+02	-2.035987000000000213e-01	-1.042517180027966589e-02	2.808008899585358754e-03
3.940000000000000000e+02	-2.035683999999999827e-01	-1.041890255390871128e-02	3.611618658581667966e-03
3.950000000000000000e+02	-2.031696000000000057e-01	-1.041106426969491336e-02	4.414683447007305278e-03
3.960000000000000000e+02	-2.028346999999999789e-01	-1.040165813038612663e-02	5.217082087429822553e-03
3.970000000000000000e+02	-2.027487000000000039e-01	-1.039068555530969079e-02	6.018693502934318630e-03
3.980000000000000000e+02	-2.026840999999999782e-01	-1.037814820015826693e-02	6.819396735393188323e-03
3.990000000000000000e+02	-2.024537000000000142e-01	-1.036404795673999749e-02	7.619070963717944345e-03
4.000000000000000000e+02	-2.012307999999999875e-01	-1.034838695269305053e-02	8.417595522090303220e-03
4.010000000000000000e+02	-1.997635999999999856e-01	-1.033116755116456759e-02	9.214849918170125651e-03
4.020000000000000000e+02	-1.983492000000000033e-01	-1.031239235045408251e-02	1.001071385127661785e-02
4.030000000000000000e+02	-1.976392000000000149e-01	-1.029206418362145666e-02	1.080506723054116408e-02
4.040000000000000000e+02	-1.971268999999999938e-01	-1.027018611805937710e-02	1.159779019302824288e-02
4.050000000000000000e+02	-1.971148999999999818e-01	-1.024676145503052201e-02	1.238876312182197841e-02
4.060000000000000000e+02	-1.971920999999999813e-01	-1.022179372916940873e-02	1.317786666407559128e-02
4.070000000000000000e+02	-1.963826000000000183e-01	-1.019528670794904793e-02	1.396498174902098544e-02
4.080000000000000000e+02	-1.955078000000000094e-01	-1.016724439111244688e-02	1.474998960593573022e-02
4.090000000000000000e+02	-1.946819000000000188e-01	-1.013767101006907839e-02	1.553277178206503503e-02
4.100000000000000000e+02	-1.934765999999999986e-01	-1.010657102725638981e-02	1.631321016049519512e-02
4.110000000000000000e+02	-1.928292999999999813e-01	-1.007394913546644753e-02	1.709118697797690559e-02
4.120000000000000000e+02	-1.915530999999999762e-01	-1.003981025713781769e-02	1.786658484269495681e-02
4.130000000000000000e+02	-1.904933999999999794e-01	-1.000415954361281480e-02	1.863928675198190527e-02
4.140000000000000000e+02	-1.896905999999999870e-01	-9.967002374360182590e-03	1.940917610997305517e-02
4.150000000000000000e+02	-1.892899000000000109e-01	-9.928344356163371770e-03	2.017613674520002398e-02
4.160000000000000000e+02	-1.890345999999999971e-01	-9.888191322274520606e-03	2.094005292812025840e-02
4.170000000000000000e+02	-1.886843999999999744e-01	-9.846549331534228469e-03	2.170080938858008970e-02
4.180000000000000000e+02	-1.882453000000000043e-01	-9.803424667457346156e-03	2.245829133320796644e-02
4.190000000000000000e+02	-1.876939000000000246e-01	-9.758823837284810732e-03	2.321238446273625119e-02
4.200000000000000000e+02	-1.871079999999999965e-01	-9.712753571001755612e-03	2.396297498924822647e-02
4.210000000000000000e+02	-1.859702999999999773e-01	-9.665220820321993034e-03	2.470994965334797136e-02
4.220000000000000000e+02	-1.845659000000000050e-01	-9.616232757639037176e-03	2.545319574125049639e-02
4.230000000000000000e+02	-1.828273999999999733e-01	-9.565796774943855288e-03	2.619260110178946860e-02
4.240000000000000000e+02	-1.810824999999999796e-01	-9.513920482709437021e-03	2.692805416334037236e-02
4.250000000000000000e+02	-1.801924999999999777e-01	-9.460611708742442186e-03	2.765944395065560515e-02
4.260000000000000000e+02	-1.794649999999999856e-01	-9.405878497002027536e-03	2.838666010161019701e-02
4.270000000000000000e+02	-1.788368000000000180e-01	-9.349729106386057281e-03	2.910959288385467705e-02
4.280000000000000000e+02	-1.777059999999999751e-01	-9.292172009484898562e-03	2.982813321137300910e-02
4.290000000000000000e+02	-1.761171999999999738e-01	-9.233215891302949327e-03	3.054217266094299069e-02
4.300000000000000000e+02	-1.743781999999999832e-01	-9.172869647948139749e-03	3.125160348849662789e-02
4.310000000000000000e+02	-1.729173999999999989e-01	-9.111142385289551157e-03	3.195631864537799155e-02
4.320000000000000000e+02	-1.714809999999999945e-01	-9.048043417583395351e-03	3.265621179449639672e-02
4.330000000000000000e+02	-1.698310000000000097e-01	-8.983582266067576330e-03	3.335117732637167542e-02
4.340000000000000000e+02	-1.680835999999999997e-01	-8.917768657524969764e-03	3.404111037507022430e-02
4.350000000000000000e+02	-1.658724999999999783e-01	-8.850612522815723762e-03	3.472590683402850681e-02
4.360000000000000000e+02	-1.640338000000000074e-01	-8.782123995378750964e-03	3.540546337176214003e-02
4.370000000000000000e+02	-1.626518000000000130e-01	-8.712313409702659994e-03	3.607967744745795707e-02
4.380000000000000000e+02	-1.618102000000000151e-01	-8.641191299766343148e-03	3.674844732644671347e-02
4.390000000000000000e+02	-1.610653000000000223e-01	-8.568768397449468346e-03	3.741167209555423118e-02
4.400000000000000000e+02	-1.600445999999999813e-01	-8.495055630913092223e-03	3.806925167832873880e-02
4.410000000000000000e+02	-1.588165000000000271e-01	-8.420064122950692703e-03	3.872108685014145207e-02
4.420000000000000000e+02	-1.566265000000000018e-01	-8.343805189309792814e-03	3.936707925315918039e-02
4.430000000000000000e+02	-1.544655999999999807e-01	-8.266290336984491449e-03	4.000713141118584365e-02
4.440000000000000000e+02	-1.524085000000000023e-01	-8.187531262479123134e-03	4.064114674437103308e-02
4.450000000000000000e+02	-1.504459000000000213e-01	-8.107539850043338214e-03	4.126902958378327740e-02
4.460000000000000000e+02	-1.488616999999999857e-01	-8.026328169878841137e-03	4.189068518584589118e-02
4.470000000000000000e+02	-1.471431000000000267e-01	-7.943908476318078254e-03	4.250601974663315713e-02
4.480000000000000000e+02	-1.455268000000000117e-01	-7.860293205975107597e-03	4.311494041602492028e-02
4.490000000000000000e+02	-1.437795000000000045e-01	-7.775494975869035735e-03	4.371735531171680456e-02
4.500000000000000000e+02	-1.419275999999999871e-01	-7.689526581520160498e-03	4.431317353308487916e-02
4.510000000000000000e+02	-1.399755999999999778e-01	-7.602400995019213334e-03	4.490230517490192280e-02
4.520000000000000000e+02	-1.380345000000000044e-01	-7.514131363069952857e-03	4.548466134090357882e-02
4.530000000000000000e+02	-1.359706999999999999e-01	-7.424731005005412270e-03	4.606015415720222939e-02
4.540000000000000000e+02	-1.334987000000000257e-01	-7.334213410778095583e-03	4.662869678554658337e-02
4.550000000000000000e+02	-1.310084000000000248e-01	-7.242592238924410591e-03	4.719020343642516685e-02
4.560000000000000000e+02	-1.285725999999999813e-01	-7.149881314503716764e-03	4.774458938201119745e-02
4.570000000000000000e+02	-1.257201000000000013e-01	-7.056094627012182360e-03	4.829177096894762822e-02
4.580000000000000000e+02	-1.234355000000000036e-01	-6.961246328271867082e-03	4.883166563096990459e-02
4.590000000000000000e+02	-1.215128999999999931e-01	-6.865350730295299159e-03	4.936419190136463742e-02
4.600000000000000000e+02	-1.199542999999999998e-01	-6.768422303125886004e-03	4.988926942526248492e-02
4.610000000000000000e+02	-1.182016000000000039e-01	-6.670475672654468946e-03	5.040681897176314125e-02
4.620000000000000000e+02	-1.165247999999999978e-01	-6.571525618412383737e-03	5.091676244589078693e-02
4.630000000000000000e+02	-1.143645999999999968e-01	-6.471587071341284442e-03	5.141902290037824591e-02
4.640000000000000000e+02	-1.117731000000000002e-01	-6.370675111540209483e-03	5.191352454727764937e-02
4.650000000000000000e+02	-1.090319000000000010e-01	-6.268804965990056391e-03	5.240019276939648224e-02
4.660000000000000000e+02	-1.064873999999999959e-01	-6.165992006255931017e-03	5.287895413155684066e-02
4.670000000000000000e+02	-1.041556000000000010e-01	-6.062251746167679999e-03	5.334973639167631815e-02
4.680000000000000000e+02	-1.020515599999999995e-01	-5.957599839478949083e-03	5.381246851166888306e-02
4.690000000000000000e+02	-1.001171200000000039e-01	-5.852052077505130734e-03	5.426708066816409576e-02
4.700000000000000000e+02	-9.841648000000000063e-02	-5.745624386740556637e-03	5.471350426304297937e-02
4.710000000000000000e+02	-9.652415999999999774e-02	-5.638332826455266442e-03	5.515167193378914257e-02
4.720000000000000000e+02	-9.413804000000000616e-02	-5.530193586271808098e-03	5.558151756365321827e-02
4.730000000000000000e+02	-9.159330000000000249e-02	-5.421222983722291840e-03	5.600297629162955676e-02
4.740000000000000000e+02	-8.939284999999999592e-02	-5.311437461786187864e-03	5.641598452224332039e-02
4.750000000000000000e+02	-8.751995999999999387e-02	-5.200853586409183438e-03	5.682047993514666856e-02
4.760000000000000000e+02	-8.543873999999999913e-02	-5.089488044003486270e-03	5.721640149452246471e-02
4.770000000000000000e+02	-8.292085000000000428e-02	-4.977357638929947106e-03	5.760368945829420079e-02
4.780000000000000000e+02	-8.051822000000000146e-02	-4.864479290962397950e-03	5.798228538714072372e-02
4.790000000000000000e+02	-7.798056000000000432e-02	-4.750870032734532886e-03	5.835213215331441772e-02
4.800000000000000000e+02	-7.547528000000000570e-02	-4.636547007169836317e-03	5.871317394926127420e-02
4.810000000000000000e+02	-7.341704999999999759e-02	-4.521527464894791945e-03	5.906535629604203752e-02
4.820000000000000000e+02	-7.124165999999999832e-02	-4.405828761635880754e-03	5.940862605155265014e-02
4.830000000000000000e+02	-6.957824999999999427e-02	-4.289468355600710610e-03	5.974293141854312983e-02
4.840000000000000000e+02	-6.762060999999999766e-02	-4.172463804843680804e-03	6.006822195243338713e-02
4.850000000000000000e+02	-6.520407999999999760e-02	-4.054832764616594400e-03	6.038444856892501850e-02
4.860000000000000000e+02	-6.302452999999999528e-02	-3.936592984704552316e-03	6.069156355140789549e-02
4.870000000000000000e+02	-6.041561000000000153e-02	-3.817762306747677758e-03	6.098952055816015544e-02
4.880000000000000000e+02	-5.732402000000000331e-02	-3.698358661548886098e-03	6.127827462934096192e-02
4.890000000000000000e+02	-5.458070000000000283e-02	-3.578400066368255319e-03	6.155778219377468219e-02
4.900000000000000000e+02	-5.217138999999999804e-02	-3.457904622204324447e-03	6.182800107552544749e-02
4.910000000000000000e+02	-5.031561999999999840e-02	-3.336890511062775774e-03	6.208889050026127066e-02
4.920000000000000000e+02	-4.854470000000000313e-02	-3.215375993212881214e-03	6.234041110140663144e-02
4.930000000000000000e+02	-4.692027000000000003e-02	-3.093379404432148195e-03	6.258252492608262774e-02
4.940000000000000000e+02	-4.275510999999999895e-02	-2.970919153239533293e-03	6.281519544083387363e-02
4.950000000000000000e+02	-4.165536999999999712e-02	-2.848013718117767875e-03	6.303838753714111065e-02
4.960000000000000000e+02	-3.933070999999999789e-02	-2.724681644725030372e-03	6.325206753671891446e-02
4.970000000000000000e+02	-3.703054000000000068e-02	-2.600941543096536770e-03	6.345620319659744935e-02
4.980000000000000000e+02	-3.426349000000000061e-02	-2.476812084836398867e-03	6.365076371398788180e-02
4.990000000000000000e+02	-3.125885000000000469e-02	-2.352312000300200035e-03	6.383571973093016272e-02
5.000000000000000000e+02	-2.820889999999999856e-02	-2.227460075768700459e-03	6.401104333872306706e-02
5.010000000000000000e+02	-2.595816999999999916e-02	-2.102275150613113798e-03	6.417670808213539468e-02
5.020000000000000000e+02	-2.389097999999999916e-02	-1.976776114452330826e-03	6.433268896339794374e-02
5.030000000000000000e+02	-2.137638999999999859e-02	-1.850981904302645377e-03	6.447896244597543791e-02
5.040000000000000000e+02	-1.875873000000000124e-02	-1.724911501720244756e-03	6.461550645811812987e-02
5.050000000000000000e+02	-1.754184999999999772e-02	-1.598583929937018875e-03	6.474230039619220667e-02
5.060000000000000000e+02	-1.470532999999999910e-02	-1.472018250990074712e-03	6.485932512778884440e-02
5.070000000000000000e+02	-1.008604000000000098e-02	-1.345233562845394139e-03	6.496656299461109341e-02
5.080000000000000000e+02	-8.802674999999999389e-03	-1.218248996516072685e-03	6.506399781513838576e-02
5.090000000000000000e+02	-5.551811999999999719e-03	-1.091083713175576390e-03	6.515161488706833204e-02
5.100000000000000000e+02	-4.700725999999999689e-03	-9.637569012664061983e-04	6.522940098953509958e-02
5.110000000000000000e+02	-2.496312499999999834e-03	-8.362877736047370303e-04	6.529734438510441386e-02
