0.000000000000000000e+00	6.685090000000006374e-03	-8.470012511717867152e-04	7.929125133510447898e-02
1.000000000000000000e+00	9.929590000000005495e-03	-6.920777916731169627e-04	7.934837870067895649e-02
2.000000000000000000e+00	1.317445000000000768e-02	-5.370544326664187769e-04	7.939354714650519174e-02
3.000000000000000000e+00	1.630570000000000630e-02	-3.819545383582429094e-04	7.942674986506136070e-02
4.000000000000000000e+00	1.958805000000000615e-02	-2.268014844900902442e-04	7.944798185222953779e-02
5.000000000000000000e+00	2.335264000000000784e-02	-7.161865481535653751e-05	7.945723990804977321e-02
6.000000000000000000e+00	2.646348000000000797e-02	8.357056242492823207e-05	7.945452263720251262e-02
7.000000000000000000e+00	2.964412000000000297e-02	2.387427780270379358e-04	7.943983044921879011e-02
8.000000000000000000e+00	3.205949000000000298e-02	3.938746053496331085e-04	7.941316555841854141e-02
9.000000000000000000e+00	3.442361000000000726e-02	5.489426638384574744e-04	7.937453198357687090e-02
1.000000000000000000e+01	3.741294000000000564e-02	7.039235825501176987e-04	7.932393554731838325e-02
1.100000000000000000e+01	4.091531000000000334e-02	8.587940036744131679e-04	7.926138387523959383e-02
1.200000000000000000e+01	4.438574000000000686e-02	1.013530586054689269e-03	7.918688639475966740e-02
1.300000000000000000e+01	4.770203000000000637e-02	1.168110008705676352e-03	7.910045433369958245e-02
1.400000000000000000e+01	5.091227000000000946e-02	1.322508974328292976e-03	7.900210071858991545e-02
1.500000000000000000e+01	5.355756000000000405e-02	1.476704212820877148e-03	7.889184037270759176e-02
1.600000000000000000e+01	5.605223000000000844e-02	1.630672484786318622e-03	7.876968991384176999e-02
1.700000000000000000e+01	5.829832000000000763e-02	1.784390585034563393e-03	7.863566775178934543e-02
1.800000000000000000e+01	6.110617000000000132e-02	1.937835346079963680e-03	7.848979408558026671e-02
1.900000000000000000e+01	6.458701000000000025e-02	2.090983641632944510e-03	7.833209090043335987e-02
2.000000000000000000e+01	6.742833000000000854e-02	2.243812390085461739e-03	7.816258196444277051e-02
2.100000000000000000e+01	7.082534000000000052e-02	2.396298557989727171e-03	7.798129282499581538e-02
2.200000000000000000e+01	7.379759000000001012e-02	2.548419163529669525e-03	7.778825080492254851e-02
2.300000000000000000e+01	7.675123000000000362e-02	2.700151279984625789e-03	7.758348499837797174e-02
2.400000000000000000e+01	7.960198000000000274e-02	2.851472039184713494e-03	7.736702626645700076e-02
2.500000000000000000e+01	8.282548000000000687e-02	3.002358634957392764e-03	7.713890723254333837e-02
2.600000000000000000e+01	8.609729000000000687e-02	3.152788326564672124e-03	7.689916227739262977e-02
2.700000000000000000e+01	8.932525000000000881e-02	3.302738442130463692e-03	7.664782753395081583e-02
2.800000000000000000e+01	9.222743000000001301e-02	3.452186382057555614e-03	7.638494088190841969e-02
2.900000000000000000e+01	9.453452000000001076e-02	3.601109622433680459e-03	7.611054194199146083e-02
3.000000000000000000e+01	9.681680000000000841e-02	3.749485718426197756e-03	7.582467206999014830e-02
3.100000000000000000e+01	9.914320000000000077e-02	3.897292307664842938e-03	7.552737435052590820e-02
3.200000000000000000e+01	1.017551000000000011e-01	4.044507113612047858e-03	7.521869359055795290e-02
3.300000000000000000e+01	1.044539000000000023e-01	4.191107948920335009e-03	7.489867631263025238e-02
3.400000000000000000e+01	1.076148000000000104e-01	4.337072718776258107e-03	7.456737074785990682e-02
3.500000000000000000e+01	1.109370000000000078e-01	4.482379424230410227e-03	7.422482682866803072e-02
3.600000000000000000e+01	1.138157000000000058e-01	4.627006165512968262e-03	7.387109618125427268e-02
3.700000000000000000e+01	1.157660000000000078e-01	4.770931145334296637e-03	7.350623211781599775e-02
3.800000000000000000e+01	1.176404000000000061e-01	4.914132672170112848e-03	7.313028962851336745e-02
3.900000000000000000e+01	1.195718000000000059e-01	5.056589163530702223e-03	7.274332537318153880e-02
4.000000000000000000e+01	1.212613000000000024e-01	5.198279149213700517e-03	7.234539767279132838e-02
4.100000000000000000e+01	1.234271000000000118e-01	5.339181274539963815e-03	7.193656650065925751e-02
4.200000000000000000e+01	1.258574000000000082e-01	5.479274303572014004e-03	7.151689347340889347e-02
4.300000000000000000e+01	1.286203999999999958e-01	5.618537122314593187e-03	7.108644184168422253e-02
4.400000000000000000e+01	1.313094999999999957e-01	5.756948741896843018e-03	7.064527648061694198e-02
4.500000000000000000e+01	1.342837000000000058e-01	5.894488301735628481e-03	7.019346388004889248e-02
4.600000000000000000e+01	1.370985000000000120e-01	6.031135072679509081e-03	6.973107213451104625e-02
4.700000000000000000e+01	1.397529000000000132e-01	6.166868460132930718e-03	6.925817093296073035e-02
4.800000000000000000e+01	1.426159000000000177e-01	6.301668007160103960e-03	6.877483154827851441e-02
4.900000000000000000e+01	1.453923000000000021e-01	6.435513397568167100e-03	6.828112682652635879e-02
5.000000000000000000e+01	1.478784999999999961e-01	6.568384458969122285e-03	6.777713117596874393e-02
5.100000000000000000e+01	1.502648000000000039e-01	6.700261165820083249e-03	6.726292055585822438e-02
5.200000000000000000e+01	1.527898000000000034e-01	6.831123642441427023e-03	6.673857246498733631e-02
5.300000000000000000e+01	1.553942000000000101e-01	6.960952166012325699e-03	6.620416593000846839e-02
5.400000000000000000e+01	1.583072000000000090e-01	7.089727169543260168e-03	6.565978149352331983e-02
5.500000000000000000e+01	1.613818999999999948e-01	7.217429244825040481e-03	6.510550120194416590e-02
5.600000000000000000e+01	1.646388000000000018e-01	7.344039145353893107e-03	6.454140859312811063e-02
5.700000000000000000e+01	1.677772000000000152e-01	7.469537789232183998e-03	6.396758868378693563e-02
5.800000000000000000e+01	1.702084000000000097e-01	7.593906262044332507e-03	6.338412795667373867e-02
5.900000000000000000e+01	1.722488000000000075e-01	7.717125819707469463e-03	6.279111434754883203e-02
6.000000000000000000e+01	1.740674000000000110e-01	7.839177891296447362e-03	6.218863723192664256e-02
6.100000000000000000e+01	1.759322000000000108e-01	7.960044081842738636e-03	6.157678741160539648e-02
6.200000000000000000e+01	1.779434000000000016e-01	8.079706175106804791e-03	6.095565710098217044e-02
6.300000000000000000e+01	1.798580000000000179e-01	8.198146136323556515e-03	6.032533991315477961e-02
6.400000000000000000e+01	1.815721000000000140e-01	8.315346114920437251e-03	5.968593084581302194e-02
6.500000000000000000e+01	1.832502000000000020e-01	8.431288447207757261e-03	5.903752626692115868e-02
6.600000000000000000e+01	1.850735000000000019e-01	8.545955659040871399e-03	5.838022390019390051e-02
6.700000000000000000e+01	1.871895000000000087e-01	8.659330468453759963e-03	5.771412281036808478e-02
6.800000000000000000e+01	1.896867000000000136e-01	8.771395788263684767e-03	5.703932338827220894e-02
6.900000000000000000e+01	1.920526000000000177e-01	8.882134728646446861e-03	5.635592733569610296e-02
7.000000000000000000e+01	1.938747000000000109e-01	8.991530599681945776e-03	5.566403765006307236e-02
7.100000000000000000e+01	1.953020000000000034e-01	9.099566913869564996e-03	5.496375860890670428e-02
7.200000000000000000e+01	1.964329999999999965e-01	9.206227388613081805e-03	5.425519575415480023e-02
7.300000000000000000e+01	1.976175000000000015e-01	9.311495948674686912e-03	5.353845587622264868e-02
7.400000000000000000e+01	1.991066999999999976e-01	9.415356728597735689e-03	5.281364699791829542e-02
7.500000000000000000e+01	2.008324999999999971e-01	9.517794075097908355e-03	5.208087835816196942e-02
7.600000000000000000e+01	2.029659000000000046e-01	9.618792549422378393e-03	5.134026039552214149e-02
7.700000000000000000e+01	2.056431999999999982e-01	9.718336929676650929e-03	5.059190473157097051e-02
7.800000000000000000e+01	2.082161000000000151e-01	9.816412213118708499e-03	4.983592415406136455e-02
7.900000000000000000e+01	2.100846000000000102e-01	9.913003618420146781e-03	4.907243259992818962e-02
8.000000000000000000e+01	2.118300000000000183e-01	1.000809658789392556e-02	4.830154513811647093e-02
8.100000000000000000e+01	2.133262999999999965e-01	1.010167678968841576e-02	4.752337795223877254e-02
8.200000000000000000e+01	2.146572999999999953e-01	1.019373011994740945e-02	4.673804832306479445e-02
8.300000000000000000e+01	2.159833000000000169e-01	1.028424270493578062e-02	4.594567461084540089e-02
8.400000000000000000e+01	2.169958000000000164e-01	1.037320090313043931e-02	4.514637623747418116e-02
8.500000000000000000e+01	2.184028000000000080e-01	1.046059130727630682e-02	4.434027366848878465e-02
8.600000000000000000e+01	2.194869000000000125e-01	1.054640074640698401e-02	4.352748839491507593e-02
8.700000000000000000e+01	2.209852999999999956e-01	1.063061628782978850e-02	4.270814291495679538e-02
8.800000000000000000e+01	2.223577999999999943e-01	1.071322523907491074e-02	4.188236071553332052e-02
8.900000000000000000e+01	2.242840000000000111e-01	1.079421514980833524e-02	4.105026625366833826e-02
9.000000000000000000e+01	2.258819999999999995e-01	1.087357381370828227e-02	4.021198493773261995e-02
9.100000000000000000e+01	2.270822000000000118e-01	1.095128927030488211e-02	3.936764310854303645e-02
9.200000000000000000e+01	2.280060000000000142e-01	1.102734980678277306e-02	3.851736802032131729e-02
9.300000000000000000e+01	2.286134999999999973e-01	1.110174395974640286e-02	3.766128782151494797e-02
9.400000000000000000e+01	2.291741999999999946e-01	1.117446051694771444e-02	3.679953153548350814e-02
9.500000000000000000e+01	2.297676000000000163e-01	1.124548851897598511e-02	3.593222904105297655e-02
9.600000000000000000e+01	2.304655000000000176e-01	1.131481726090958172e-02	3.505951105294109055e-02
9.700000000000000000e+01	2.315228000000000008e-01	1.138243629392932457e-02	3.418150910205692422e-02
9.800000000000000000e+01	2.329210000000000169e-01	1.144833542689328333e-02	3.329835551567727342e-02
9.900000000000000000e+01	2.345664000000000082e-01	1.151250472787272022e-02	3.241018339750299099e-02
1.000000000000000000e+02	2.360014000000000001e-01	1.157493452564897773e-02	3.151712660759850571e-02
1.010000000000000000e+02	2.372101000000000071e-01	1.163561541117105920e-02	3.061931974221716521e-02
1.020000000000000000e+02	2.386163000000000034e-01	1.169453823897371667e-02	2.971689811351563987e-02
1.030000000000000000e+02	2.397703000000000195e-01	1.175169412855578757e-02	2.880999772916054830e-02
1.040000000000000000e+02	2.403899000000000175e-01	1.180707446571862239e-02	2.789875527183016332e-02
1.050000000000000000e+02	2.407643000000000144e-01	1.186067090386436033e-02	2.698330807861438682e-02
1.060000000000000000e+02	2.411312999999999929e-01	1.191247536525389013e-02	2.606379412031607778e-02
1.070000000000000000e+02	2.418316000000000077e-01	1.196248004222425811e-02	2.514035198065698792e-02
1.080000000000000000e+02	2.428927000000000169e-01	1.201067739836541269e-02	2.421312083539122265e-02
1.090000000000000000e+02	2.440201999999999927e-01	1.205706016965604060e-02	2.328224043132939847e-02
1.100000000000000000e+02	2.452818999999999972e-01	1.210162136555835433e-02	2.234785106527695936e-02
1.110000000000000000e+02	2.465422000000000169e-01	1.214435427007166945e-02	2.141009356288941026e-02
1.120000000000000000e+02	2.476955000000000129e-01	1.218525244274459851e-02	2.046910925744784698e-02
1.130000000000000000e+02	2.482507999999999937e-01	1.222430971964571893e-02	1.952503996855814786e-02
1.140000000000000000e+02	2.479468000000000227e-01	1.226152021429256257e-02	1.857802798077670681e-02
1.150000000000000000e+02	2.476532000000000178e-01	1.229687831853879497e-02	1.762821602216609398e-02
1.160000000000000000e+02	2.476253999999999955e-01	1.233037870341943676e-02	1.667574724278401976e-02
1.170000000000000000e+02	2.477993000000000001e-01	1.236201631995401812e-02	1.572076519310855805e-02
1.180000000000000000e+02	2.481093999999999800e-01	1.239178639990753429e-02	1.476341380240300122e-02
1.190000000000000000e+02	2.481814999999999993e-01	1.241968445650907388e-02	1.380383735702381265e-02
1.200000000000000000e+02	2.481309999999999905e-01	1.244570628512805567e-02	1.284218047867457385e-02
1.210000000000000000e+02	2.479876000000000302e-01	1.246984796390790753e-02	1.187858810260939910e-02
1.220000000000000000e+02	2.482503999999999822e-01	1.249210585435716128e-02	1.091320545578926271e-02
1.230000000000000000e+02	2.489721000000000295e-01	1.251247660189781612e-02	9.946178034994167250e-03
1.240000000000000000e+02	2.490900999999999810e-01	1.253095713637091858e-02	8.977651584894774661e-03
1.250000000000000000e+02	2.492549000000000015e-01	1.254754467249928791e-02	8.007772076086548327e-03
1.260000000000000000e+02	2.486856000000000066e-01	1.256223671030729135e-02	7.036685683090032443e-03
1.270000000000000000e+02	2.476979000000000264e-01	1.257503103549762087e-02	6.064538762320244650e-03
1.280000000000000000e+02	2.470087000000000255e-01	1.258592571978502973e-02	5.091477830028636603e-03
1.290000000000000000e+02	2.468647999999999954e-01	1.259491912118694372e-02	4.117649540221143128e-03
1.300000000000000000e+02	2.473154000000000186e-01	1.260200988427093508e-02	3.143200662555298893e-03
1.310000000000000000e+02	2.478168000000000037e-01	1.260719694035900354e-02	2.168278060219926747e-03
1.320000000000000000e+02	2.484101000000000226e-01	1.261047950768863848e-02	1.193028667800892766e-03
1.330000000000000000e+02	2.491251999999999911e-01	1.261185709153065347e-02	2.175994691359364123e-04
1.340000000000000000e+02	2.491707000000000227e-01	1.261132948426373253e-02	-7.578625248379180146e-04
1.350000000000000000e+02	2.492003999999999886e-01	1.260889676540572976e-02	-1.733210298240878177e-03
1.360000000000000000e+02	2.486923999999999801e-01	1.260455930160169109e-02	-2.708296852407819904e-03
1.370000000000000000e+02	2.481683000000000083e-01	1.259831774656857903e-02	-3.682975228043024359e-03
1.380000000000000000e+02	2.472304000000000168e-01	1.259017304099676812e-02	-4.657098527369086909e-03
1.390000000000000000e+02	2.464423000000000030e-01	1.258012641240825388e-02	-5.630519936266379158e-03
1.400000000000000000e+02	2.457252000000000047e-01	1.256817937497165666e-02	-6.603092746400058589e-03
1.410000000000000000e+02	2.449610000000000121e-01	1.255433372927401009e-02	-7.574670377331137183e-03
1.420000000000000000e+02	2.446466000000000196e-01	1.253859156204939138e-02	-8.545106398608115494e-03
1.430000000000000000e+02	2.444526999999999950e-01	1.252095524586441938e-02	-9.514254551836168541e-03
1.440000000000000000e+02	2.442632000000000136e-01	1.250142743876067608e-02	-1.048196877272040625e-02
1.450000000000000000e+02	2.438951000000000036e-01	1.248001108385409473e-02	-1.144810321307970606e-02
1.460000000000000000e+02	2.427307999999999966e-01	1.245670940889140495e-02	-1.241251226282815735e-02
1.470000000000000000e+02	2.410158000000000023e-01	1.243152592576365553e-02	-1.337505057192059713e-02
1.480000000000000000e+02	2.391619000000000106e-01	1.240446442997692432e-02	-1.433557307225881428e-02
1.490000000000000000e+02	2.376632999999999940e-01	1.237552900008028617e-02	-1.529393499955540581e-02
1.500000000000000000e+02	2.365558000000000105e-01	1.234472399705110850e-02	-1.624999191515183808e-02
1.510000000000000000e+02	2.358756000000000186e-01	1.231205406363780619e-02	-1.720359972778731997e-02
1.520000000000000000e+02	2.350762000000000129e-01	1.227752412366010099e-02	-1.815461471531539667e-02
1.530000000000000000e+02	2.342949000000000004e-01	1.224113938126693106e-02	-1.910289354636498724e-02
1.540000000000000000e+02	2.339247000000000132e-01	1.220290532015212356e-02	-2.004829330194232012e-02
1.550000000000000000e+02	2.332616000000000134e-01	1.216282770272791684e-02	-2.099067149697093210e-02
1.560000000000000000e+02	2.326860000000000039e-01	1.212091256925648501e-02	-2.192988610176612244e-02
1.570000000000000000e+02	2.317518000000000078e-01	1.207716623693958803e-02	-2.286579556344090283e-02
1.580000000000000000e+02	2.307088000000000194e-01	1.203159529896647394e-02	-2.379825882723993202e-02
1.590000000000000000e+02	2.294540000000000191e-01	1.198420662352019973e-02	-2.472713535779847566e-02
1.600000000000000000e+02	2.281011000000000011e-01	1.193500735274249415e-02	-2.565228516032314401e-02
1.610000000000000000e+02	2.263178000000000134e-01	1.188400490165733570e-02	-2.657356880169096242e-02
1.620000000000000000e+02	2.249237000000000042e-01	1.183120695705341258e-02	-2.749084743146397794e-02
1.630000000000000000e+02	2.239570000000000172e-01	1.177662147632559803e-02	-2.840398280281602322e-02
1.640000000000000000e+02	2.229233000000000187e-01	1.172025668627568566e-02	-2.931283729336829277e-02
1.650000000000000000e+02	2.221177000000000012e-01	1.166212108187245945e-02	-3.021727392593125117e-02
1.660000000000000000e+02	2.209992000000000067e-01	1.160222342497141228e-02	-3.111715638914874099e-02
1.670000000000000000e+02	2.196433000000000135e-01	1.154057274299419809e-02	-3.201234905804220543e-02
1.680000000000000000e+02	2.179523000000000155e-01	1.147717832756807096e-02	-3.290271701445121599e-02
1.690000000000000000e+02	2.152594999999999925e-01	1.141204973312551045e-02	-3.378812606736757845e-02
1.700000000000000000e+02	2.130200000000000149e-01	1.134519677546423286e-02	-3.466844277315974526e-02
1.710000000000000000e+02	2.109982999999999997e-01	1.127662953026780344e-02	-3.554353445568480402e-02
1.720000000000000000e+02	2.088683000000000067e-01	1.120635833158710286e-02	-3.641326922628444068e-02
1.730000000000000000e+02	2.069230999999999987e-01	1.113439377028283342e-02	-3.727751600366255996e-02
1.740000000000000000e+02	2.050003999999999993e-01	1.106074669242932199e-02	-3.813614453364102402e-02
1.750000000000000000e+02	2.034575000000000133e-01	1.098542819767987441e-02	-3.898902540879082418e-02
1.760000000000000000e+02	2.023019000000000067e-01	1.090844963759389497e-02	-3.983603008793557693e-02
1.770000000000000000e+02	2.011326999999999976e-01	1.082982261392603958e-02	-4.067703091552458267e-02
1.780000000000000000e+02	1.994992000000000154e-01	1.074955897687768051e-02	-4.151190114087216498e-02
1.790000000000000000e+02	1.978150000000000186e-01	1.066767082331090619e-02	-4.234051493726090354e-02
1.800000000000000000e+02	1.955910000000000148e-01	1.058417049492535976e-02	-4.316274742090542987e-02
1.810000000000000000e+02	1.934478000000000031e-01	1.049907057639816108e-02	-4.397847466977425346e-02
1.820000000000000000e+02	1.914543999999999968e-01	1.041238389348722766e-02	-4.478757374226646770e-02
1.830000000000000000e+02	1.895029000000000019e-01	1.032412351109824808e-02	-4.558992269574081019e-02
1.840000000000000000e+02	1.876955000000000151e-01	1.023430273131561118e-02	-4.638540060489423911e-02
1.850000000000000000e+02	1.862321000000000115e-01	1.014293509139760699e-02	-4.717388757998691728e-02
1.860000000000000000e+02	1.847621000000000124e-01	1.005003436173616121e-02	-4.795526478491139027e-02
1.870000000000000000e+02	1.837768000000000179e-01	9.955614543781443268e-03	-4.872941445510283603e-02
1.880000000000000000e+02	1.821621999999999963e-01	9.859689867931658441e-03	-4.949621991528784654e-02
1.890000000000000000e+02	1.806226999999999971e-01	9.762274791388317330e-03	-5.025556559706902127e-02
1.900000000000000000e+02	1.782953999999999928e-01	9.663383995977327737e-03	-5.100733705634286075e-02
1.910000000000000000e+02	1.754257000000000177e-01	9.563032385936254265e-03	-5.175142099054792777e-02
1.920000000000000000e+02	1.727926999999999935e-01	9.461235085668023154e-03	-5.248770525574123630e-02
1.930000000000000000e+02	1.700701000000000018e-01	9.358007437461467876e-03	-5.321607888349997456e-02
1.940000000000000000e+02	1.678072000000000175e-01	9.253364999179029479e-03	-5.393643209764591856e-02
1.950000000000000000e+02	1.654864000000000057e-01	9.147323541911963826e-03	-5.464865633079030172e-02
1.960000000000000000e+02	1.632423000000000068e-01	9.039899047603428689e-03	-5.535264424069642059e-02
1.970000000000000000e+02	1.608631000000000089e-01	8.931107706639752550e-03	-5.604828972645770763e-02
1.980000000000000000e+02	1.583268999999999926e-01	8.820965915410343069e-03	-5.673548794448850241e-02
1.990000000000000000e+02	1.559298000000000073e-01	8.709490273836509311e-03	-5.741413532432555755e-02
2.000000000000000000e+02	1.539447999999999928e-01	8.596697582869615786e-03	-5.808412958423751077e-02
2.010000000000000000e+02	1.515796000000000088e-01	8.482604841958944764e-03	-5.874536974664024830e-02
2.020000000000000000e+02	1.487407000000000035e-01	8.367229246489648470e-03	-5.939775615331556458e-02
2.030000000000000000e+02	1.452703999999999940e-01	8.250588185191136403e-03	-6.004119048043117524e-02
2.040000000000000000e+02	1.419742999999999977e-01	8.132699237516380006e-03	-6.067557575335939118e-02
2.050000000000000000e+02	1.389539999999999942e-01	8.013580170992424395e-03	-6.130081636129263573e-02
2.060000000000000000e+02	1.367342000000000002e-01	7.893248938542570328e-03	-6.191681807165327206e-02
2.070000000000000000e+02	1.349196000000000006e-01	7.771723675780627984e-03	-6.252348804429588847e-02
2.080000000000000000e+02	1.329211000000000142e-01	7.649022698277599917e-03	-6.312073484549952929e-02
2.090000000000000000e+02	1.308454000000000006e-01	7.525164498801300596e-03	-6.370846846174803291e-02
2.100000000000000000e+02	1.283124999999999960e-01	7.400167744529198739e-03	-6.428660031329645752e-02
2.110000000000000000e+02	1.257590000000000097e-01	7.274051274235036717e-03	-6.485504326752117299e-02
2.120000000000000000e+02	1.231028000000000122e-01	7.146834095449557459e-03	-6.541371165205203675e-02
2.130000000000000000e+02	1.204860000000000098e-01	7.018535381595789047e-03	-6.596252126768437085e-02
2.140000000000000000e+02	1.177692000000000044e-01	6.889174469099351890e-03	-6.650138940106906094e-02
2.150000000000000000e+02	1.147813000000000028e-01	6.758770854474186601e-03	-6.703023483717854281e-02
2.160000000000000000e+02	1.119736000000000065e-01	6.627344191384134525e-03	-6.754897787154715005e-02
2.170000000000000000e+02	1.092081000000000024e-01	6.494914287680887861e-03	-6.805754032228353290e-02
2.180000000000000000e+02	1.065058000000000116e-01	6.361501102418635513e-03	-6.855584554185396862e-02
2.190000000000000000e+02	1.041021000000000030e-01	6.227124742845973650e-03	-6.904381842863409335e-02
2.200000000000000000e+02	1.014924000000000104e-01	6.091805461375445277e-03	-6.952138543822777850e-02
2.210000000000000000e+02	9.870490000000001207e-02	5.955563652531226625e-03	-6.998847459455141695e-02
2.220000000000000000e+02	9.557036000000000697e-02	5.818419849875368886e-03	-7.044501550068160700e-02
2.230000000000000000e+02	9.267660000000001175e-02	5.680394722913123529e-03	-7.089093934946506803e-02
2.240000000000000000e+02	8.943976000000000703e-02	5.541509073977740618e-03	-7.132617893388874808e-02
2.250000000000000000e+02	8.618459000000000536e-02	5.401783835095268389e-03	-7.175066865720895748e-02
2.260000000000000000e+02	8.239101000000000063e-02	5.261240064829799876e-03	-7.216434454283761346e-02
2.270000000000000000e+02	7.892352000000001089e-02	5.119898945109652329e-03	-7.256714424398459651e-02
2.280000000000000000e+02	7.609922000000000908e-02	4.977781778034956472e-03	-7.295900705305405354e-02
2.290000000000000000e+02	7.352360000000000839e-02	4.834909982667109224e-03	-7.333987391079414830e-02
2.300000000000000000e+02	7.100867000000000984e-02	4.691305091800646726e-03	-7.370968741519788592e-02
2.310000000000000000e+02	6.870735000000000037e-02	4.546988748717934944e-03	-7.406839183015453965e-02
2.320000000000000000e+02	6.598613000000000395e-02	4.401982703927219062e-03	-7.441593309384984811e-02
2.330000000000000000e+02	6.304482000000000141e-02	4.256308811884519996e-03	-7.475225882691387269e-02
2.340000000000000000e+02	6.041901000000000910e-02	4.109989027699865495e-03	-7.507731834031530771e-02
2.350000000000000000e+02	5.796335000000000376e-02	3.963045403828319851e-03	-7.539106264300107774e-02
2.360000000000000000e+02	5.512166000000000288e-02	3.815500086746402477e-03	-7.569344444927993132e-02
2.370000000000000000e+02	5.204363000000000739e-02	3.667375313614282609e-03	-7.598441818594903197e-02
2.380000000000000000e+02	4.924434000000000450e-02	3.518693408924327380e-03	-7.626393999916258881e-02
2.390000000000000000e+02	4.677832000000000517e-02	3.369476781136484210e-03	-7.653196776104112531e-02
2.400000000000000000e+02	4.455792000000000780e-02	3.219747919301023126e-03	-7.678846107602085858e-02
2.410000000000000000e+02	4.205336000000000490e-02	3.069529389669089624e-03	-7.703338128694180165e-02
2.420000000000000000e+02	3.948354000000000447e-02	2.918843832291689519e-03	-7.726669148087396410e-02
2.430000000000000000e+02	3.656856000000000689e-02	2.767713957607490036e-03	-7.748835649468069353e-02
2.440000000000000000e+02	3.303929000000000588e-02	2.616162543020045163e-03	-7.769834292031815859e-02
2.450000000000000000e+02	2.931745000000000878e-02	2.464212429464914932e-03	-7.789661910987051574e-02
2.460000000000000000e+02	2.623756000000000699e-02	2.311886517967218571e-03	-7.808315518031963554e-02
2.470000000000000000e+02	2.307206000000000534e-02	2.159207766190129798e-03	-7.825792301804891660e-02
2.480000000000000000e+02	1.951311000000000712e-02	2.006199184974812987e-03	-7.842089628308041016e-02
2.490000000000000000e+02	1.590794000000000583e-02	1.852883834872395873e-03	-7.857205041304460291e-02
2.500000000000000000e+02	1.258729000000000792e-02	1.699284822668399456e-03	-7.871136262688233076e-02
2.510000000000000000e+02	9.060360000000006880e-03	1.545425297900223597e-03	-7.883881192827818518e-02
2.520000000000000000e+02	8.499490000000007109e-03	1.391328449368185944e-03	-7.895437910882500965e-02
2.530000000000000000e+02	5.094082000000006716e-03	1.237017501640647402e-03	-7.905804675091879230e-02
2.540000000000000000e+02	1.210301000000006504e-03	1.082515711553721149e-03	-7.914979923038381604e-02
2.550000000000000000e+02	-2.772760899999993783e-03	9.278463647061718040e-04	-7.922962271882739993e-02
2.560000000000000000e+02	-5.776743999999993384e-03	7.730327719499257427e-04	-7.929750518572406537e-02
2.570000000000000000e+02	-8.971600999999993983e-03	6.180982658768012375e-04	-7.935343640022868295e-02
2.580000000000000000e+02	-1.200317899999999403e-02	4.630661973019597512e-04	-7.939740793271839181e-02
2.590000000000000000e+02	-1.524650999999999437e-02	3.079599317446068268e-04	-7.942941315606311115e-02
2.600000000000000000e+02	-1.903088999999999475e-02	1.528028459064860033e-04	-7.944944724662431068e-02
2.610000000000000000e+02	-2.262273999999999535e-02	-2.381675851343392411e-06	-7.945750718498199860e-02
2.620000000000000000e+02	-2.621909999999999519e-02	-1.575702450328250552e-04	-7.945359175638976035e-02
2.630000000000000000e+02	-2.973600999999999328e-02	-3.127394725319043679e-04	-7.943770155095793151e-02
2.640000000000000000e+02	-3.294370999999999411e-02	-4.678659721575912245e-04	-7.940983896356457183e-02
2.650000000000000000e+02	-3.538393999999999567e-02	-6.229263641585883670e-04	-7.937000819349454561e-02
2.660000000000000000e+02	-3.756527999999999257e-02	-7.778972787469445220e-04	-7.931821524380668065e-02
2.670000000000000000e+02	-4.019552999999999321e-02	-9.327553596202333959e-04	-7.925446792042890876e-02
2.680000000000000000e+02	-4.338146999999999143e-02	-1.087477267481643493e-03	-7.917877583098194283e-02
2.690000000000000000e+02	-4.665703999999999685e-02	-1.242039683557563104e-03	-7.909115038333117131e-02
2.700000000000000000e+02	-4.980277999999999095e-02	-1.396419313112041375e-03	-7.899160478386733908e-02
2.710000000000000000e+02	-5.275299999999999434e-02	-1.550592888957634226e-03	-7.888015403551625060e-02
2.720000000000000000e+02	-5.569489999999999164e-02	-1.704537174962098087e-03	-7.875681493547749545e-02
2.730000000000000000e+02	-5.778884999999999578e-02	-1.858228969550395444e-03	-7.862160607269294554e-02
2.740000000000000000e+02	-6.001565999999999151e-02	-2.011645109201523965e-03	-7.847454782504510729e-02
2.750000000000000000e+02	-6.283492999999999717e-02	-2.164762471939551437e-03	-7.831566235628593942e-02
2.760000000000000000e+02	-6.595486999999999878e-02	-2.317557980818444729e-03	-7.814497361269637232e-02
2.770000000000000000e+02	-6.891434999999999922e-02	-2.470008607400086924e-03	-7.796250731947737544e-02
2.780000000000000000e+02	-7.146236999999999728e-02	-2.622091375224987805e-03	-7.776829097687271153e-02
2.790000000000000000e+02	-7.390601999999998895e-02	-2.773783363275153600e-03	-7.756235385602432142e-02
2.800000000000000000e+02	-7.671570999999999252e-02	-2.925061709428631359e-03	-7.734472699456070022e-02
2.810000000000000000e+02	-7.942735999999998853e-02	-3.075903613905118204e-03	-7.711544319191915298e-02
2.820000000000000000e+02	-8.292980999999999270e-02	-3.226286342702233863e-03	-7.687453700440241566e-02
2.830000000000000000e+02	-8.635653999999999553e-02	-3.376187231021846730e-03	-7.662204473997050180e-02
2.840000000000000000e+02	-8.975657999999998859e-02	-3.525583686685982918e-03	-7.635800445276867687e-02
2.850000000000000000e+02	-9.269356999999998903e-02	-3.674453193541778358e-03	-7.608245593739208779e-02
2.860000000000000000e+02	-9.536535999999999624e-02	-3.822773314855001676e-03	-7.579544072288810219e-02
2.870000000000000000e+02	-9.778309999999999780e-02	-3.970521696691552832e-03	-7.549700206649748169e-02
2.880000000000000000e+02	-1.001394299999999876e-01	-4.117676071286545045e-03	-7.518718494713469425e-02
2.890000000000000000e+02	-1.030054399999999898e-01	-4.264214260400353736e-03	-7.486603605860910060e-02
2.900000000000000000e+02	-1.061782999999999894e-01	-4.410114178661202720e-03	-7.453360380258747253e-02
2.910000000000000000e+02	-1.091976999999999948e-01	-4.555353836893730364e-03	-7.418993828129920309e-02
2.920000000000000000e+02	-1.120972999999999969e-01	-4.699911345433071229e-03	-7.383509128998520799e-02
2.930000000000000000e+02	-1.147730999999999890e-01	-4.843764917423952314e-03	-7.346911630909157276e-02
2.940000000000000000e+02	-1.177060999999999941e-01	-4.986892872104252243e-03	-7.309206849620940305e-02
2.950000000000000000e+02	-1.206744999999999901e-01	-5.129273638072617478e-03	-7.270400467776175213e-02
2.960000000000000000e+02	-1.232288999999999884e-01	-5.270885756539570033e-03	-7.230498334043902742e-02
2.970000000000000000e+02	-1.255193000000000003e-01	-5.411707884561652200e-03	-7.189506462238434703e-02
2.980000000000000000e+02	-1.278154999999999986e-01	-5.551718798258100870e-03	-7.147431030412974839e-02
2.990000000000000000e+02	-1.297766999999999948e-01	-5.690897396009610837e-03	-7.104278379928498366e-02
3.000000000000000000e+02	-1.320648999999999851e-01	-5.829222701638609415e-03	-7.060055014498034520e-02
3.010000000000000000e+02	-1.346152999999999933e-01	-5.966673867570689363e-03	-7.014767599206450654e-02
3.020000000000000000e+02	-1.372807999999999806e-01	-6.103230177976621575e-03	-6.968422959505934933e-02
3.030000000000000000e+02	-1.403661999999999965e-01	-6.238871051894526870e-03	-6.921028080187305309e-02
3.040000000000000000e+02	-1.432039999999999980e-01	-6.373576046331709891e-03	-6.872590104327304383e-02
3.050000000000000000e+02	-1.459064999999999945e-01	-6.507324859345726617e-03	-6.823116332212025847e-02
3.060000000000000000e+02	-1.488375999999999866e-01	-6.640097333104145148e-03	-6.772614220236679305e-02
3.070000000000000000e+02	-1.514492000000000060e-01	-6.771873456922631977e-03	-6.721091379781785058e-02
3.080000000000000000e+02	-1.537469999999999948e-01	-6.902633370280845081e-03	-6.668555576066045876e-02
3.090000000000000000e+02	-1.559013999999999955e-01	-7.032357365815686268e-03	-6.615014726976012338e-02
3.100000000000000000e+02	-1.583573999999999815e-01	-7.161025892291484306e-03	-6.560476901872747124e-02
3.110000000000000000e+02	-1.606624999999999859e-01	-7.288619557546641321e-03	-6.504950320375661732e-02
3.120000000000000000e+02	-1.634412999999999838e-01	-7.415119131416311390e-03	-6.448443351123696321e-02
3.130000000000000000e+02	-1.660992000000000024e-01	-7.540505548630639480e-03	-6.390964510514053620e-02
3.140000000000000000e+02	-1.688502000000000058e-01	-7.664759911688184303e-03	-6.332522461418660376e-02
3.150000000000000000e+02	-1.711914999999999965e-01	-7.787863493704029819e-03	-6.273126011878542296e-02
3.160000000000000000e+02	-1.736890999999999852e-01	-7.909797741232191606e-03	-6.212784113776335243e-02
3.170000000000000000e+02	-1.763606000000000062e-01	-8.030544277061884423e-03	-6.151505861487108900e-02
3.180000000000000000e+02	-1.788566000000000045e-01	-8.150084902987233745e-03	-6.089300490507706248e-02
3.190000000000000000e+02	-1.806564999999999976e-01	-8.268401602549985477e-03	-6.026177376064839608e-02
3.200000000000000000e+02	-1.821905000000000052e-01	-8.385476543754854725e-03	-5.962146031702105636e-02
3.210000000000000000e+02	-1.830973999999999935e-01	-8.501292081757049618e-03	-5.897216107846153799e-02
3.220000000000000000e+02	-1.843671000000000060e-01	-8.615830761521611064e-03	-5.831397390352240084e-02
3.230000000000000000e+02	-1.859544999999999948e-01	-8.729075320454115702e-03	-5.764699799029354699e-02
3.240000000000000000e+02	-1.881023000000000001e-01	-8.841008691002402026e-03	-5.697133386145172146e-02
3.250000000000000000e+02	-1.904181000000000068e-01	-8.951614003228901620e-03	-5.628708334911022154e-02
3.260000000000000000e+02	-1.924526000000000014e-01	-9.060874587353152237e-03	-5.559434957947147898e-02
3.270000000000000000e+02	-1.943179999999999907e-01	-9.168773976264180461e-03	-5.489323695728452746e-02
3.280000000000000000e+02	-1.960442000000000018e-01	-9.275295908002337622e-03	-5.418385115010951325e-02
3.290000000000000000e+02	-1.975879999999999859e-01	-9.380424328210202126e-03	-5.346629907239224683e-02
3.300000000000000000e+02	-1.987712999999999841e-01	-9.484143392552171759e-03	-5.274068886935082134e-02
3.310000000000000000e+02	-1.999984999999999957e-01	-9.586437469102480555e-03	-5.200712990067628966e-02
3.320000000000000000e+02	-2.013145000000000073e-01	-9.687291140701088585e-03	-5.126573272405091780e-02
3.330000000000000000e+02	-2.029781999999999975e-01	-9.786689207277314562e-03	-5.051660907848543741e-02
3.340000000000000000e+02	-2.051221000000000017e-01	-9.884616688140687377e-03	-4.975987186747829472e-02
3.350000000000000000e+02	-2.073645000000000072e-01	-9.981058824238723398e-03	-4.899563514199981734e-02
3.360000000000000000e+02	-2.091737999999999931e-01	-1.007600108038136759e-02	-4.822401408330274919e-02
3.370000000000000000e+02	-2.111474999999999880e-01	-1.016942914743160231e-02	-4.744512498556317098e-02
3.380000000000000000e+02	-2.134010999999999825e-01	-1.026132894446208851e-02	-4.665908523835294447e-02
3.390000000000000000e+02	-2.158192999999999917e-01	-1.035168662087730326e-02	-4.586601330894789913e-02
3.400000000000000000e+02	-2.177396000000000054e-01	-1.044048855850107128e-02	-4.506602872447269814e-02
3.410000000000000000e+02	-2.190262000000000042e-01	-1.052772137362899783e-02	-4.425925205388663713e-02
3.420000000000000000e+02	-2.197118999999999878e-01	-1.061337191904555138e-02	-4.344580488981233252e-02
3.430000000000000000e+02	-2.205188999999999899e-01	-1.069742728600559314e-02	-4.262580983020963776e-02
3.440000000000000000e+02	-2.218050000000000022e-01	-1.077987480617984689e-02	-4.179939045989880531e-02
3.450000000000000000e+02	-2.234184999999999921e-01	-1.086070205356424664e-02	-4.096667133193414301e-02
3.460000000000000000e+02	-2.254429000000000016e-01	-1.093989684635266607e-02	-4.012777794883245347e-02
3.470000000000000000e+02	-2.271559999999999968e-01	-1.101744724877292553e-02	-3.928283674365773415e-02
3.480000000000000000e+02	-2.285468999999999973e-01	-1.109334157288566387e-02	-3.843197506096603794e-02
3.490000000000000000e+02	-2.296260999999999997e-01	-1.116756838034586516e-02	-3.757532113761308246e-02
3.500000000000000000e+02	-2.307958999999999983e-01	-1.124011648412680774e-02	-3.671300408342666188e-02
3.510000000000000000e+02	-2.316087000000000007e-01	-1.131097495020606976e-02	-3.584515386174855212e-02
3.520000000000000000e+02	-2.323121999999999965e-01	-1.138013309921347485e-02	-3.497190126984667941e-02
3.530000000000000000e+02	-2.330384999999999818e-01	-1.144758050804061192e-02	-3.409337791920237504e-02
3.540000000000000000e+02	-2.337054000000000076e-01	-1.151330701141172787e-02	-3.320971621567482546e-02
3.550000000000000000e+02	-2.346291999999999822e-01	-1.157730270341580936e-02	-3.232104933954522280e-02
3.560000000000000000e+02	-2.352962999999999860e-01	-1.163955793899950665e-02	-3.142751122544510528e-02
3.570000000000000000e+02	-2.364509999999999945e-01	-1.170006333542082146e-02	-3.052923654217001154e-02
3.580000000000000000e+02	-2.375446999999999975e-01	-1.175880977366317547e-02	-2.962636067238354209e-02
3.590000000000000000e+02	-2.392827999999999899e-01	-1.181578839980980573e-02	-2.871901969221277162e-02
3.600000000000000000e+02	-2.410889999999999977e-01	-1.187099062637816949e-02	-2.780735035073989697e-02
3.610000000000000000e+02	-2.425416999999999990e-01	-1.192440813361417447e-02	-2.689149004939240736e-02
3.620000000000000000e+02	-2.433417999999999970e-01	-1.197603287074612728e-02	-2.597157682123427819e-02
3.630000000000000000e+02	-2.432031999999999805e-01	-1.202585705719804929e-02	-2.504774931016298667e-02
3.640000000000000000e+02	-2.430589999999999973e-01	-1.207387318376236182e-02	-2.412014675001338329e-02
3.650000000000000000e+02	-2.437090999999999841e-01	-1.212007401373159550e-02	-2.318890894357371335e-02
3.660000000000000000e+02	-2.445939000000000030e-01	-1.216445258398909240e-02	-2.225417624151492316e-02
3.670000000000000000e+02	-2.458569999999999922e-01	-1.220700220605843225e-02	-2.131608952123800749e-02
3.680000000000000000e+02	-2.469084000000000001e-01	-1.224771646711146807e-02	-2.037479016564201079e-02
3.690000000000000000e+02	-2.473392999999999842e-01	-1.228658923093486205e-02	-1.943042004181516624e-02
3.700000000000000000e+02	-2.478265999999999802e-01	-1.232361463885485800e-02	-1.848312147965404731e-02
3.710000000000000000e+02	-2.483001999999999987e-01	-1.235878711062030934e-02	-1.753303725041192168e-02
3.720000000000000000e+02	-2.486484999999999945e-01	-1.239210134524366611e-02	-1.658031054518164724e-02
3.730000000000000000e+02	-2.487386000000000041e-01	-1.242355232179992788e-02	-1.562508495331427216e-02
3.740000000000000000e+02	-2.488386999999999960e-01	-1.245313530018337007e-02	-1.466750444077830236e-02
3.750000000000000000e+02	-2.485326999999999953e-01	-1.248084582182192384e-02	-1.370771332846221040e-02
3.760000000000000000e+02	-2.477584999999999926e-01	-1.250667971034917156e-02	-1.274585627042275349e-02
3.770000000000000000e+02	-2.471035000000000037e-01	-1.253063307223376520e-02	-1.178207823208412761e-02
3.780000000000000000e+02	-2.472135000000000027e-01	-1.255270229736624686e-02	-1.081652446838913748e-02
3.790000000000000000e+02	-2.475832000000000033e-01	-1.257288405960313785e-02	-9.849340501907449461e-03
3.800000000000000000e+02	-2.479350999999999916e-01	-1.259117531726824252e-02	-8.880672100903486132e-03
3.810000000000000000e+02	-2.486904999999999810e-01	-1.260757331361105765e-02	-7.910665257366607944e-03
3.820000000000000000e+02	-2.492549000000000015e-01	-1.262207557722227168e-02	-6.939466165008624857e-03
3.830000000000000000e+02	-2.490355999999999959e-01	-1.263467992240622541e-02	-5.967221197229775898e-03
3.840000000000000000e+02	-2.483800999999999926e-01	-1.264538444951033604e-02	-4.994076885058758991e-03
3.850000000000000000e+02	-2.475935999999999970e-01	-1.265418754521140110e-02	-4.020179895067943834e-03
3.860000000000000000e+02	-2.470961999999999881e-01	-1.266108788275874426e-02	-3.045677007268862268e-03
3.870000000000000000e+02	-2.470264999999999822e-01	-1.266608442217418036e-02	-2.070715092990602947e-03
3.880000000000000000e+02	-2.470765000000000045e-01	-1.266917641040874939e-02	-1.095441092743737552e-03
3.890000000000000000e+02	-2.469802999999999860e-01	-1.267036338145621777e-02	-1.200019940748757111e-04
3.900000000000000000e+02	-2.472666000000000031e-01	-1.266964515642331028e-02	8.554551905869940773e-04
3.910000000000000000e+02	-2.474725999999999870e-01	-1.266702184355666602e-02	1.830783446086786757e-03
3.920000000000000000e+02	-2.477303999999999895e-01	-1.266249383822653368e-02	2.805835776701072395e-03
3.930000000000000000e+02	-2.478022000000000002e-01	-1.265606182286717514e-02	3.780465228292192656e-03
3.940000000000000000e+02	-2.473370000000000013e-01	-1.264772676687401891e-02	4.754524910456109366e-03
3.950000000000000000e+02	-2.466073000000000015e-01	-1.263748992645755305e-02	5.727868018661355989e-03
3.960000000000000000e+02	-2.459944000000000019e-01	-1.262535284445400613e-02	6.700347856373986208e-03
3.970000000000000000e+02	-2.450483999999999996e-01	-1.261131735009280753e-02	7.671817857167301594e-03
3.980000000000000000e+02	-2.439079999999999859e-01	-1.259538555872090348e-02	8.642131606811272182e-03
3.990000000000000000e+02	-2.428704999999999892e-01	-1.257755987148394781e-02	9.611142865339006650e-03
4.000000000000000000e+02	-2.421892999999999962e-01	-1.255784297496440743e-02	1.057870558908768216e-02
4.010000000000000000e+02	-2.414300999999999808e-01	-1.253623784077666399e-02	1.154467395270881297e-02
4.020000000000000000e+02	-2.412414999999999976e-01	-1.251274772511914123e-02	1.250890237114674758e-02
4.030000000000000000e+02	-2.409245999999999888e-01	-1.248737616828356212e-02	1.347124552157983809e-02
4.040000000000000000e+02	-2.403543999999999958e-01	-1.246012699412136354e-02	1.443155836532311956e-02
4.050000000000000000e+02	-2.390666999999999931e-01	-1.243100430946739339e-02	1.538969616968748066e-02
4.060000000000000000e+02	-2.376463000000000048e-01	-1.240001250352096469e-02	1.634551452979271166e-02
4.070000000000000000e+02	-2.363277000000000017e-01	-1.236715624718431189e-02	1.729886939033183774e-02
4.080000000000000000e+02	-2.349234000000000044e-01	-1.233244049235865565e-02	1.824961706728174538e-02
4.090000000000000000e+02	-2.336373999999999951e-01	-1.229587047119785372e-02	1.919761426955891859e-02
4.100000000000000000e+02	-2.323672999999999988e-01	-1.225745169531985632e-02	2.014271812061490738e-02
4.110000000000000000e+02	-2.314998000000000056e-01	-1.221718995497602170e-02	2.108478617997029680e-02
4.120000000000000000e+02	-2.308553999999999884e-01	-1.217509131817844092e-02	2.202367646468228121e-02
4.130000000000000000e+02	-2.304004999999999803e-01	-1.213116212978541768e-02	2.295924747074332833e-02
4.140000000000000000e+02	-2.298656000000000033e-01	-1.208540901054518460e-02	2.389135819440826869e-02
4.150000000000000000e+02	-2.290955000000000075e-01	-1.203783885609809208e-02	2.481986815344503633e-02
4.160000000000000000e+02	-2.279972999999999861e-01	-1.198845883593730420e-02	2.574463740830782582e-02
4.170000000000000000e+02	-2.268207999999999891e-01	-1.193727639232829152e-02	2.666552658322745087e-02
4.180000000000000000e+02	-2.252558999999999811e-01	-1.188429923918714846e-02	2.758239688721770069e-02
4.190000000000000000e+02	-2.235474000000000072e-01	-1.182953536091800074e-02	2.849511013499288203e-02
4.200000000000000000e+02	-2.219681000000000015e-01	-1.177299301120966930e-02	2.940352876779410429e-02
4.210000000000000000e+02	-2.206642999999999799e-01	-1.171468071179168104e-02	3.030751587412180287e-02
4.220000000000000000e+02	-2.195426000000000044e-01	-1.165460725114996626e-02	3.120693521036965734e-02
4.230000000000000000e+02	-2.187250000000000028e-01	-1.159278168320227766e-02	3.210165122135894694e-02
4.240000000000000000e+02	-2.179612999999999967e-01	-1.152921332593364635e-02	3.299152906076837505e-02
4.250000000000000000e+02	-2.168905999999999890e-01	-1.146391175999204870e-02	3.387643461145716656e-02
4.260000000000000000e+02	-2.151026999999999800e-01	-1.139688682724443458e-02	3.475623450567881523e-02
4.270000000000000000e+02	-2.129717999999999889e-01	-1.132814862929345558e-02	3.563079614518101235e-02
4.280000000000000000e+02	-2.110036999999999885e-01	-1.125770752595497103e-02	3.649998772119057017e-02
4.290000000000000000e+02	-2.085940000000000016e-01	-1.118557413369672057e-02	3.736367823427833024e-02
4.300000000000000000e+02	-2.067694999999999950e-01	-1.111175932403823431e-02	3.822173751410311293e-02
4.310000000000000000e+02	-2.045449000000000017e-01	-1.103627422191235698e-02	3.907403623902998974e-02
4.320000000000000000e+02	-2.024301000000000017e-01	-1.095913020398858566e-02	3.992044595562072723e-02
4.330000000000000000e+02	-2.006770999999999971e-01	-1.088033889695839800e-02	4.076083909799394639e-02
4.340000000000000000e+02	-1.989072999999999813e-01	-1.079991217578299585e-02	4.159508900705061185e-02
4.350000000000000000e+02	-1.973789999999999989e-01	-1.071786216190353559e-02	4.242306994956382415e-02
4.360000000000000000e+02	-1.953268999999999977e-01	-1.063420122141430293e-02	4.324465713712812714e-02
4.370000000000000000e+02	-1.935040999999999844e-01	-1.054894196319891911e-02	4.405972674496726887e-02
4.380000000000000000e+02	-1.918967000000000034e-01	-1.046209723703003455e-02	4.486815593059620411e-02
4.390000000000000000e+02	-1.898989999999999845e-01	-1.037368013163269750e-02	4.566982285233497918e-02
4.400000000000000000e+02	-1.876779999999999837e-01	-1.028370397271165596e-02	4.646460668767242452e-02
4.410000000000000000e+02	-1.850930999999999826e-01	-1.019218232094303705e-02	4.725238765147530412e-02
4.420000000000000000e+02	-1.825989999999999835e-01	-1.009912896993051847e-02	4.803304701404208926e-02
4.430000000000000000e+02	-1.803220999999999852e-01	-1.000455794412645309e-02	4.880646711899699203e-02
4.440000000000000000e+02	-1.789564999999999906e-01	-9.908483496718212616e-03	4.957253140102225314e-02
4.450000000000000000e+02	-1.780149000000000037e-01	-9.810920107479982263e-03	5.033112440342661642e-02
4.460000000000000000e+02	-1.770633999999999819e-01	-9.711882480590501229e-03	5.108213179554580569e-02
4.470000000000000000e+02	-1.752444999999999975e-01	-9.611385542416889249e-03	5.182544038997421304e-02
4.480000000000000000e+02	-1.726239999999999997e-01	-9.509444439265091892e-03	5.256093815962340626e-02
4.490000000000000000e+02	-1.699413999999999925e-01	-9.406074535097053851e-03	5.328851425460658792e-02
4.500000000000000000e+02	-1.674821999999999977e-01	-9.301291409215190972e-03	5.400805901894500938e-02
4.510000000000000000e+02	-1.652105999999999852e-01	-9.195110853914379573e-03	5.471946400709460506e-02
4.520000000000000000e+02	-1.629591999999999985e-01	-9.087548872101789202e-03	5.542262200029056396e-02
4.530000000000000000e+02	-1.603659999999999808e-01	-8.978621674885082712e-03	5.611742702270632738e-02
4.540000000000000000e+02	-1.578071999999999808e-01	-8.868345679129098144e-03	5.680377435742603454e-02
4.550000000000000000e+02	-1.551759000000000055e-01	-8.756737504981678549e-03	5.748156056222644694e-02
4.560000000000000000e+02	-1.529495999999999911e-01	-8.643813973368705272e-03	5.815068348516749808e-02
4.570000000000000000e+02	-1.506877999999999829e-01	-8.529592103458985206e-03	5.881104227998786710e-02
4.580000000000000000e+02	-1.485217000000000065e-01	-8.414089110099241819e-03	5.946253742130382103e-02
4.590000000000000000e+02	-1.463171000000000055e-01	-8.297322401219537832e-03	6.010507071960937558e-02
4.600000000000000000e+02	-1.434792000000000012e-01	-8.179309575209719324e-03	6.073854533607452727e-02
4.610000000000000000e+02	-1.405026000000000053e-01	-8.060068418267032214e-03	6.136286579714048117e-02
4.620000000000000000e+02	-1.371852000000000071e-01	-7.939616901715523464e-03	6.197793800890881444e-02
4.630000000000000000e+02	-1.341152999999999929e-01	-7.817973179297520170e-03	6.258366927132254232e-02
4.640000000000000000e+02	-1.311733999999999956e-01	-7.695155584437558642e-03	6.317996829213763654e-02
4.650000000000000000e+02	-1.289553999999999978e-01	-7.571182627479342009e-03	6.376674520068180418e-02
4.660000000000000000e+02	-1.267263000000000139e-01	-7.446072992895901542e-03	6.434391156139944445e-02
4.670000000000000000e+02	-1.244045999999999902e-01	-7.319845536473650396e-03	6.491138038717998715e-02
4.680000000000000000e+02	-1.221055999999999947e-01	-7.192519282470494560e-03	6.546906615246816941e-02
4.690000000000000000e+02	-1.197437999999999975e-01	-7.064113420748626380e-03	6.601688480615397481e-02
4.700000000000000000e+02	-1.170677999999999996e-01	-6.934647303882381444e-03	6.655475378424016708e-02
4.710000000000000000e+02	-1.142964999999999953e-01	-6.804140444241458911e-03	6.708259202228603058e-02
4.720000000000000000e+02	-1.117755999999999889e-01	-6.672612511050208736e-03	6.760031996762473627e-02
4.730000000000000000e+02	-1.087614999999999971e-01	-6.540083327423128028e-03	6.810785959135332024e-02
4.740000000000000000e+02	-1.057456999999999980e-01	-6.406572867377315073e-03	6.860513440009237407e-02
4.750000000000000000e+02	-1.030453199999999958e-01	-6.272101252822034553e-03	6.909206944751503099e-02
4.760000000000000000e+02	-9.998665999999999110e-02	-6.136688750526089579e-03	6.956859134564226388e-02
4.770000000000000000e+02	-9.737778999999999185e-02	-6.000355769063366561e-03	7.003462827590341278e-02
4.780000000000000000e+02	-9.474535999999998681e-02	-5.863122855736903338e-03	7.049010999996044302e-02
4.790000000000000000e+02	-9.233233999999999886e-02	-5.725010693482202213e-03	7.093496787029367201e-02
4.800000000000000000e+02	-8.957984999999998865e-02	-5.586040097749950077e-03	7.136913484054807633e-02
4.810000000000000000e+02	-8.671187999999999119e-02	-5.446232013368863811e-03	7.179254547563808375e-02
4.820000000000000000e+02	-8.357861999999999236e-02	-5.305607511389043469e-03	7.220513596160937908e-02
4.830000000000000000e+02	-7.967283999999999478e-02	-5.164187785906192325e-03	7.260684411525691884e-02
4.840000000000000000e+02	-7.616959999999999009e-02	-5.021994150867454057e-03	7.299760939349643485e-02
4.850000000000000000e+02	-7.281989999999999297e-02	-4.879048036859015385e-03	7.337737290248945443e-02
4.860000000000000000e+02	-6.982174999999998799e-02	-4.735370987876298156e-03	7.374607740651917265e-02
4.870000000000000000e+02	-6.692869999999999375e-02	-4.590984658076899608e-03	7.410366733661691296e-02
4.880000000000000000e+02	-6.382445999999999953e-02	-4.445910808517042345e-03	7.445008879893699749e-02
4.890000000000000000e+02	-6.137198999999999433e-02	-4.300171303871902669e-03	7.478528958287931905e-02
4.900000000000000000e+02	-5.866477999999999277e-02	-4.153788109140225775e-03	7.510921916895831052e-02
4.910000000000000000e+02	-5.558085999999999582e-02	-4.006783286333972030e-03	7.542182873641682661e-02
4.920000000000000000e+02	-5.268500999999999046e-02	-3.859178991153178195e-03	7.572307117058423021e-02
4.930000000000000000e+02	-4.942781999999999037e-02	-3.710997469646864534e-03	7.601290106997715679e-02
4.940000000000000000e+02	-4.673155999999999144e-02	-3.562261054860166049e-03	7.629127475314219364e-02
4.950000000000000000e+02	-4.397044999999999426e-02	-3.412992163468464568e-03	7.655815026523930811e-02
4.960000000000000000e+02	-4.108105999999999564e-02	-3.263213292398903752e-03	7.681348738436495627e-02
4.970000000000000000e+02	-3.863789999999999586e-02	-3.112947015439717670e-03	7.705724762761420599e-02
4.980000000000000000e+02	-3.583272999999999320e-02	-2.962215979838123212e-03	7.728939425688054199e-02
4.990000000000000000e+02	-3.282322999999999491e-02	-2.811042902886976263e-03	7.750989228439290890e-02
5.000000000000000000e+02	-3.000857999999999304e-02	-2.659450568501042517e-03	7.771870847798875714e-02
5.010000000000000000e+02	-2.745496999999999521e-02	-2.507461823783063790e-03	7.791581136612273084e-02
5.020000000000000000e+02	-2.510488999999999429e-02	-2.355099575580407376e-03	7.810117124260981813e-02
5.030000000000000000e+02	-2.240164999999999518e-02	-2.202386787032717830e-03	7.827476017110235329e-02
5.040000000000000000e+02	-1.933403999999999331e-02	-2.049346474110970168e-03	7.843655198930070405e-02
5.050000000000000000e+02	-1.602436999999999612e-02	-1.896001702148724386e-03	7.858652231289600665e-02
5.060000000000000000e+02	-1.279826399999999323e-02	-1.742375582365779515e-03	7.872464853924543426e-02
5.070000000000000000e+02	-9.392515999999993120e-03	-1.588491268385019105e-03	7.885090985077863879e-02
5.080000000000000000e+02	-6.203690999999993821e-03	-1.434371952742866628e-03	7.896528721813525498e-02
5.090000000000000000e+02	-3.590101599999993755e-03	-1.280040863393765854e-03	7.906776340303292572e-02
5.100000000000000000e+02	-2.744899999999935586e-04	-1.125521260209489576e-03	7.915832296086530717e-02
5.110000000000000000e+02	3.292176000000006028e-03	-9.708364314734597034e-04	7.923695224302987339e-02
