0.000000000000000000e+00	2.917794999999999417e-02	6.376476385400613775e-05	1.173321663718313868e-01
1.000000000000000000e+00	3.407613999999999088e-02	2.929180683890323690e-04	1.173178731527523139e-01
2.000000000000000000e+00	3.886719999999999064e-02	5.220262055700639883e-04	1.172859155816822208e-01
3.000000000000000000e+00	4.381881999999999444e-02	7.510546789757936888e-04	1.172362984704180822e-01
4.000000000000000000e+00	4.871932999999999125e-02	9.799690041797527035e-04	1.171690292897236418e-01
5.000000000000000000e+00	5.371517999999999432e-02	1.208734713942572316e-03	1.170841181682046872e-01
6.000000000000000000e+00	6.087194999999999412e-02	1.437317363401656879e-03	1.169815778907838943e-01
7.000000000000000000e+00	6.530992999999998827e-02	1.665682535257489083e-03	1.168614238967758817e-01
8.000000000000000000e+00	6.740830999999998518e-02	1.893795844955782626e-03	1.167236742775625280e-01
9.000000000000000000e+00	7.198868999999999407e-02	2.121622945864706962e-03	1.165683497738689706e-01
1.000000000000000000e+01	7.639063999999999577e-02	2.349129534446399610e-03	1.163954737726406868e-01
1.100000000000000000e+01	8.093305999999998723e-02	2.576281355421994063e-03	1.162050723035222555e-01
1.200000000000000000e+01	8.563158999999999355e-02	2.803044206929375306e-03	1.159971740349379776e-01
1.300000000000000000e+01	9.037294999999999356e-02	3.029383945672898572e-03	1.157718102697754686e-01
1.400000000000000000e+01	9.495359999999998524e-02	3.255266492064285734e-03	1.155290149406723033e-01
1.500000000000000000e+01	9.913799999999999002e-02	3.480657835353930408e-03	1.152688246049069359e-01
1.600000000000000000e+01	1.035413999999999918e-01	3.705524038751840683e-03	1.149912784388942705e-01
1.700000000000000000e+01	1.075639999999999930e-01	3.929831244537441461e-03	1.146964182322870035e-01
1.800000000000000000e+01	1.116476999999999886e-01	4.153545679157472255e-03	1.143842883816833106e-01
1.900000000000000000e+01	1.154004999999999892e-01	4.376633658311218471e-03	1.140549358839422489e-01
2.000000000000000000e+01	1.187920999999999977e-01	4.599061592022294677e-03	1.137084103291074594e-01
2.100000000000000000e+01	1.220394999999999952e-01	4.820795989696233068e-03	1.133447638929405005e-01
2.200000000000000000e+01	1.258077999999999974e-01	5.041803465163100829e-03	1.129640513290647713e-01
2.300000000000000000e+01	1.305064999999999975e-01	5.262050741704405246e-03	1.125663299607214674e-01
2.400000000000000000e+01	1.351986000000000021e-01	5.481504657063505925e-03	1.121516596721384013e-01
2.500000000000000000e+01	1.397531999999999941e-01	5.700132168438802951e-03	1.117201028995134376e-01
2.600000000000000000e+01	1.438880999999999910e-01	5.917900357458934224e-03	1.112717246216134714e-01
2.700000000000000000e+01	1.479389999999999872e-01	6.134776435139239516e-03	1.108065923499907818e-01
2.800000000000000000e+01	1.515384999999999927e-01	6.350727746818737515e-03	1.103247761188178994e-01
2.900000000000000000e+01	1.555528999999999940e-01	6.565721777076890739e-03	1.098263484743426666e-01
3.000000000000000000e+01	1.597532999999999870e-01	6.779726154629386360e-03	1.093113844639651000e-01
3.100000000000000000e+01	1.638007999999999964e-01	6.992708657202237332e-03	1.087799616249375684e-01
3.200000000000000000e+01	1.675434999999999841e-01	7.204637216383423179e-03	1.082321599726902561e-01
3.300000000000000000e+01	1.717346999999999901e-01	7.415479922451383502e-03	1.076680619887832729e-01
3.400000000000000000e+01	1.760497999999999785e-01	7.625205029179611335e-03	1.070877526084875464e-01
3.500000000000000000e+01	1.806798000000000015e-01	7.833780958616618634e-03	1.064913192079963572e-01
3.600000000000000000e+01	1.850996999999999781e-01	8.041176305840591274e-03	1.058788515912691824e-01
3.700000000000000000e+01	1.895475999999999828e-01	8.247359843687953815e-03	1.052504419765100813e-01
3.800000000000000000e+01	1.934527999999999803e-01	8.452300527455209114e-03	1.046061849822825102e-01
3.900000000000000000e+01	1.967922000000000005e-01	8.655967499573273896e-03	1.039461776132628718e-01
4.000000000000000000e+01	2.000192999999999832e-01	8.858330094253656292e-03	1.032705192456346011e-01
4.100000000000000000e+01	2.032922999999999814e-01	9.059357842105750236e-03	1.025793116121252874e-01
4.200000000000000000e+01	2.065499999999999836e-01	9.259020474724559760e-03	1.018726587866889688e-01
4.300000000000000000e+01	2.095396999999999954e-01	9.457287929248155839e-03	1.011506671688358616e-01
4.400000000000000000e+01	2.132119999999999849e-01	9.654130352884199642e-03	1.004134454676119947e-01
4.500000000000000000e+01	2.171550999999999898e-01	9.849518107404814024e-03	9.966110468523106669e-02
4.600000000000000000e+01	2.206577999999999873e-01	1.004342177360918568e-02	9.889375810036099557e-02
4.700000000000000000e+01	2.242995999999999879e-01	1.023581215575312779e-02	9.811152125106786803e-02
4.800000000000000000e+01	2.277208000000000010e-01	1.042666028594506356e-02	9.731451191741935514e-02
4.900000000000000000e+01	2.313848000000000016e-01	1.061593742850765708e-02	9.650285010375098116e-02
5.000000000000000000e+01	2.346632999999999913e-01	1.080361508430449820e-02	9.567665802059716063e-02
5.100000000000000000e+01	2.381584999999999952e-01	1.098966499503117693e-02	9.483606006629019536e-02
5.200000000000000000e+01	2.408089999999999953e-01	1.117405914747007269e-02	9.398118280822981285e-02
5.300000000000000000e+01	2.436211999999999822e-01	1.135676977770826851e-02	9.311215496382617418e-02
5.400000000000000000e+01	2.467958999999999847e-01	1.153776937531791717e-02	9.222910738111902984e-02
5.500000000000000000e+01	2.523132999999999626e-01	1.171703068749842605e-02	9.133217301907625707e-02
5.600000000000000000e+01	2.544480000000000075e-01	1.189452672317987958e-02	9.042148692757440154e-02
5.700000000000000000e+01	2.584701999999999833e-01	1.207023075708703493e-02	8.949718622706441529e-02
5.800000000000000000e+01	2.624556000000000111e-01	1.224411633376329585e-02	8.855941008792571345e-02
5.900000000000000000e+01	2.658608999999999556e-01	1.241615727155406280e-02	8.760829970951153345e-02
6.000000000000000000e+01	2.705646999999999913e-01	1.258632766654887818e-02	8.664399829888871918e-02
6.100000000000000000e+01	2.732177000000000078e-01	1.275460189648170914e-02	8.566665104927539964e-02
6.200000000000000000e+01	2.744948000000000388e-01	1.292095462458887033e-02	8.467640511817937921e-02
6.300000000000000000e+01	2.768998000000000292e-01	1.308536080342392535e-02	8.367340960524093096e-02
6.400000000000000000e+01	2.811565999999999788e-01	1.324779567862903636e-02	8.265781552978307412e-02
6.500000000000000000e+01	2.826887000000000150e-01	1.340823479266219434e-02	8.162977580807297129e-02
6.600000000000000000e+01	2.856031999999999460e-01	1.356665398847974220e-02	8.058944523029745732e-02
6.700000000000000000e+01	2.884044999999999526e-01	1.372302941317366312e-02	7.953698043725657141e-02
6.800000000000000000e+01	2.917058000000000151e-01	1.387733752156307225e-02	7.847253989677849262e-02
6.900000000000000000e+01	2.947910000000000252e-01	1.402955507973937047e-02	7.739628387985925118e-02
7.000000000000000000e+01	2.978984000000000076e-01	1.417965916856454150e-02	7.630837443653096241e-02
7.100000000000000000e+01	3.007149000000000072e-01	1.432762718712204085e-02	7.520897537146230272e-02
7.200000000000000000e+01	3.029235999999999596e-01	1.447343685611977675e-02	7.409825221929468297e-02
7.300000000000000000e+01	3.059469000000000216e-01	1.461706622124467163e-02	7.297637221971801924e-02
7.400000000000000000e+01	3.064888000000000057e-01	1.475849365646828178e-02	7.184350429228965329e-02
7.500000000000000000e+01	3.080618999999999996e-01	1.489769786730299472e-02	7.069981901100050314e-02
7.600000000000000000e+01	3.104734000000000105e-01	1.503465789400829263e-02	6.954548857859201016e-02
7.700000000000000000e+01	3.133236000000000354e-01	1.516935311474664101e-02	6.838068680062785176e-02
7.800000000000000000e+01	3.167689000000000199e-01	1.530176324868847033e-02	6.720558905932430549e-02
7.900000000000000000e+01	3.201967999999999481e-01	1.543186835906583398e-02	6.602037228714331685e-02
8.000000000000000000e+01	3.229341999999999491e-01	1.555964885617425186e-02	6.482521494015205943e-02
8.100000000000000000e+01	3.244472000000000467e-01	1.568508550032228846e-02	6.362029697115305360e-02
8.200000000000000000e+01	3.264040000000000274e-01	1.580815940472846473e-02	6.240579980258906950e-02
8.300000000000000000e+01	3.284797000000000411e-01	1.592885203836498162e-02	6.118190629922654750e-02
8.400000000000000000e+01	3.304993999999999987e-01	1.604714522874791521e-02	5.994880074062206021e-02
8.500000000000000000e+01	3.323399000000000214e-01	1.616302116467343425e-02	5.870666879337565341e-02
8.600000000000000000e+01	3.341904999999999459e-01	1.627646239889956811e-02	5.745569748317525677e-02
8.700000000000000000e+01	3.361195000000000155e-01	1.638745185077323738e-02	5.619607516663663316e-02
8.800000000000000000e+01	3.378065999999999569e-01	1.649597280880204034e-02	5.492799150294279398e-02
8.900000000000000000e+01	3.409022999999999914e-01	1.660200893317049023e-02	5.365163742528737678e-02
9.000000000000000000e+01	3.419330999999999898e-01	1.670554425820026598e-02	5.236720511212607232e-02
9.100000000000000000e+01	3.442146999999999846e-01	1.680656319475412261e-02	5.107488795824077776e-02
9.200000000000000000e+01	3.471260000000000456e-01	1.690505053258314905e-02	4.977488054562038966e-02
9.300000000000000000e+01	3.485281999999999547e-01	1.700099144261693271e-02	4.846737861416292731e-02
9.400000000000000000e+01	3.491655000000000175e-01	1.709437147919633249e-02	4.715257903220332336e-02
9.500000000000000000e+01	3.490579000000000320e-01	1.718517658224858261e-02	4.583067976687131562e-02
9.600000000000000000e+01	3.493461999999999401e-01	1.727339307940423466e-02	4.450187985428386006e-02
9.700000000000000000e+01	3.498582999999999554e-01	1.735900768805584068e-02	4.316637936957651994e-02
9.800000000000000000e+01	3.508316000000000212e-01	1.744200751735784649e-02	4.182437939677865341e-02
9.900000000000000000e+01	3.524507000000000057e-01	1.752238007016757373e-02	4.047608199853643118e-02
1.000000000000000000e+02	3.549327999999999372e-01	1.760011324492687448e-02	3.912169018568860401e-02
1.010000000000000000e+02	3.566353999999999358e-01	1.767519533748425700e-02	3.776140788669956477e-02
1.020000000000000000e+02	3.571187999999999585e-01	1.774761504285714969e-02	3.639543991695412539e-02
1.030000000000000000e+02	3.573899999999999855e-01	1.781736145693408116e-02	3.502399194791886577e-02
1.040000000000000000e+02	3.586477000000000137e-01	1.788442407811648496e-02	3.364727047617451644e-02
1.050000000000000000e+02	3.592277999999999860e-01	1.794879280889991047e-02	3.226548279232403782e-02
1.060000000000000000e+02	3.601632000000000167e-01	1.801045795739439348e-02	3.087883694978139221e-02
1.070000000000000000e+02	3.610324999999999784e-01	1.806941023878373687e-02	2.948754173344517865e-02
1.080000000000000000e+02	3.612956999999999974e-01	1.812564077672352073e-02	2.809180662826225860e-02
1.090000000000000000e+02	3.610811999999999911e-01	1.817914110467758887e-02	2.669184178768600410e-02
1.100000000000000000e+02	3.614034999999999886e-01	1.822990316719283813e-02	2.528785800203381395e-02
1.110000000000000000e+02	3.628308999999999562e-01	1.827791932111213005e-02	2.388006666674882816e-02
1.120000000000000000e+02	3.648430000000000284e-01	1.832318233672509608e-02	2.246867975057034034e-02
1.130000000000000000e+02	3.668015999999999499e-01	1.836568539885670773e-02	2.105390976361822680e-02
1.140000000000000000e+02	3.677076000000000233e-01	1.840542210789341063e-02	1.963596972539551413e-02
1.150000000000000000e+02	3.680386999999999409e-01	1.844238648074672873e-02	1.821507313271444883e-02
1.160000000000000000e+02	3.672649999999999526e-01	1.847657295175411316e-02	1.679143392755062802e-02
1.170000000000000000e+02	3.657738000000000378e-01	1.850797637351695238e-02	1.536526646483015075e-02
1.180000000000000000e+02	3.655465999999999438e-01	1.853659201767560855e-02	1.393678548015454301e-02
1.190000000000000000e+02	3.662303000000000086e-01	1.856241557562136532e-02	1.250620605746832759e-02
1.200000000000000000e+02	3.671350999999999365e-01	1.858544315914517284e-02	1.107374359667432154e-02
1.210000000000000000e+02	3.680343000000000364e-01	1.860567130102305788e-02	9.639613781201159318e-03
1.220000000000000000e+02	3.683165000000000466e-01	1.862309695553822017e-02	8.204032545528221546e-03
1.230000000000000000e+02	3.679523999999999573e-01	1.863771749893958565e-02	6.767216042672752861e-03
1.240000000000000000e+02	3.669025999999999677e-01	1.864953072983688287e-02	5.329380611644068608e-03
1.250000000000000000e+02	3.668793999999999667e-01	1.865853486953209309e-02	3.890742744869786929e-03
1.260000000000000000e+02	3.671113999999999766e-01	1.866472856228726385e-02	2.451519055598831189e-03
1.270000000000000000e+02	3.669803000000000370e-01	1.866811087552864429e-02	1.011926245286493605e-03
1.280000000000000000e+02	3.660276000000000085e-01	1.866868129998709713e-02	-4.278189290340319445e-04
1.290000000000000000e+02	3.647816999999999865e-01	1.866643974977479081e-02	-1.867499687388364440e-03
1.300000000000000000e+02	3.633484000000000158e-01	1.866138656239811622e-02	-3.306899259501124011e-03
1.310000000000000000e+02	3.623385999999999552e-01	1.865352249870686971e-02	-4.745800917434663500e-03
1.320000000000000000e+02	3.624678000000000067e-01	1.864284874277970933e-02	-6.183988008221398894e-03
1.330000000000000000e+02	3.628649000000000457e-01	1.862936690174584603e-02	-7.621243986484980276e-03
1.340000000000000000e+02	3.636376999999999526e-01	1.861307900554308795e-02	-9.057352447045001129e-03
1.350000000000000000e+02	3.636684999999999501e-01	1.859398750661217514e-02	-1.049209715750086709e-02
1.360000000000000000e+02	3.629839999999999733e-01	1.857209527952752293e-02	-1.192526209078950857e-02
1.370000000000000000e+02	3.619232000000000005e-01	1.854740562056441180e-02	-1.335663145771220917e-02
1.380000000000000000e+02	3.593013999999999930e-01	1.851992224720267269e-02	-1.478598973942561734e-02
1.390000000000000000e+02	3.585312999999999972e-01	1.848964929756693326e-02	-1.621312171989201800e-02
1.400000000000000000e+02	3.574819999999999665e-01	1.845659132980356776e-02	-1.763781251828416483e-02
1.410000000000000000e+02	3.572140000000000315e-01	1.842075332139437790e-02	-1.905984762133934238e-02
1.420000000000000000e+02	3.564441999999999888e-01	1.838214066840715075e-02	-2.047901291565838722e-02
1.430000000000000000e+02	3.557261999999999924e-01	1.834075918468315580e-02	-2.189509471994433368e-02
1.440000000000000000e+02	3.546669999999999545e-01	1.829661510096179319e-02	-2.330787981717605609e-02
1.450000000000000000e+02	3.530335000000000001e-01	1.824971506394243437e-02	-2.471715548671196694e-02
1.460000000000000000e+02	3.520430999999999422e-01	1.820006613528362890e-02	-2.612270953631902135e-02
1.470000000000000000e+02	3.508746000000000365e-01	1.814767579053985086e-02	-2.752433033412219135e-02
1.480000000000000000e+02	3.495831999999999828e-01	1.809255191803592344e-02	-2.892180684046939676e-02
1.490000000000000000e+02	3.478451999999999655e-01	1.803470281767927119e-02	-3.031492863970747589e-02
1.500000000000000000e+02	3.452865999999999991e-01	1.797413719971023560e-02	-3.170348597186407186e-02
1.510000000000000000e+02	3.420967000000000313e-01	1.791086418339057559e-02	-3.308726976423086857e-02
1.520000000000000000e+02	3.394557999999999742e-01	1.784489329563039919e-02	-3.446607166284328810e-02
1.530000000000000000e+02	3.373361999999999750e-01	1.777623446955372069e-02	-3.583968406385196204e-02
1.540000000000000000e+02	3.361701999999999746e-01	1.770489804300283063e-02	-3.720790014478139035e-02
1.550000000000000000e+02	3.352983999999999964e-01	1.763089475698175965e-02	-3.857051389567071886e-02
1.560000000000000000e+02	3.348181000000000074e-01	1.755423575403902356e-02	-3.992732015009239910e-02
1.570000000000000000e+02	3.329575999999999647e-01	1.747493257658988899e-02	-4.127811461604369292e-02
1.580000000000000000e+02	3.303414000000000073e-01	1.739299716517848926e-02	-4.262269390670661573e-02
1.590000000000000000e+02	3.257813999999999988e-01	1.730844185667990837e-02	-4.396085557107150960e-02
1.600000000000000000e+02	3.245673000000000030e-01	1.722127938244268769e-02	-4.529239812441977070e-02
1.610000000000000000e+02	3.226333999999999591e-01	1.713152286637184898e-02	-4.661712107866100574e-02
1.620000000000000000e+02	3.210431000000000257e-01	1.703918582295287434e-02	-4.793482497252032210e-02
1.630000000000000000e+02	3.184118000000000226e-01	1.694428215521684086e-02	-4.924531140157071413e-02
1.640000000000000000e+02	3.173424000000000245e-01	1.684682615264708125e-02	-5.054838304810641003e-02
1.650000000000000000e+02	3.148904000000000147e-01	1.674683248902761670e-02	-5.184384371085302284e-02
1.660000000000000000e+02	3.125708000000000375e-01	1.664431622023376800e-02	-5.313149833450888510e-02
1.670000000000000000e+02	3.108172000000000157e-01	1.653929278196521538e-02	-5.441115303911431278e-02
1.680000000000000000e+02	3.097512000000000043e-01	1.643177798742186113e-02	-5.568261514924379568e-02
1.690000000000000000e+02	3.077767999999999615e-01	1.632178802492287653e-02	-5.694569322301681197e-02
1.700000000000000000e+02	3.051701999999999471e-01	1.620933945546925575e-02	-5.820019708092286775e-02
1.710000000000000000e+02	3.015231000000000439e-01	1.609444921025023414e-02	-5.944593783445654284e-02
1.720000000000000000e+02	2.975181999999999549e-01	1.597713458809400452e-02	-6.068272791455806697e-02
1.730000000000000000e+02	2.939861999999999753e-01	1.585741325286306805e-02	-6.191038109985531196e-02
1.740000000000000000e+02	2.910861000000000143e-01	1.573530323079459087e-02	-6.312871254470282800e-02
1.750000000000000000e+02	2.889422000000000379e-01	1.561082290778626099e-02	-6.433753880701367778e-02
1.760000000000000000e+02	2.866940999999999518e-01	1.548399102662791418e-02	-6.553667787588006444e-02
1.770000000000000000e+02	2.840173000000000281e-01	1.535482668417949802e-02	-6.672594919897838206e-02
1.780000000000000000e+02	2.814748000000000250e-01	1.522334932849567744e-02	-6.790517370975464317e-02
1.790000000000000000e+02	2.780491999999999964e-01	1.508957875589755915e-02	-6.907417385438632818e-02
1.800000000000000000e+02	2.746016000000000012e-01	1.495353510799202028e-02	-7.023277361851619494e-02
1.810000000000000000e+02	2.711114999999999498e-01	1.481523886863900935e-02	-7.138079855375459304e-02
1.820000000000000000e+02	2.661824999999999886e-01	1.467471086086731893e-02	-7.251807580394577235e-02
1.830000000000000000e+02	2.628070000000000128e-01	1.453197224373931409e-02	-7.364443413119461934e-02
1.840000000000000000e+02	2.611257000000000161e-01	1.438704450916502772e-02	-7.475970394164964394e-02
1.850000000000000000e+02	2.581396000000000246e-01	1.423994947866617962e-02	-7.586371731103833116e-02
1.860000000000000000e+02	2.547492000000000090e-01	1.409070930009053216e-02	-7.695630800995137411e-02
1.870000000000000000e+02	2.514007000000000325e-01	1.393934644427714115e-02	-7.803731152887140310e-02
1.880000000000000000e+02	2.488175999999999999e-01	1.378588370167294769e-02	-7.910656510294300503e-02
1.890000000000000000e+02	2.462461999999999984e-01	1.363034417890126790e-02	-8.016390773647992518e-02
1.900000000000000000e+02	2.437603999999999882e-01	1.347275129528265579e-02	-8.120918022720587104e-02
1.910000000000000000e+02	2.407938000000000023e-01	1.331312877930871698e-02	-8.224222519022539313e-02
1.920000000000000000e+02	2.348850999999999856e-01	1.315150066506932947e-02	-8.326288708172094322e-02
1.930000000000000000e+02	2.327508999999999828e-01	1.298789128863387689e-02	-8.427101222237309841e-02
1.940000000000000000e+02	2.286536999999999875e-01	1.282232528438701814e-02	-8.526644882049944085e-02
1.950000000000000000e+02	2.248119999999999841e-01	1.265482758131952420e-02	-8.624904699490983095e-02
1.960000000000000000e+02	2.214433999999999847e-01	1.248542339927475632e-02	-8.721865879747366102e-02
1.970000000000000000e+02	2.186816999999999789e-01	1.231413824515136674e-02	-8.817513823539620266e-02
1.980000000000000000e+02	2.158045999999999853e-01	1.214099790906275969e-02	-8.911834129320045372e-02
1.990000000000000000e+02	2.127176999999999818e-01	1.196602846045392854e-02	-9.004812595441127887e-02
2.000000000000000000e+02	2.089976999999999807e-01	1.178925624417621366e-02	-9.096435222293866585e-02
2.010000000000000000e+02	2.047666999999999959e-01	1.161070787652060919e-02	-9.186688214415665577e-02
2.020000000000000000e+02	2.007241999999999915e-01	1.143041024121018746e-02	-9.275557982567492199e-02
2.030000000000000000e+02	1.969325999999999854e-01	1.124839048535227447e-02	-9.363031145779984743e-02
2.040000000000000000e+02	1.930704999999999782e-01	1.106467601535094172e-02	-9.449094533368208870e-02
2.050000000000000000e+02	1.891697999999999991e-01	1.087929449278048424e-02	-9.533735186914733817e-02
2.060000000000000000e+02	1.824144999999999794e-01	1.069227383022045182e-02	-9.616940362220774419e-02
2.070000000000000000e+02	1.802295999999999898e-01	1.050364218705291536e-02	-9.698697531225047852e-02
2.080000000000000000e+02	1.760313000000000017e-01	1.031342796522252865e-02	-9.778994383890117492e-02
2.090000000000000000e+02	1.720407999999999937e-01	1.012165980496013314e-02	-9.857818830055875559e-02
2.100000000000000000e+02	1.688571999999999851e-01	9.928366580470420963e-03	-9.935159001259959155e-02
2.110000000000000000e+02	1.657823999999999964e-01	9.733577395584398773e-03	-1.001100325252474721e-01
2.120000000000000000e+02	1.623246999999999884e-01	9.537321579377290581e-03	-1.008534016411073153e-01
2.130000000000000000e+02	1.579385999999999846e-01	9.339628681752483452e-03	-1.015815854323597056e-01
2.140000000000000000e+02	1.533064999999999845e-01	9.140528468992268826e-03	-1.022944742576136351e-01
2.150000000000000000e+02	1.483392000000000044e-01	8.940050919275971050e-03	-1.029919607784150481e-01
2.160000000000000000e+02	1.436373999999999984e-01	8.738226218166193424e-03	-1.036739399754085383e-01
2.170000000000000000e+02	1.399827999999999906e-01	8.535084754063825344e-03	-1.043403091641500330e-01
2.180000000000000000e+02	1.364829999999999932e-01	8.330657113632516583e-03	-1.049909680105677451e-01
2.190000000000000000e+02	1.329830999999999930e-01	8.124974077193286570e-03	-1.056258185460693388e-01
2.200000000000000000e+02	1.290401999999999938e-01	7.918066614089992045e-03	-1.062447651822928801e-01
2.210000000000000000e+02	1.243003999999999776e-01	7.709965878026333111e-03	-1.068477147254993931e-01
2.220000000000000000e+02	1.200015999999999861e-01	7.500703202375057742e-03	-1.074345763906049273e-01
2.230000000000000000e+02	1.156570999999999849e-01	7.290310095460199140e-03	-1.080052618148499011e-01
2.240000000000000000e+02	1.119411999999999907e-01	7.078818235812890658e-03	-1.085596850711036815e-01
2.250000000000000000e+02	1.077977999999999853e-01	6.866259467401586609e-03	-1.090977626808025402e-01
2.260000000000000000e+02	1.028384999999999855e-01	6.652665794837376786e-03	-1.096194136265188634e-01
2.270000000000000000e+02	9.753759999999998820e-02	6.438069378555102452e-03	-1.101245593641597825e-01
2.280000000000000000e+02	9.223742999999999526e-02	6.222502529971015404e-03	-1.106131238347934920e-01
2.290000000000000000e+02	8.743246999999998437e-02	6.005997706617702617e-03	-1.110850334761012553e-01
2.300000000000000000e+02	8.314605999999999386e-02	5.788587507257014590e-03	-1.115402172334535313e-01
2.310000000000000000e+02	7.943594999999999129e-02	5.570304666971717319e-03	-1.119786065706086381e-01
2.320000000000000000e+02	7.534885999999998973e-02	5.351182052236638093e-03	-1.124001354800320540e-01
2.330000000000000000e+02	7.114252999999999549e-02	5.131252655970004219e-03	-1.128047404928351066e-01
2.340000000000000000e+02	6.645849999999998980e-02	4.910549592565766584e-03	-1.131923606883313699e-01
2.350000000000000000e+02	6.152478999999999587e-02	4.689106092907621877e-03	-1.135629377032093684e-01
2.360000000000000000e+02	5.426618999999999193e-02	4.466955499365467264e-03	-1.139164157403202565e-01
2.370000000000000000e+02	4.982583999999998930e-02	4.244131260775145346e-03	-1.142527415770791116e-01
2.380000000000000000e+02	4.769900999999999308e-02	4.020666927402072668e-03	-1.145718645734784963e-01
2.390000000000000000e+02	4.398493999999999321e-02	3.796596145889646456e-03	-1.148737366797133730e-01
2.400000000000000000e+02	4.021246999999999322e-02	3.571952654193127387e-03	-1.151583124434157612e-01
2.410000000000000000e+02	3.400320999999999205e-02	3.346770276499769475e-03	-1.154255490164984438e-01
2.420000000000000000e+02	3.176261999999999142e-02	3.121082918135972481e-03	-1.156754061616065976e-01
2.430000000000000000e+02	2.729519999999999169e-02	2.894924560462213206e-03	-1.159078462581761976e-01
2.440000000000000000e+02	2.242888999999998953e-02	2.668329255756532806e-03	-1.161228343080984854e-01
2.450000000000000000e+02	1.784622999999999071e-02	2.441331122087339080e-03	-1.163203379409895877e-01
2.460000000000000000e+02	1.358955999999999012e-02	2.213964338176312163e-03	-1.165003274190644922e-01
2.470000000000000000e+02	9.208929999999991914e-03	1.986263138252167791e-03	-1.166627756416145911e-01
2.480000000000000000e+02	4.784599999999991291e-03	1.758261806896071122e-03	-1.168076581490881949e-01
2.490000000000000000e+02	2.744299999999913128e-04	1.529994673879473939e-03	-1.169349531267733361e-01
2.500000000000000000e+02	-4.319357000000008905e-03	1.301496108995104685e-03	-1.170446414080824477e-01
2.510000000000000000e+02	-8.350881000000007909e-03	1.072800516882018579e-03	-1.171367064774381100e-01
2.520000000000000000e+02	-1.250784500000000875e-02	8.439423318453160693e-04	-1.172111344727599785e-01
2.530000000000000000e+02	-1.675628000000000881e-02	6.149560126714364357e-04	-1.172679141875517250e-01
2.540000000000000000e+02	-2.119929000000000952e-02	3.858760374397580029e-04	-1.173070370725886186e-01
2.550000000000000000e+02	-2.548580000000000984e-02	1.567368983312913380e-04	-1.173284972372046070e-01
2.560000000000000000e+02	-3.011236000000000815e-02	-7.242690356474863062e-05	-1.173322914501793018e-01
2.570000000000000000e+02	-3.449902000000000524e-02	-3.015808634457133345e-04	-1.173184191402245197e-01
2.580000000000000000e+02	-3.867597000000001090e-02	-5.306904779908495949e-04	-1.172868823960703244e-01
2.590000000000000000e+02	-4.344757000000001174e-02	-7.597212505564057954e-04	-1.172376859661504594e-01
2.600000000000000000e+02	-4.819757000000000902e-02	-9.886386963697325111e-04	-1.171708372578874613e-01
2.610000000000000000e+02	-5.251600000000000712e-02	-1.217408347721596210e-03	-1.170863463365772600e-01
2.620000000000000000e+02	-5.718710000000001153e-02	-1.445995759155923504e-03	-1.169842259238737109e-01
2.630000000000000000e+02	-6.206650000000001055e-02	-1.674366512656193587e-03	-1.168644913958731268e-01
2.640000000000000000e+02	-6.737742000000000731e-02	-1.902486222827693470e-03	-1.167271607807990885e-01
2.650000000000000000e+02	-7.225003000000000675e-02	-2.130320542074901242e-03	-1.165722547562879907e-01
2.660000000000000000e+02	-7.672209000000000667e-02	-2.357835165773093135e-03	-1.163997966462756301e-01
2.670000000000000000e+02	-8.077185000000000614e-02	-2.584995837433568758e-03	-1.162098124174854030e-01
2.680000000000000000e+02	-8.446032000000000539e-02	-2.811768353861581176e-03	-1.160023306755184891e-01
2.690000000000000000e+02	-8.833685000000000842e-02	-3.038118570306253853e-03	-1.157773826605467404e-01
2.700000000000000000e+02	-9.275163000000001545e-02	-3.264012405601699959e-03	-1.155350022426089862e-01
2.710000000000000000e+02	-9.745058000000000886e-02	-3.489415847298561659e-03	-1.152752259165111953e-01
2.720000000000000000e+02	-1.020811100000000027e-01	-3.714294956785210884e-03	-1.149980927963315386e-01
2.730000000000000000e+02	-1.065967000000000026e-01	-3.938615874397822722e-03	-1.147036446095310858e-01
2.740000000000000000e+02	-1.105871000000000076e-01	-4.162344824518573322e-03	-1.143919256906709286e-01
2.750000000000000000e+02	-1.144893000000000022e-01	-4.385448120661173017e-03	-1.140629829747368124e-01
2.760000000000000000e+02	-1.186833000000000055e-01	-4.607892170542983966e-03	-1.137168659900722467e-01
2.770000000000000000e+02	-1.227984000000000020e-01	-4.829643481142951653e-03	-1.133536268509210548e-01
2.780000000000000000e+02	-1.268838999999999939e-01	-5.050668663744588283e-03	-1.129733202495806638e-01
2.790000000000000000e+02	-1.306602000000000041e-01	-5.270934438963281211e-03	-1.125760034481671223e-01
2.800000000000000000e+02	-1.346982000000000179e-01	-5.490407641757068594e-03	-1.121617362699933451e-01
2.810000000000000000e+02	-1.408520000000000050e-01	-5.709055226420275096e-03	-1.117305810905614843e-01
2.820000000000000000e+02	-1.428577000000000041e-01	-5.926844271559136845e-03	-1.112826028281713037e-01
2.830000000000000000e+02	-1.472776000000000085e-01	-6.143741985048722584e-03	-1.108178689341453860e-01
2.840000000000000000e+02	-1.520286000000000137e-01	-6.359715708970387765e-03	-1.103364493826732434e-01
2.850000000000000000e+02	-1.567862000000000144e-01	-6.574732924529018245e-03	-1.098384166602753426e-01
2.860000000000000000e+02	-1.613133999999999957e-01	-6.788761256949333266e-03	-1.093238457548889042e-01
2.870000000000000000e+02	-1.657263999999999959e-01	-7.001768480350498321e-03	-1.087928141445772268e-01
2.880000000000000000e+02	-1.698467000000000171e-01	-7.213722522598321925e-03	-1.082454017858637818e-01
2.890000000000000000e+02	-1.733532000000000128e-01	-7.424591470134303366e-03	-1.076816911016934553e-01
2.900000000000000000e+02	-1.767778000000000127e-01	-7.634343572780800252e-03	-1.071017669690221275e-01
2.910000000000000000e+02	-1.804382000000000208e-01	-7.842947248521598552e-03	-1.065057167060369930e-01
2.920000000000000000e+02	-1.844410999999999967e-01	-8.050371088257157401e-03	-1.058936300590091750e-01
2.930000000000000000e+02	-1.886928999999999967e-01	-8.256583860533850405e-03	-1.052655991887807008e-01
2.940000000000000000e+02	-1.929016000000000064e-01	-8.461554516246395929e-03	-1.046217186568881991e-01
2.950000000000000000e+02	-1.967306000000000055e-01	-8.665252193312884821e-03	-1.039620854113247478e-01
2.960000000000000000e+02	-2.005288000000000070e-01	-8.867646221321634492e-03	-1.032867987719426339e-01
2.970000000000000000e+02	-2.042458000000000051e-01	-9.068706126149173735e-03	-1.025959604154989963e-01
2.980000000000000000e+02	-2.079309000000000018e-01	-9.268401634548686929e-03	-1.018896743603464328e-01
2.990000000000000000e+02	-2.115807000000000104e-01	-9.466702678708197732e-03	-1.011680469507711677e-01
3.000000000000000000e+02	-2.158792000000000211e-01	-9.663579400777827857e-03	-1.004311868409810404e-01
3.010000000000000000e+02	-2.173506000000000049e-01	-9.859002157365454391e-03	-9.967920497874553643e-02
3.020000000000000000e+02	-2.204705000000000137e-01	-1.005294152400004574e-02	-9.891221458869060845e-02
3.030000000000000000e+02	-2.251440000000000108e-01	-1.024536829956207602e-02	-9.813033115525060524e-02
3.040000000000000000e+02	-2.268053000000000152e-01	-1.043625351068026494e-02	-9.733367240528008335e-02
3.050000000000000000e+02	-2.308257000000000225e-01	-1.062556841609407256e-02	-9.652235829032772274e-02
3.060000000000000000e+02	-2.348804000000000169e-01	-1.081328451098118731e-02	-9.569651096857557937e-02
3.070000000000000000e+02	-2.390430000000000055e-01	-1.099937353124950772e-02	-9.485625478644575670e-02
3.080000000000000000e+02	-2.427410000000000123e-01	-1.118380745779274689e-02	-9.400171625987796542e-02
3.090000000000000000e+02	-2.456317000000000084e-01	-1.136655852070927314e-02	-9.313302405528012251e-02
3.100000000000000000e+02	-2.480626999999999971e-01	-1.154759920348335384e-02	-9.225030897015529252e-02
3.110000000000000000e+02	-2.511241000000000168e-01	-1.172690224712828050e-02	-9.135370391340776053e-02
3.120000000000000000e+02	-2.541923000000000377e-01	-1.190444065429070025e-02	-9.044334388533109559e-02
3.130000000000000000e+02	-2.575235999999999637e-01	-1.208018769331556212e-02	-8.951936595728146595e-02
3.140000000000000000e+02	-2.608715999999999813e-01	-1.225411690227106928e-02	-8.858190925103898161e-02
3.150000000000000000e+02	-2.641571000000000335e-01	-1.242620209293298500e-02	-8.763111491786043650e-02
3.160000000000000000e+02	-2.677374000000000143e-01	-1.259641735472776490e-02	-8.666712611722625359e-02
3.170000000000000000e+02	-2.712909000000000015e-01	-1.276473705863386682e-02	-8.569008799528543552e-02
3.180000000000000000e+02	-2.750257999999999869e-01	-1.293113586104066397e-02	-8.470014766300092146e-02
3.190000000000000000e+02	-2.781038999999999595e-01	-1.309558870756438904e-02	-8.369745417399951370e-02
3.200000000000000000e+02	-2.811179999999999790e-01	-1.325807083682053328e-02	-8.268215850212903839e-02
3.210000000000000000e+02	-2.841517999999999544e-01	-1.341855778415211586e-02	-8.165441351872651521e-02
3.220000000000000000e+02	-2.867294999999999705e-01	-1.357702538531331896e-02	-8.061437396960047241e-02
3.230000000000000000e+02	-2.890525000000000455e-01	-1.373344978010780648e-02	-7.956219645173134847e-02
3.240000000000000000e+02	-2.912862999999999980e-01	-1.388780741598135034e-02	-7.849803938969275585e-02
3.250000000000000000e+02	-2.935579000000000383e-01	-1.404007505156808049e-02	-7.742206301179783978e-02
3.260000000000000000e+02	-2.963449999999999696e-01	-1.419022976018991661e-02	-7.633442932597392372e-02
3.270000000000000000e+02	-2.994968999999999548e-01	-1.433824893330856720e-02	-7.523530209536942459e-02
3.280000000000000000e+02	-3.029981000000000479e-01	-1.448411028392968154e-02	-7.412484681369617412e-02
3.290000000000000000e+02	-3.073953000000000380e-01	-1.462779184995858725e-02	-7.300323068031107365e-02
3.300000000000000000e+02	-3.084793000000000118e-01	-1.476927199750703405e-02	-7.187062257504168994e-02
3.310000000000000000e+02	-3.101241000000000136e-01	-1.490852942415059508e-02	-7.072719303275797065e-02
3.320000000000000000e+02	-3.116360999999999715e-01	-1.504554316213614976e-02	-6.957311421769514503e-02
3.330000000000000000e+02	-3.133413999999999922e-01	-1.518029258153893828e-02	-6.840855989753130695e-02
3.340000000000000000e+02	-3.150298999999999738e-01	-1.531275739336879736e-02	-6.723370541722344107e-02
3.350000000000000000e+02	-3.171602000000000032e-01	-1.544291765262502218e-02	-6.604872767260611122e-02
3.360000000000000000e+02	-3.194232000000000182e-01	-1.557075376129945718e-02	-6.485380508375647446e-02
3.370000000000000000e+02	-3.218632999999999633e-01	-1.569624647132733530e-02	-6.364911756812997867e-02
3.380000000000000000e+02	-3.245217000000000240e-01	-1.581937688748542500e-02	-6.243484651347036563e-02
3.390000000000000000e+02	-3.269294999999999840e-01	-1.594012647023705306e-02	-6.121117475049851764e-02
3.400000000000000000e+02	-3.293937999999999588e-01	-1.605847703852357131e-02	-5.997828652538396421e-02
3.410000000000000000e+02	-3.315799999999999859e-01	-1.617441077250184045e-02	-5.873636747200316338e-02
3.420000000000000000e+02	-3.338124000000000091e-01	-1.628791021622734425e-02	-5.748560458398901951e-02
3.430000000000000000e+02	-3.357989000000000113e-01	-1.639895828028250027e-02	-5.622618618657550249e-02
3.440000000000000000e+02	-3.377229999999999954e-01	-1.650753824434976827e-02	-5.495830190824187167e-02
3.450000000000000000e+02	-3.391811999999999605e-01	-1.661363375972922662e-02	-5.368214265216063319e-02
3.460000000000000000e+02	-3.405228000000000144e-01	-1.671722885180014148e-02	-5.239790056745356750e-02
3.470000000000000000e+02	-3.419290999999999858e-01	-1.681830792242625799e-02	-5.110576902026017776e-02
3.480000000000000000e+02	-3.439564000000000510e-01	-1.691685575230437305e-02	-4.980594256462286817e-02
3.490000000000000000e+02	-3.462452999999999781e-01	-1.701285750325588417e-02	-4.849861691319329315e-02
3.500000000000000000e+02	-3.484203000000000161e-01	-1.710629872046095373e-02	-4.718398890776418636e-02
3.510000000000000000e+02	-3.505029000000000616e-01	-1.719716533463493471e-02	-4.586225648963129786e-02
3.520000000000000000e+02	-3.519666999999999657e-01	-1.728544366414677333e-02	-4.453361866978967909e-02
3.530000000000000000e+02	-3.526827000000000156e-01	-1.737112041707901400e-02	-4.319827549896889524e-02
3.540000000000000000e+02	-3.534928999999999988e-01	-1.745418269322915328e-02	-4.185642803751180030e-02
3.550000000000000000e+02	-3.536247000000000140e-01	-1.753461798605198893e-02	-4.050827832510120463e-02
3.560000000000000000e+02	-3.541872000000000353e-01	-1.761241418454271776e-02	-3.915402935033914650e-02
3.570000000000000000e+02	-3.543522999999999534e-01	-1.768755957506048040e-02	-3.779388502018292406e-02
3.580000000000000000e+02	-3.554970000000000629e-01	-1.776004284309203735e-02	-3.642805012924373725e-02
3.590000000000000000e+02	-3.569622999999999546e-01	-1.782985307495538879e-02	-3.505673032895070124e-02
3.600000000000000000e+02	-3.580868999999999858e-01	-1.789697975944304006e-02	-3.368013209658637236e-02
3.610000000000000000e+02	-3.595251000000000419e-01	-1.796141278940463493e-02	-3.229846270419783200e-02
3.620000000000000000e+02	-3.608774999999999622e-01	-1.802314246326879379e-02	-3.091193018738806059e-02
3.630000000000000000e+02	-3.616802999999999546e-01	-1.808215948650384458e-02	-2.952074331399239318e-02
3.640000000000000000e+02	-3.620389999999999997e-01	-1.813845497301729004e-02	-2.812511155264469168e-02
3.650000000000000000e+02	-3.620419000000000276e-01	-1.819202044649378611e-02	-2.672524504123801464e-02
3.660000000000000000e+02	-3.624975000000000280e-01	-1.824284784167138490e-02	-2.532135455528451012e-02
3.670000000000000000e+02	-3.628740999999999772e-01	-1.829092950555591054e-02	-2.391365147617930884e-02
3.680000000000000000e+02	-3.634711000000000469e-01	-1.833625819857327352e-02	-2.250234775937318479e-02
3.690000000000000000e+02	-3.643094000000000054e-01	-1.837882709565950845e-02	-2.108765590245879201e-02
3.700000000000000000e+02	-3.655783000000000227e-01	-1.841862978728841041e-02	-1.966978891317525471e-02
3.710000000000000000e+02	-3.665926999999999936e-01	-1.845566028043661017e-02	-1.824896027733595785e-02
3.720000000000000000e+02	-3.672794000000000336e-01	-1.848991299948594264e-02	-1.682538392668436744e-02
3.730000000000000000e+02	-3.678320999999999952e-01	-1.852138278706294203e-02	-1.539927420668267023e-02
3.740000000000000000e+02	-3.682703000000000504e-01	-1.855006490481538040e-02	-1.397084584423815244e-02
3.750000000000000000e+02	-3.683123000000000369e-01	-1.857595503412573512e-02	-1.254031391537214352e-02
3.760000000000000000e+02	-3.683165000000000466e-01	-1.859904927676140143e-02	-1.110789381283638043e-02
3.770000000000000000e+02	-3.679054000000000491e-01	-1.861934415546167426e-02	-9.673801213681677488e-03
3.780000000000000000e+02	-3.669111000000000455e-01	-1.863683661446129472e-02	-8.238252046783821336e-03
3.790000000000000000e+02	-3.663273999999999697e-01	-1.865152401995055775e-02	-6.801462460331518002e-03
3.800000000000000000e+02	-3.660872000000000570e-01	-1.866340416047187686e-02	-5.363648789281322965e-03
3.810000000000000000e+02	-3.662975000000000536e-01	-1.867247524725276428e-02	-3.925027522784468696e-03
3.820000000000000000e+02	-3.665772999999999948e-01	-1.867873591447515719e-02	-2.485815271590449942e-03
3.830000000000000000e+02	-3.667105999999999977e-01	-1.868218521948108307e-02	-1.046228735432325890e-03
3.840000000000000000e+02	-3.666846000000000272e-01	-1.868282264291456357e-02	3.935153296012961150e-04
3.850000000000000000e+02	-3.662225000000000064e-01	-1.868064808879984703e-02	1.833200143703266408e-03
3.860000000000000000e+02	-3.648253999999999664e-01	-1.867566188455583101e-02	3.272608935987434027e-03
3.870000000000000000e+02	-3.633766999999999969e-01	-1.866786478094678223e-02	4.711524977127887204e-03
3.880000000000000000e+02	-3.623123999999999789e-01	-1.865725795196928813e-02	6.149731611991410968e-03
3.890000000000000000e+02	-3.614614000000000438e-01	-1.864384299467548856e-02	7.587012292258886112e-03
3.900000000000000000e+02	-3.607234000000000274e-01	-1.862762192893261878e-02	9.023150609030593933e-03
3.910000000000000000e+02	-3.601069000000000075e-01	-1.860859719711886393e-02	1.045793032541054296e-02
3.920000000000000000e+02	-3.600567999999999547e-01	-1.858677166375564266e-02	1.189113540906487632e-02
3.930000000000000000e+02	-3.593927999999999567e-01	-1.856214861507626476e-02	1.332255006474951028e-02
3.940000000000000000e+02	-3.587563000000000279e-01	-1.853473175853116717e-02	1.475195876680203758e-02
3.950000000000000000e+02	-3.585616000000000358e-01	-1.850452522222964871e-02	1.617914629159307102e-02
3.960000000000000000e+02	-3.582391000000000325e-01	-1.847153355431835342e-02	1.760389774993209241e-02
3.970000000000000000e+02	-3.574384000000000450e-01	-1.843576172229641902e-02	1.902599861942294926e-02
3.980000000000000000e+02	-3.557919000000000498e-01	-1.839721511226756478e-02	2.044523477676413875e-02
3.990000000000000000e+02	-3.540077000000000362e-01	-1.835589952812908751e-02	2.186139252998896970e-02
4.000000000000000000e+02	-3.522929999999999673e-01	-1.831182119069800843e-02	2.327425865064081112e-02
4.010000000000000000e+02	-3.508115000000000538e-01	-1.826498673677437456e-02	2.468362040587853204e-02
4.020000000000000000e+02	-3.491496000000000599e-01	-1.821540321814201294e-02	2.608926559050731356e-02
4.030000000000000000e+02	-3.488079000000000596e-01	-1.816307810050671670e-02	2.749098255893004869e-02
4.040000000000000000e+02	-3.478371000000000102e-01	-1.810801926237217557e-02	2.888856025701443120e-02
4.050000000000000000e+02	-3.471442999999999612e-01	-1.805023499385370600e-02	3.028178825387102882e-02
4.060000000000000000e+02	-3.460714999999999764e-01	-1.798973399543002047e-02	3.167045677353750449e-02
4.070000000000000000e+02	-3.440480999999999678e-01	-1.792652537663322679e-02	3.305435672656421159e-02
4.080000000000000000e+02	-3.413960000000000328e-01	-1.786061865467720999e-02	3.443327974149645865e-02
4.090000000000000000e+02	-3.385226000000000068e-01	-1.779202375302465014e-02	3.580701819624863835e-02
4.100000000000000000e+02	-3.361087000000000380e-01	-1.772075099989283906e-02	3.717536524936549541e-02
4.110000000000000000e+02	-3.345304000000000055e-01	-1.764681112669861870e-02	3.853811487116595713e-02
4.120000000000000000e+02	-3.327754000000000545e-01	-1.757021526644253137e-02	3.989506187476458965e-02
4.130000000000000000e+02	-3.311387999999999554e-01	-1.749097495203258065e-02	4.124600194696622507e-02
4.140000000000000000e+02	-3.292291999999999996e-01	-1.740910211454768999e-02	4.259073167902938106e-02
4.150000000000000000e+02	-3.268978999999999635e-01	-1.732460908144130979e-02	4.392904859729259565e-02
4.160000000000000000e+02	-3.250359999999999916e-01	-1.723750857468527714e-02	4.526075119366094329e-02
4.170000000000000000e+02	-3.233953000000000522e-01	-1.714781370885427869e-02	4.658563895594666771e-02
4.180000000000000000e+02	-3.219290000000000207e-01	-1.705553798915122529e-02	4.790351239805994144e-02
4.190000000000000000e+02	-3.197868000000000377e-01	-1.696069530937378833e-02	4.921417309004515878e-02
4.200000000000000000e+02	-3.171047000000000171e-01	-1.686329994982244465e-02	5.051742368795820309e-02
4.210000000000000000e+02	-3.140562000000000076e-01	-1.676336657515029721e-02	5.181306796358017136e-02
4.220000000000000000e+02	-3.112939999999999596e-01	-1.666091023215506700e-02	5.310091083396312889e-02
4.230000000000000000e+02	-3.090119000000000060e-01	-1.655594634751350949e-02	5.438075839080341867e-02
4.240000000000000000e+02	-3.073367999999999656e-01	-1.644849072545863725e-02	5.565241792963811218e-02
4.250000000000000000e+02	-3.061698000000000475e-01	-1.633855954540012340e-02	5.691569797886016080e-02
4.260000000000000000e+02	-3.036467000000000471e-01	-1.622616935948818437e-02	5.817040832854799420e-02
4.270000000000000000e+02	-3.028087999999999891e-01	-1.611133709012134776e-02	5.941636005910504864e-02
4.280000000000000000e+02	-3.000291000000000485e-01	-1.599408002739848705e-02	6.065336556970513104e-02
4.290000000000000000e+02	-2.973930999999999658e-01	-1.587441582651547001e-02	6.188123860653911568e-02
4.300000000000000000e+02	-2.942744999999999944e-01	-1.575236250510684763e-02	6.309979429085883773e-02
4.310000000000000000e+02	-2.908517999999999937e-01	-1.562793844053297909e-02	6.430884914681404829e-02
4.320000000000000000e+02	-2.879021000000000496e-01	-1.550116236711297259e-02	6.550822112907798977e-02
4.330000000000000000e+02	-2.849142999999999537e-01	-1.537205337330389138e-02	6.669772965025766442e-02
4.340000000000000000e+02	-2.820696999999999788e-01	-1.524063089882665006e-02	6.787719560808462560e-02
4.350000000000000000e+02	-2.791073000000000581e-01	-1.510691473173899312e-02	6.904644141238200361e-02
4.360000000000000000e+02	-2.759519000000000277e-01	-1.497092500545605179e-02	7.020529101180404685e-02
4.370000000000000000e+02	-2.732200999999999658e-01	-1.483268219571888362e-02	7.135356992034380674e-02
4.380000000000000000e+02	-2.705458000000000585e-01	-1.469220711751148024e-02	7.249110524360521945e-02
4.390000000000000000e+02	-2.674556999999999629e-01	-1.454952092192668238e-02	7.361772570483558764e-02
4.400000000000000000e+02	-2.638388999999999873e-01	-1.440464509298151202e-02	7.473326167071427106e-02
4.410000000000000000e+02	-2.599266999999999550e-01	-1.425760144438235032e-02	7.583754517689418606e-02
4.420000000000000000e+02	-2.560124999999999762e-01	-1.410841211624046070e-02	7.693040995329210319e-02
4.430000000000000000e+02	-2.522974000000000050e-01	-1.395709957173843843e-02	7.801169144912323272e-02
4.440000000000000000e+02	-2.488477000000000050e-01	-1.380368659374794048e-02	7.908122685767761395e-02
4.450000000000000000e+02	-2.454727000000000159e-01	-1.364819628139930623e-02	8.013885514083368689e-02
4.460000000000000000e+02	-2.421172000000000046e-01	-1.349065204660356704e-02	8.118441705330535496e-02
4.470000000000000000e+02	-2.393181000000000058e-01	-1.333107761052734937e-02	8.221775516661943006e-02
4.480000000000000000e+02	-2.365885000000000071e-01	-1.316949700002123004e-02	8.323871389281931044e-02
4.490000000000000000e+02	-2.339251999999999998e-01	-1.300593454400203464e-02	8.424713950789151917e-02
4.500000000000000000e+02	-2.303540000000000032e-01	-1.284041486978969651e-02	8.524288017491182812e-02
4.510000000000000000e+02	-2.269368000000000218e-01	-1.267296289939915180e-02	8.622578596690694264e-02
4.520000000000000000e+02	-2.230274000000000145e-01	-1.250360384578786885e-02	8.719570888942877740e-02
4.530000000000000000e+02	-2.190596999999999961e-01	-1.233236320905958978e-02	8.815250290283782597e-02
4.540000000000000000e+02	-2.132124999999999992e-01	-1.215926677262481326e-02	8.909602394429198824e-02
4.550000000000000000e+02	-2.113780000000000103e-01	-1.198434059931862902e-02	9.002612994943787195e-02
4.560000000000000000e+02	-2.078315000000000023e-01	-1.180761102747649761e-02	9.094268087380126542e-02
4.570000000000000000e+02	-2.040035000000000043e-01	-1.162910466696850595e-02	9.184553871387332591e-02
4.580000000000000000e+02	-2.002357000000000165e-01	-1.144884839519278753e-02	9.273456752788952762e-02
4.590000000000000000e+02	-1.968320000000000070e-01	-1.126686935302862770e-02	9.360963345629821908e-02
4.600000000000000000e+02	-1.935778000000000221e-01	-1.108319494074991134e-02	9.447060474191562585e-02
4.610000000000000000e+02	-1.897903999999999980e-01	-1.089785281389950462e-02	9.531735174976425917e-02
4.620000000000000000e+02	-1.851671000000000011e-01	-1.071087087912521267e-02	9.614974698659189967e-02
4.630000000000000000e+02	-1.804070000000000118e-01	-1.052227728997792711e-02	9.696766512006796401e-02
4.640000000000000000e+02	-1.754180000000000184e-01	-1.033210044267258293e-02	9.777098299765465961e-02
4.650000000000000000e+02	-1.709471000000000185e-01	-1.014036897181259424e-02	9.855957966514976298e-02
4.660000000000000000e+02	-1.668454000000000048e-01	-9.947111746078396780e-03	9.933333638489859341e-02
4.670000000000000000e+02	-1.629421000000000064e-01	-9.752357863880727062e-03	1.000921366536720314e-01
4.680000000000000000e+02	-1.589711000000000041e-01	-9.556136648979337081e-03	1.008358662202082923e-01
4.690000000000000000e+02	-1.551658000000000204e-01	-9.358477646067757047e-03	1.015644131024155267e-01
4.700000000000000000e+02	-1.513934000000000113e-01	-9.159410616324824284e-03	1.022776676042326527e-01
4.710000000000000000e+02	-1.477795000000000081e-01	-8.958965532933526460e-03	1.029755223321464352e-01
4.720000000000000000e+02	-1.439876000000000211e-01	-8.757172576568078570e-03	1.036578722113611212e-01
4.730000000000000000e+02	-1.400266000000000011e-01	-8.554062130849620499e-03	1.043246145016196030e-01
4.740000000000000000e+02	-1.358987000000000112e-01	-8.349664777771416413e-03	1.049756488126728782e-01
4.750000000000000000e+02	-1.317978999999999956e-01	-8.144011293094168338e-03	1.056108771193955270e-01
4.760000000000000000e+02	-1.278238000000000152e-01	-7.937132641712175973e-03	1.062302037765452262e-01
4.770000000000000000e+02	-1.236853000000000119e-01	-7.729059972991000199e-03	1.068335355331639369e-01
4.780000000000000000e+02	-1.194484000000000101e-01	-7.519824616077353668e-03	1.074207815466184796e-01
4.790000000000000000e+02	-1.156061000000000033e-01	-7.309458075181925370e-03	1.079918533962785504e-01
4.800000000000000000e+02	-1.119053000000000131e-01	-7.097992024835846937e-03	1.085466650968301416e-01
4.810000000000000000e+02	-1.069507000000000096e-01	-6.885458305121513675e-03	1.090851331112221156e-01
4.820000000000000000e+02	-1.051810800000000101e-01	-6.671888916878472402e-03	1.096071763632442964e-01
4.830000000000000000e+02	-1.006893100000000041e-01	-6.457316016885115972e-03	1.101127162497349404e-01
4.840000000000000000e+02	-9.529925000000000201e-02	-6.241771913016891382e-03	1.106016766524159090e-01
4.850000000000000000e+02	-8.994881000000000404e-02	-6.025289059381750030e-03	1.110739839493536385e-01
4.860000000000000000e+02	-8.489140000000000574e-02	-5.807900051433598221e-03	1.115295670260442601e-01
4.870000000000000000e+02	-8.041604000000000807e-02	-5.589637621064451334e-03	1.119683572861212839e-01
4.880000000000000000e+02	-7.624594000000001204e-02	-5.370534631676046264e-03	1.123902886616839070e-01
4.890000000000000000e+02	-7.177619000000000360e-02	-5.150624073231658932e-03	1.127952976232447918e-01
4.900000000000000000e+02	-6.697244000000000808e-02	-4.929939057288858055e-03	1.131833231892956648e-01
4.910000000000000000e+02	-6.202840000000001131e-02	-4.708512812013960179e-03	1.135543069354890688e-01
4.920000000000000000e+02	-5.712983000000000644e-02	-4.486378677178913706e-03	1.139081930034353402e-01
4.930000000000000000e+02	-5.253559000000000700e-02	-4.263570099141392525e-03	1.142449281091130059e-01
4.940000000000000000e+02	-4.646575000000000705e-02	-4.040120625808832182e-03	1.145644615508917968e-01
4.950000000000000000e+02	-4.446397000000000543e-02	-3.816063901587180094e-03	1.148667452171665271e-01
4.960000000000000000e+02	-4.022115000000001106e-02	-3.591433662315111821e-03	1.151517335936013409e-01
4.970000000000000000e+02	-3.546417000000001013e-02	-3.366263730184487508e-03	1.154193837699826752e-01
4.980000000000000000e+02	-3.061998000000000844e-02	-3.140588008647816551e-03	1.156696554466800919e-01
4.990000000000000000e+02	-2.585055000000001033e-02	-2.914440477313406160e-03	1.159025109407142984e-01
5.000000000000000000e+02	-2.144101000000001034e-02	-2.687855186829209066e-03	1.161179151914308594e-01
5.010000000000000000e+02	-1.783063000000000703e-02	-2.460866253755810123e-03	1.163158357657792241e-01
5.020000000000000000e+02	-1.434581900000000791e-02	-2.233507855429570088e-03	1.164962428631962504e-01
5.030000000000000000e+02	-1.044828700000000749e-02	-2.005814224816603129e-03	1.166591093200930740e-01
5.040000000000000000e+02	-6.024666300000008912e-03	-1.777819645358375174e-03	1.168044106139451699e-01
5.050000000000000000e+02	-1.386697000000008777e-03	-1.549558445809708085e-03	1.169321248669846353e-01
5.060000000000000000e+02	5.524789999999991236e-03	-1.321064995069955086e-03	1.170422328494942904e-01
5.070000000000000000e+02	9.540169999999991921e-03	-1.092373697008134584e-03	1.171347179827030988e-01
5.080000000000000000e+02	1.138897999999998953e-02	-8.635189852827991099e-04	1.172095663412823369e-01
5.090000000000000000e+02	1.501248999999999292e-02	-6.345353181574179277e-04	1.172667666554423754e-01
5.100000000000000000e+02	1.959362999999999036e-02	-4.054571733120544501e-04	1.173063103126294748e-01
5.110000000000000000e+02	2.452690999999999205e-02	-1.763190426521213405e-04	1.173281913588226921e-01
