0	0.0015629109999999837	-0.001960268
1	0.007222409999999985	-0.001674637
2	0.013233269999999984	-0.001384398
3	0.018590569999999983	-0.001075731
4	0.023728449999999984	-0.0008016169999999999
5	0.02852557999999998	-0.0004975579999999999
6	0.03403386999999999	-0.00022113959999999996
7	0.03900249999999998	6.67957000000001e-05
8	0.04426796999999998	0.00035703450000000006
9	0.04963021999999998	0.0006265418600000001
10	0.05480977999999998	0.0008845319000000001
11	0.06049413999999999	0.0011609496
12	0.06600608999999999	0.0014627059000000002
13	0.07164445999999998	0.001755248
14	0.07672421999999998	0.002010935
15	0.08167637999999998	0.002291959
16	0.08706131999999998	0.002561467
17	0.09264242999999998	0.0028540090000000002
18	0.09816789999999999	0.0031419440000000002
19	0.10315389999999998	0.003439094
20	0.10800359999999998	0.003699388
21	0.11309219999999999	0.003922825
22	0.11854329999999999	0.004176208000000001
23	0.12481469999999997	0.004457234
24	0.1305007	0.004724438
25	0.13580119999999998	0.005014674
26	0.14106619999999997	0.005314128
27	0.1458852	0.005608974
28	0.150353	0.005889999
29	0.15488559999999998	0.006145687
30	0.1597042	0.006408284
31	0.16482109999999997	0.0066593600000000005
32	0.17011269999999998	0.006917351
33	0.1755736	0.007177644
34	0.18078899999999998	0.007454062
35	0.18564309999999998	0.007732785
36	0.19052119999999997	0.007986166999999999
37	0.19492159999999997	0.008264889000000001
38	0.19997059999999997	0.008557429
39	0.2045978	0.008840758
40	0.2087714	0.009124087
41	0.21293869999999998	0.009349828
42	0.21719409999999997	0.009591694
43	0.22232069999999998	0.009817436
44	0.22748349999999998	0.01005239
45	0.2327619	0.010285045
46	0.23766669999999998	0.01054994
47	0.2425899	0.010814840000000001
48	0.2469188	0.01106132
49	0.2510347	0.01131931
50	0.25534819999999997	0.01158651
51	0.2595646	0.01182607
52	0.26340969999999997	0.01204951
53	0.26755619999999997	0.01226143
54	0.272185	0.01245953
55	0.2771457	0.01268297
56	0.2819717	0.0129018
57	0.2864813	0.01313675
58	0.2909689	0.01338783
59	0.2948762	0.01365964
60	0.2984255	0.01390612
61	0.3013518	0.01414337
62	0.3046905	0.01435069
63	0.30819009999999997	0.01453036
64	0.3122204	0.01473767
65	0.3167546	0.01493577
66	0.3208783	0.01512466
67	0.3249913	0.01534119
68	0.3290162	0.01555771
69	0.33249419999999996	0.01576042
70	0.33590329999999996	0.015970039999999998
71	0.3393209	0.016179649999999997
72	0.3426133	0.01639157
73	0.34583389999999997	0.01658967
74	0.3489564	0.016755520000000003
75	0.3520857	0.01690064
76	0.35562269999999996	0.017050370000000002
77	0.35971929999999996	0.017197789999999998
78	0.3637915	0.017354429999999997
79	0.36758969999999996	0.017564049999999998
80	0.3709953	0.01774602
81	0.37361079999999997	0.017955640000000002
82	0.37616299999999997	0.01813761
83	0.37803559999999997	0.018308070000000003
84	0.3804439	0.018455489999999998
85	0.3831565	0.018602920000000002
86	0.386084	0.01874343
87	0.3890829	0.01890928
88	0.3919737	0.019052100000000002
89	0.39412389999999997	0.019181089999999998
90	0.3969762	0.019337729999999997
91	0.3997184	0.019531220000000002
92	0.4019663	0.01972471
93	0.40321009999999996	0.019888259999999998
94	0.4045492	0.020033380000000003
95	0.40600749999999997	0.020169279999999998
96	0.4076472	0.02027755
97	0.40995519999999996	0.020374290000000003
98	0.41230269999999997	0.020452610000000003
99	0.4149567	0.020535539999999998
100	0.4174773	0.02063459
101	0.4201626	0.0207728
102	0.4224	0.020927130000000002
103	0.4237244	0.021076860000000003
104	0.4245033	0.02116899
105	0.424836	0.021261130000000003
106	0.42645289999999997	0.02132333
107	0.4280284	0.021413170000000002
108	0.4299188	0.02148688
109	0.43154329999999996	0.02155828
110	0.4333468	0.02161126
111	0.43453959999999997	0.021710310000000003
112	0.4360251	0.02182779
113	0.4370957	0.021945270000000003
114	0.43734799999999996	0.02206275
115	0.437193	0.022161800000000002
116	0.43701999999999996	0.022253929999999998
117	0.4370793	0.02231383
118	0.4373543	0.02234377
119	0.4380134	0.02240366
120	0.4388604	0.022435910000000003
121	0.4395447	0.02243361
122	0.44056019999999996	0.022454340000000003
123	0.44189219999999996	0.02252805
124	0.442559	0.0226248
125	0.44273409999999996	0.02265935
126	0.4417645	0.02268469
127	0.4416176	0.02268008
128	0.4416657	0.022689300000000003
129	0.4421023	0.022670870000000003
130	0.4426476	0.02263171
131	0.4432543	0.02258333
132	0.4440169	0.02258333
133	0.4448987	0.022585639999999997
134	0.4449789	0.022608669999999997
135	0.4445761	0.022634010000000003
136	0.44355439999999996	0.022640920000000002
137	0.4422915	0.022650129999999997
138	0.4415252	0.02264783
139	0.4404996	0.022657049999999998
140	0.4392262	0.0226294
141	0.4378567	0.02257642
142	0.4371545	0.02250041
143	0.43693489999999996	0.02246816
144	0.4366992	0.022472770000000003
145	0.4358549	0.0224935
146	0.4341277	0.0224935
147	0.43183289999999996	0.02249119
148	0.42952589999999996	0.02245895
149	0.42732349999999997	0.02242209
150	0.42559969999999997	0.02234838
151	0.42394919999999997	0.022249329999999998
152	0.4228246	0.022161800000000002
153	0.4220482	0.02209039
154	0.42119399999999996	0.022016679999999997
155	0.4199885	0.021956789999999997
156	0.4182996	0.02190611
157	0.4161921	0.02184622
158	0.41378329999999997	0.02174256
159	0.4117386	0.021705710000000003
160	0.4096725	0.021643509999999998
161	0.4069313	0.02154677
162	0.4042401	0.02142008
163	0.4021961	0.021284169999999998
164	0.4005184	0.021164389999999998
165	0.3990844	0.021074549999999997
166	0.39732599999999996	0.020991629999999997
167	0.3946532	0.020936339999999998
168	0.3917593	0.02085111
169	0.3879459	0.020770490000000003
170	0.3847403	0.02066684
171	0.3814043	0.020565479999999997
172	0.3783727	0.020448010000000003
173	0.37497369999999997	0.020295979999999998
174	0.3722261	0.02013012
175	0.37005489999999996	0.01999422
176	0.36767839999999996	0.01985601
177	0.3649446	0.019727019999999998
178	0.3618753	0.01961645
179	0.3585814	0.019487450000000003
180	0.3548938	0.01935846
181	0.3513872	0.01921564
182	0.34774669999999996	0.019045190000000004
183	0.3442807	0.018883940000000002
184	0.3411082	0.018697360000000003
185	0.3378063	0.018510779999999998
186	0.3348388	0.01831037
187	0.3319587	0.01814222
188	0.3289412	0.01799249
189	0.3253546	0.01783125
190	0.321527	0.017702259999999997
191	0.31737489999999996	0.01755483
192	0.3125997	0.01741893
193	0.30806449999999996	0.017241560000000003
194	0.3033244	0.01701582
195	0.29922519999999997	0.01679929
196	0.29586439999999997	0.01661041
197	0.29247059999999997	0.016426129999999997
198	0.2887651	0.01625336
199	0.2843925	0.016094419999999998
200	0.27967929999999996	0.01590324
201	0.2748135	0.01571896
202	0.2704374	0.01550934
203	0.26574359999999997	0.01531124
204	0.26132839999999996	0.01510853
205	0.2569951	0.01486897
206	0.25254319999999997	0.0146248
207	0.2484617	0.01438063
208	0.24467599999999998	0.01413186
209	0.24087299999999998	0.01388308
210	0.23705549999999997	0.01366195
211	0.2330487	0.01347997
212	0.22835419999999998	0.01326575
213	0.22304929999999998	0.01305383
214	0.21780259999999999	0.01282348
215	0.2126523	0.01257701
216	0.2077238	0.0123052
217	0.203282	0.012047210000000001
218	0.19915839999999999	0.01183298
219	0.1947301	0.01159803
220	0.1895285	0.01136998
221	0.18440369999999998	0.01116267
222	0.17919549999999998	0.01093232
223	0.17357869999999997	0.01071119
224	0.16818199999999997	0.010499268
225	0.1625122	0.0102574
226	0.15683099999999997	0.01001784
227	0.15149849999999998	0.009757543
228	0.14629179999999997	0.009481128
229	0.14131139999999998	0.009207013
230	0.13667249999999997	0.008928292
231	0.13200679999999998	0.008677212
232	0.1273936	0.008423829
233	0.12219899999999997	0.008170445
234	0.11685689999999999	0.007928580000000001
235	0.11142379999999999	0.007670589
236	0.10587659999999999	0.007405689
237	0.10032749999999999	0.007129274
238	0.09507529999999999	0.006841337
239	0.09010918999999998	0.00657183
240	0.08516804999999998	0.006297715
241	0.07991977999999998	0.006051242
242	0.07463496999999998	0.0057748240000000004
243	0.06908339999999999	0.005519137
244	0.06356699999999998	0.005258843
245	0.05804775999999999	0.005000853
246	0.052508209999999986	0.0047589880000000005
247	0.04679846999999998	0.004507911
248	0.040748369999999985	0.004219975
249	0.03495504999999998	0.003925129
250	0.029740269999999985	0.00364871
251	0.024647759999999984	0.003353865
252	0.019367839999999983	0.003077447
253	0.014445049999999984	0.0028240640000000003
254	0.009106439999999985	0.002554556
255	0.003270775999999984	0.0022643180000000004
256	-0.0024540170000000162	0.001969472
257	-0.007670043000000016	0.00167693
258	-0.012726680000000016	0.0013843875000000001
259	-0.017830400000000017	0.0011102730000000002
260	-0.022851150000000015	0.0008453727000000001
261	-0.028320080000000015	0.0005965966100000001
262	-0.03421357000000001	0.00027410910000000006
263	-0.040188200000000014	-5.0681899999999885e-05
264	-0.04486610000000001	-0.0003570448999999999
265	-0.04924429000000002	-0.0006518909999999999
266	-0.05413807000000002	-0.000914488
267	-0.058995010000000014	-0.001204726
268	-0.06464467000000002	-0.0014696269999999998
269	-0.07006027000000002	-0.001782901
270	-0.07568845000000002	-0.002059319
271	-0.08044910000000001	-0.002351861
272	-0.08559915000000001	-0.002605244
273	-0.09088088000000001	-0.002849413
274	-0.09662520000000002	-0.0031281349999999998
275	-0.10257758000000002	-0.003432193
276	-0.10816650000000001	-0.003717825
277	-0.11315820000000001	-0.004014974
278	-0.11808690000000002	-0.00428909
279	-0.12264490000000002	-0.004558598
280	-0.12790440000000003	-0.004809677
281	-0.13320230000000002	-0.005060757
282	-0.1387883	-0.005309533
283	-0.1445432	-0.005562916
284	-0.15013320000000002	-0.0058186
285	-0.15571210000000002	-0.006106535
286	-0.16107870000000002	-0.006389865
287	-0.16583250000000002	-0.00667089
288	-0.1704563	-0.006949612
289	-0.17500210000000002	-0.00722603
290	-0.17982	-0.007507052
291	-0.18454500000000001	-0.007765042
292	-0.18915130000000002	-0.008039158
293	-0.19407280000000002	-0.008294844
294	-0.1988331	-0.008548228
295	-0.203795	-0.008799307
296	-0.20864270000000001	-0.00905269
297	-0.2135286	-0.009326805
298	-0.218347	-0.00960783
299	-0.2229935	-0.00988655
300	-0.2270755	-0.01015375
301	-0.2310416	-0.010370279999999999
302	-0.23549560000000003	-0.0105799
303	-0.2404475	-0.01077109
304	-0.2458874	-0.01098762
305	-0.251645	-0.01122027
306	-0.2567936	-0.01147595
307	-0.26125980000000004	-0.01172703
308	-0.2655439	-0.011945859999999999
309	-0.2695576	-0.01219925
310	-0.27401600000000004	-0.01244572
311	-0.27817970000000003	-0.01270371
312	-0.2819433	-0.01295709
313	-0.2854659	-0.01318975
314	-0.2890081	-0.01340627
315	-0.29306930000000003	-0.01361358
316	-0.29732200000000003	-0.01381629
317	-0.3018285	-0.01403973
318	-0.30612330000000004	-0.01430002
319	-0.30988150000000003	-0.014551099999999999
320	-0.31321930000000003	-0.014813699999999999
321	-0.3162621	-0.01504405
322	-0.3190136	-0.015258269999999999
323	-0.3220927	-0.015424120000000001
324	-0.3259271	-0.015599179999999999
325	-0.3302892	-0.01577886
326	-0.33433820000000003	-0.01597696
327	-0.338587	-0.016158930000000002
328	-0.3423454	-0.01634551
329	-0.3460161	-0.01651367
330	-0.34954430000000003	-0.01670716
331	-0.353239	-0.016900650000000003
332	-0.3567292	-0.017121789999999998
333	-0.3598017	-0.017342919999999998
334	-0.3619638	-0.0175272
335	-0.3644579	-0.017663110000000003
336	-0.3672499	-0.0177898
337	-0.3708505	-0.017918789999999997
338	-0.3746369	-0.01808925
339	-0.3785961	-0.0182574
340	-0.3817583	-0.01846702
341	-0.3841907	-0.018667419999999997
342	-0.3858607	-0.01885631
343	-0.3878101	-0.01900834
344	-0.3896719	-0.01915116
345	-0.3922028	-0.019298580000000003
346	-0.3947623	-0.019422969999999998
347	-0.3974433	-0.01953353
348	-0.4002434	-0.01966023
349	-0.40305270000000004	-0.01979383
350	-0.40556030000000004	-0.01991131
351	-0.40800420000000004	-0.020028780000000003
352	-0.4104142	-0.02018081
353	-0.41266020000000003	-0.02032133
354	-0.4142619	-0.020461840000000002
355	-0.4156802	-0.020581620000000002
356	-0.4172667	-0.020701400000000002
357	-0.4189647	-0.02079815
358	-0.420536	-0.02085343
359	-0.42258830000000003	-0.020901799999999998
360	-0.42520230000000003	-0.020980119999999998
361	-0.4279431	-0.021136759999999997
362	-0.4298429	-0.02124963
363	-0.4306492	-0.021390140000000002
364	-0.4313359	-0.021514529999999997
365	-0.4314112	-0.021615879999999997
366	-0.4318577	-0.021675769999999997
367	-0.43290700000000004	-0.02177022
368	-0.4341083	-0.02183011
369	-0.4350331	-0.021915329999999997
370	-0.4363573	-0.021970620000000003
371	-0.4371453	-0.02203972
372	-0.4382066	-0.022094999999999997
373	-0.4390402	-0.022168720000000003
374	-0.4399095	-0.022251640000000003
375	-0.4404526	-0.02233687
376	-0.4405818	-0.022417489999999998
377	-0.44023860000000004	-0.022472779999999998
378	-0.4401412	-0.022495809999999998
379	-0.4403558	-0.02250042
380	-0.44104150000000003	-0.02247508
381	-0.44184690000000004	-0.02247508
382	-0.4434929	-0.022486600000000002
383	-0.4445275	-0.02253036
384	-0.4449789	-0.02257183
385	-0.44456450000000003	-0.022629410000000003
386	-0.44400310000000004	-0.02264554
387	-0.4431173	-0.02265475
388	-0.44260720000000003	-0.02266397
389	-0.4424193	-0.02268009
390	-0.4421849	-0.02265475
391	-0.44160140000000003	-0.022647840000000002
392	-0.4415188	-0.02263172
393	-0.4410719	-0.02264554
394	-0.4407316	-0.022617900000000003
395	-0.4398806	-0.022629410000000003
396	-0.4392566	-0.02266397
397	-0.4377258	-0.022689300000000003
398	-0.4359292	-0.022677790000000003
399	-0.4341321	-0.022659359999999996
400	-0.43256310000000003	-0.022615589999999998
401	-0.4313012	-0.02252345
402	-0.43056	-0.0224221
403	-0.4303957	-0.022371420000000003
404	-0.430422	-0.02233226
405	-0.42941460000000004	-0.02230232
406	-0.42807670000000003	-0.02223782
407	-0.4262958	-0.022226299999999997
408	-0.4247495	-0.022150290000000003
409	-0.42235320000000004	-0.022065059999999997
410	-0.42077020000000004	-0.02196832
411	-0.4197242	-0.021903819999999997
412	-0.4184153	-0.0218232
413	-0.4166425	-0.02174488
414	-0.41488610000000004	-0.02163892
415	-0.413039	-0.02153065
416	-0.4113103	-0.02144542
417	-0.40958700000000003	-0.021376319999999997
418	-0.40766040000000003	-0.02136941
419	-0.4051399	-0.021334859999999997
420	-0.401136	-0.02129109
421	-0.3971074	-0.02116671
422	-0.3937473	-0.021028489999999997
423	-0.3915155	-0.020892590000000003
424	-0.3894947	-0.020784320000000002
425	-0.3878451	-0.02067145
426	-0.3853935	-0.020579319999999998
427	-0.3826316	-0.02045723
428	-0.37944	-0.02036048
429	-0.37662300000000004	-0.02024301
430	-0.3734485	-0.02012783
431	-0.370267	-0.01999423
432	-0.36697070000000004	-0.01986293
433	-0.36379300000000003	-0.0197086
434	-0.36082230000000004	-0.019531229999999997
435	-0.3580294	-0.019358470000000003
436	-0.3553806	-0.019183409999999998
437	-0.3528872	-0.01903137
438	-0.35039400000000004	-0.01889317
439	-0.3469435	-0.018757259999999998
440	-0.3433292	-0.01866512
441	-0.33943450000000003	-0.01852922
442	-0.33468380000000003	-0.018381790000000002
443	-0.3305846	-0.01822746
444	-0.3263981	-0.018040880000000002
445	-0.3223999	-0.017840469999999997
446	-0.3192124	-0.01765389
447	-0.3160699	-0.01751568
448	-0.3127132	-0.01734062
449	-0.3080675	-0.01716095
450	-0.3041343	-0.01700431
451	-0.299873	-0.01685689
452	-0.29533980000000004	-0.01668873
453	-0.2908741	-0.01650215
454	-0.2862788	-0.01630636
455	-0.2817579	-0.016085219999999997
456	-0.27778	-0.01582493
457	-0.2741753	-0.015594579999999999
458	-0.2711313	-0.015380360000000001
459	-0.2674317	-0.015179960000000001
460	-0.2635095	-0.01496112
461	-0.2590501	-0.0147515
462	-0.2548346	-0.01453728
463	-0.2502206	-0.01433227
464	-0.2456279	-0.01412035
465	-0.24110240000000002	-0.01387388
466	-0.2364195	-0.01364353
467	-0.2319178	-0.01338784
468	-0.22765200000000002	-0.01315519
469	-0.22362230000000002	-0.01292254
470	-0.21915710000000002	-0.0126991
471	-0.21435620000000002	-0.01249179
472	-0.2094071	-0.01227987
473	-0.2042393	-0.012107109999999999
474	-0.19884210000000002	-0.01190901
475	-0.19258850000000002	-0.01168557
476	-0.186756	-0.0114391
477	-0.18152530000000003	-0.0111765
478	-0.17669430000000003	-0.01095076
479	-0.1720693	-0.01070429
480	-0.1670538	-0.01047394
481	-0.1620048	-0.01022977
482	-0.15666510000000003	-0.0099879
483	-0.1514801	-0.00975525
484	-0.14628950000000002	-0.00951799
485	-0.1408173	-0.00926461
486	-0.1354546	-0.008983585
487	-0.130225	-0.008684131
488	-0.1255515	-0.008407715999999999
489	-0.12118390000000001	-0.008133601
490	-0.11650040000000002	-0.007852577
491	-0.11179670000000001	-0.0075692469999999994
492	-0.10665220000000002	-0.007285918000000001
493	-0.10181175000000002	-0.00710855
494	-0.09701291000000002	-0.006811401
495	-0.08993543000000001	-0.006551107
496	-0.08526557000000001	-0.006297724
497	-0.08004731000000001	-0.006051252
498	-0.07428824000000002	-0.00578405
499	-0.06856351000000002	-0.005507632
500	-0.06302935000000001	-0.005245035
501	-0.05772562000000002	-0.004961706
502	-0.052212330000000015	-0.004685287
503	-0.04700913000000002	-0.004406566
504	-0.04164652000000001	-0.004143971
505	-0.03636062000000002	-0.0038606429999999995
506	-0.030919820000000015	-0.0035842239999999996
507	-0.025541750000000016	-0.0033124129999999997
508	-0.02021840000000002	-0.003012959
509	-0.014824481000000016	-0.002736541
510	-0.009447690000000016	-0.002483158
511	-0.004076503500000016	-0.002213652
