0.000000000000000000e+00	3.164174000000001541e-02	-8.296213026749692937e-04	1.732328657364458346e-01
1.000000000000000000e+00	3.759743000000001500e-02	-4.912225773834645332e-04	1.732830835871866648e-01
2.000000000000000000e+00	4.380395000000001510e-02	-1.527512336098342375e-04	1.733072261296493000e-01
3.000000000000000000e+00	5.061312000000001837e-02	1.857417961229685299e-04	1.733052897309099172e-01
4.000000000000000000e+00	5.730219000000001672e-02	5.242055760287282155e-04	1.732772746823540988e-01
5.000000000000000000e+00	6.389562000000001407e-02	8.625891747226881179e-04	1.732231851996330063e-01
6.000000000000000000e+00	7.025263000000001035e-02	1.200841672885607061e-03	1.731430294220289157e-01
7.000000000000000000e+00	7.886752000000001039e-02	1.538912170926002220e-03	1.730368194112305857e-01
8.000000000000000000e+00	8.511562000000001682e-02	1.876749796639422437e-03	1.729045711495180160e-01
9.000000000000000000e+00	8.827313000000001908e-02	2.214303712863600979e-03	1.727463045373577311e-01
1.000000000000000000e+01	9.504865000000001229e-02	2.551523125128333895e-03	1.725620433904079543e-01
1.100000000000000000e+01	1.021299500000000110e-01	2.888357289298935753e-03	1.723518154359350574e-01
1.200000000000000000e+01	1.090151500000000190e-01	3.224755519212121804e-03	1.721156523086410650e-01
1.300000000000000000e+01	1.155510500000000162e-01	3.560667194303160799e-03	1.718535895459034624e-01
1.400000000000000000e+01	1.222075500000000259e-01	3.896041767223167637e-03	1.715656665824274729e-01
1.500000000000000000e+01	1.316334500000000129e-01	4.230828771445365767e-03	1.712519267443121385e-01
1.600000000000000000e+01	1.344863500000000045e-01	4.564977828859198734e-03	1.709124172425305066e-01
1.700000000000000000e+01	1.426393500000000258e-01	4.898438657351129877e-03	1.705471891658256189e-01
1.800000000000000000e+01	1.454921500000000145e-01	5.231161078370999591e-03	1.701562974730225775e-01
1.900000000000000000e+01	1.513110500000000025e-01	5.563095024482797406e-03	1.697398009847586042e-01
2.000000000000000000e+01	1.571822500000000233e-01	5.894190546898713488e-03	1.692977623746317328e-01
2.100000000000000000e+01	1.632253500000000190e-01	6.224397822995342451e-03	1.688302481597698801e-01
2.200000000000000000e+01	1.695983500000000088e-01	6.553667163810886730e-03	1.683373286908213251e-01
2.300000000000000000e+01	1.761646500000000060e-01	6.881949021522271864e-03	1.678190781413687049e-01
2.400000000000000000e+01	1.823156500000000235e-01	7.209193996900988867e-03	1.672755744967672764e-01
2.500000000000000000e+01	1.884906500000000096e-01	7.535352846746613299e-03	1.667068995424100253e-01
2.600000000000000000e+01	1.947347500000000120e-01	7.860376491296819715e-03	1.661131388514206220e-01
2.700000000000000000e+01	2.009912500000000102e-01	8.184216021612815070e-03	1.654943817717766108e-01
2.800000000000000000e+01	2.068846500000000033e-01	8.506822706939056594e-03	1.648507214128644982e-01
2.900000000000000000e+01	2.125509500000000163e-01	8.828148002036169048e-03	1.641822546314687381e-01
3.000000000000000000e+01	2.183183500000000221e-01	9.148143554485939008e-03	1.634890820171970849e-01
3.100000000000000000e+01	2.240095500000000017e-01	9.466761211967288092e-03	1.627713078773438959e-01
3.200000000000000000e+01	2.299192500000000194e-01	9.783953029502153939e-03	1.620290402211941871e-01
3.300000000000000000e+01	2.359840500000000285e-01	1.009967127667014790e-02	1.612623907437706894e-01
3.400000000000000000e+01	2.425897500000000206e-01	1.041386844479094340e-02	1.604714748090261545e-01
3.500000000000000000e+01	2.491676500000000183e-01	1.072649725407329516e-02	1.596564114324836026e-01
3.600000000000000000e+01	2.585095500000000324e-01	1.103751066072960162e-02	1.588173232633270371e-01
3.700000000000000000e+01	2.611377500000000018e-01	1.134686186405497663e-02	1.579543365659455412e-01
3.800000000000000000e+01	2.664274500000000101e-01	1.165450431346971676e-02	1.570675812009331707e-01
3.900000000000000000e+01	2.714844499999999883e-01	1.196039171552416153e-02	1.561571906055477799e-01
4.000000000000000000e+01	2.766904500000000322e-01	1.226447804086482768e-02	1.552233017736316945e-01
4.100000000000000000e+01	2.819512500000000421e-01	1.256671753116082348e-02	1.542660552349970904e-01
4.200000000000000000e+01	2.873929500000000359e-01	1.286706470598947619e-02	1.532855950342793538e-01
4.300000000000000000e+01	2.928515500000000160e-01	1.316547436968014233e-02	1.522820687092615033e-01
4.400000000000000000e+01	2.986198500000000200e-01	1.346190161811516156e-02	1.512556272686730041e-01
4.500000000000000000e+01	3.044347500000000317e-01	1.375630184548694811e-02	1.502064251694662234e-01
4.600000000000000000e+01	3.103143500000000166e-01	1.404863075101017364e-02	1.491346202935741605e-01
4.700000000000000000e+01	3.159558500000000381e-01	1.433884434558808582e-02	1.480403739241525074e-01
4.800000000000000000e+01	3.214642500000000069e-01	1.462689895843188696e-02	1.469238507213101452e-01
4.900000000000000000e+01	3.285291499999999920e-01	1.491275124363224298e-02	1.457852186973314645e-01
5.000000000000000000e+01	3.307630500000000029e-01	1.519635818668188011e-02	1.446246491913941168e-01
5.100000000000000000e+01	3.350050500000000264e-01	1.547767711094834298e-02	1.434423168437861662e-01
5.200000000000000000e+01	3.399772500000000086e-01	1.575666568409587673e-02	1.422383995696267500e-01
5.300000000000000000e+01	3.449755500000000197e-01	1.603328192445551900e-02	1.410130785320935498e-01
5.400000000000000000e+01	3.500183500000000336e-01	1.630748420734244239e-02	1.397665381151618480e-01
5.500000000000000000e+01	3.556204500000000324e-01	1.657923127131951876e-02	1.384989658958586112e-01
5.600000000000000000e+01	3.611573499999999881e-01	1.684848222440630400e-02	1.372105526160364297e-01
5.700000000000000000e+01	3.662616499999999942e-01	1.711519655023235192e-02	1.359014921536709497e-01
5.800000000000000000e+01	3.713436500000000251e-01	1.737933411413405613e-02	1.345719814936865433e-01
5.900000000000000000e+01	3.759234499999999923e-01	1.764085516919404115e-02	1.332222206983143253e-01
6.000000000000000000e+01	3.804011500000000212e-01	1.789972036222219412e-02	1.318524128769872072e-01
6.100000000000000000e+01	3.844511500000000193e-01	1.815589073967744868e-02	1.304627641557763729e-01
6.200000000000000000e+01	3.888064500000000256e-01	1.840932775352947803e-02	1.290534836463738400e-01
6.300000000000000000e+01	3.932210500000000164e-01	1.865999326705928066e-02	1.276247834146256865e-01
6.400000000000000000e+01	3.970518500000000395e-01	1.890784956059794394e-02	1.261768784486207717e-01
6.500000000000000000e+01	4.015513500000000291e-01	1.915285933720264552e-02	1.247099866263398915e-01
6.600000000000000000e+01	4.061507500000000048e-01	1.939498572826898679e-02	1.232243286828696993e-01
6.700000000000000000e+01	4.111504500000000006e-01	1.963419229907894387e-02	1.217201281771870397e-01
6.800000000000000000e+01	4.161949500000000080e-01	1.987044305428347854e-02	1.201976114585182193e-01
6.900000000000000000e+01	4.209054500000000143e-01	2.010370244331905615e-02	1.186570076322783357e-01
7.000000000000000000e+01	4.248395500000000102e-01	2.033393536575722055e-02	1.170985485255959802e-01
7.100000000000000000e+01	4.276108500000000423e-01	2.056110717658644199e-02	1.155224686524283506e-01
7.200000000000000000e+01	4.307058500000000012e-01	2.078518369142543995e-02	1.139290051782720359e-01
7.300000000000000000e+01	4.336824499999999971e-01	2.100613119166717252e-02	1.123183978844747161e-01
7.400000000000000000e+01	4.368336500000000178e-01	2.122391642955274993e-02	1.106908891321534416e-01
7.500000000000000000e+01	4.399727500000000235e-01	2.143850663317450195e-02	1.090467238257245147e-01
7.600000000000000000e+01	4.434946499999999903e-01	2.164986951140743243e-02	1.073861493760507602e-01
7.700000000000000000e+01	4.474791499999999922e-01	2.185797325876830816e-02	1.057094156632116255e-01
7.800000000000000000e+01	4.535493500000000178e-01	2.206278656020170884e-02	1.040167749989017454e-01
7.900000000000000000e+01	4.552818499999999879e-01	2.226427859579224733e-02	1.023084820884634094e-01
8.000000000000000000e+01	4.582654500000000186e-01	2.246241904540228693e-02	1.005847939925591378e-01
8.100000000000000000e+01	4.607288500000000231e-01	2.265717809323447920e-02	9.884597008848962363e-02
8.200000000000000000e+01	4.632572500000000093e-01	2.284852643231835220e-02	9.709227203116313487e-02
8.300000000000000000e+01	4.655988500000000085e-01	2.303643526892040425e-02	9.532396371372219013e-02
8.400000000000000000e+01	4.684425500000000131e-01	2.322087632687690195e-02	9.354131122783340690e-02
8.500000000000000000e+01	4.726644500000000138e-01	2.340182185184884814e-02	9.174458282364651718e-02
8.600000000000000000e+01	4.739511499999999877e-01	2.357924461549838757e-02	8.993404886942867049e-02
8.700000000000000000e+01	4.763743500000000020e-01	2.375311791958606075e-02	8.810998181087985326e-02
8.800000000000000000e+01	4.797527500000000056e-01	2.392341559998834369e-02	8.627265613013578027e-02
8.900000000000000000e+01	4.835684500000000385e-01	2.409011203063473813e-02	8.442234830446442018e-02
9.000000000000000000e+01	4.873355500000000062e-01	2.425318212736395432e-02	8.255933676466220561e-02
9.100000000000000000e+01	4.907009500000000246e-01	2.441260135169851311e-02	8.068390185315618690e-02
9.200000000000000000e+01	4.941563500000000220e-01	2.456834571453726454e-02	7.879632578181876290e-02
9.300000000000000000e+01	4.948701500000000086e-01	2.472039177976521201e-02	7.689689258950092865e-02
9.400000000000000000e+01	4.969640499999999905e-01	2.486871666778014967e-02	7.498588809929065957e-02
9.500000000000000000e+01	4.978126499999999677e-01	2.501329805893550556e-02	7.306359987550278823e-02
9.600000000000000000e+01	4.999300500000000147e-01	2.515411419689900230e-02	7.113031718040681295e-02
9.700000000000000000e+01	5.022378499999999857e-01	2.529114389192648263e-02	6.918633093069948004e-02
9.800000000000000000e+01	5.050731499999999707e-01	2.542436652405050818e-02	6.723193365372791275e-02
9.900000000000000000e+01	5.089988500000000027e-01	2.555376204618321073e-02	6.526741944347082269e-02
1.000000000000000000e+02	5.100624500000000561e-01	2.567931098713294863e-02	6.329308391628375718e-02
1.010000000000000000e+02	5.118636500000000034e-01	2.580099445453428245e-02	6.130922416641533534e-02
1.020000000000000000e+02	5.136792500000000317e-01	2.591879413769087107e-02	5.931613872130107185e-02
1.030000000000000000e+02	5.151569500000000579e-01	2.603269231033082318e-02	5.731412749664147738e-02
1.040000000000000000e+02	5.164339500000000305e-01	2.614267183327412605e-02	5.530349175127138861e-02
1.050000000000000000e+02	5.175584500000000032e-01	2.624871615701169364e-02	5.328453404182713349e-02
1.060000000000000000e+02	5.187585500000000405e-01	2.635080932419572863e-02	5.125755817721830421e-02
1.070000000000000000e+02	5.195345500000000394e-01	2.644893597204094060e-02	4.922286917291116004e-02
1.080000000000000000e+02	5.204417500000000363e-01	2.654308133463631134e-02	4.718077320503059890e-02
1.090000000000000000e+02	5.219658500000000645e-01	2.663323124516705359e-02	4.513157756428723411e-02
1.100000000000000000e+02	5.237819500000000517e-01	2.671937213804637112e-02	4.307559060973694537e-02
1.110000000000000000e+02	5.263912499999999772e-01	2.680149105095683271e-02	4.101312172237955161e-02
1.120000000000000000e+02	5.286398500000000222e-01	2.687957562680086745e-02	3.894448125860384968e-02
1.130000000000000000e+02	5.300504500000000618e-01	2.695361411556027390e-02	3.686998050348562483e-02
1.140000000000000000e+02	5.304830500000000670e-01	2.702359537606431605e-02	3.478993162394614092e-02
1.150000000000000000e+02	5.302811499999999789e-01	2.708950887766625043e-02	3.270464762177786866e-02
1.160000000000000000e+02	5.303826500000000665e-01	2.715134470182793344e-02	3.061444228654457839e-02
1.170000000000000000e+02	5.307958500000000690e-01	2.720909354361235322e-02	2.851963014836281923e-02
1.180000000000000000e+02	5.312229499999999716e-01	2.726274671308382205e-02	2.642052643057207079e-02
1.190000000000000000e+02	5.321296500000000096e-01	2.731229613661561792e-02	2.431744700230063436e-02
1.200000000000000000e+02	5.327965500000000354e-01	2.735773435810488416e-02	2.221070833093404320e-02
1.210000000000000000e+02	5.337015499999999690e-01	2.739905454009463129e-02	2.010062743449378408e-02
1.220000000000000000e+02	5.343875500000000445e-01	2.743625046480258761e-02	1.798752183393302270e-02
1.230000000000000000e+02	5.345128500000000393e-01	2.746931653505687437e-02	1.587170950535662581e-02
1.240000000000000000e+02	5.344713500000000117e-01	2.749824777513823135e-02	1.375350883217274153e-02
1.250000000000000000e+02	5.343334499999999876e-01	2.752303983152877900e-02	1.163323855718302081e-02
1.260000000000000000e+02	5.333166500000000587e-01	2.754368897356710214e-02	9.511217734618972186e-03
1.270000000000000000e+02	5.319957499999999895e-01	2.756019209400964801e-02	7.387765682131045356e-03
1.280000000000000000e+02	5.302652500000000213e-01	2.757254670949828984e-02	5.263201932738487479e-03
1.290000000000000000e+02	5.298837499999999867e-01	2.758075096093403136e-02	3.137846186746575360e-03
1.300000000000000000e+02	5.291275500000000021e-01	2.758480361375675177e-02	1.012018263638725813e-03
1.310000000000000000e+02	5.289304500000000520e-01	2.758470405813096687e-02	-1.113961946049332958e-03
1.320000000000000000e+02	5.288203500000000501e-01	2.758045230903762024e-02	-3.239774528866115350e-03
1.330000000000000000e+02	5.287392499999999940e-01	2.757204900627181765e-02	-5.365099596584194282e-03
1.340000000000000000e+02	5.282858500000000568e-01	2.755949541434654648e-02	-7.489617334336598833e-03
1.350000000000000000e+02	5.274750500000000564e-01	2.754279342230240429e-02	-9.613008048741798067e-03
1.360000000000000000e+02	5.261701500000000031e-01	2.752194554342332969e-02	-1.173495221601058257e-02
1.370000000000000000e+02	5.242927499999999741e-01	2.749695491485842566e-02	-1.385513053002740413e-02
1.380000000000000000e+02	5.222818500000000475e-01	2.746782529714985460e-02	-1.597322395039894524e-02
1.390000000000000000e+02	5.203875500000000320e-01	2.743456107366699578e-02	-1.808891375046275257e-02
1.400000000000000000e+02	5.190248499999999821e-01	2.739716724994682717e-02	-2.020188156524846054e-02
1.410000000000000000e+02	5.183851499999999612e-01	2.735564945294070155e-02	-2.231180943938497474e-02
1.420000000000000000e+02	5.173090500000000480e-01	2.731001393016760370e-02	-2.441837987494564766e-02
1.430000000000000000e+02	5.167995499999999964e-01	2.726026754877405867e-02	-2.652127587922478713e-02
1.440000000000000000e+02	5.154147500000000326e-01	2.720641779450076389e-02	-2.862018101243811105e-02
1.450000000000000000e+02	5.139558499999999919e-01	2.714847277055614655e-02	-3.071477943534002900e-02
1.460000000000000000e+02	5.118190500000000531e-01	2.708644119639701253e-02	-3.280475595675053785e-02
1.470000000000000000e+02	5.109010499999999677e-01	2.702033240641645365e-02	-3.488979608098444901e-02
1.480000000000000000e+02	5.086149500000000101e-01	2.695015634853924549e-02	-3.696958605517635527e-02
1.490000000000000000e+02	5.054193500000000450e-01	2.687592358272486784e-02	-3.904381291649335756e-02
1.500000000000000000e+02	5.025327499999999725e-01	2.679764527937849791e-02	-4.111216453922918873e-02
1.510000000000000000e+02	4.997658500000000670e-01	2.671533321767008418e-02	-4.317432968177230268e-02
1.520000000000000000e+02	4.969182500000000058e-01	2.662899978376185098e-02	-4.522999803344090325e-02
1.530000000000000000e+02	4.963368500000000516e-01	2.653865796894444573e-02	-4.727886026117793239e-02
1.540000000000000000e+02	4.946651499999999979e-01	2.644432136768205127e-02	-4.932060805609879417e-02
1.550000000000000000e+02	4.927274500000000113e-01	2.634600417556669238e-02	-5.135493417988529902e-02
1.560000000000000000e+02	4.885396499999999920e-01	2.624372118718212160e-02	-5.338153251101813990e-02
1.570000000000000000e+02	4.870042500000000274e-01	2.613748779387756183e-02	-5.540009809084154441e-02
1.580000000000000000e+02	4.838545499999999944e-01	2.602731998145163886e-02	-5.741032716945284470e-02
1.590000000000000000e+02	4.804658500000000276e-01	2.591323432774687852e-02	-5.941191725141019286e-02
1.600000000000000000e+02	4.770719500000000224e-01	2.579524800015509101e-02	-6.140456714125148291e-02
1.610000000000000000e+02	4.735436500000000382e-01	2.567337875303406236e-02	-6.338797698881776244e-02
1.620000000000000000e+02	4.702605499999999994e-01	2.554764492503591375e-02	-6.536184833437387598e-02
1.630000000000000000e+02	4.672531500000000060e-01	2.541806543634753807e-02	-6.732588415352042110e-02
1.640000000000000000e+02	4.650025500000000145e-01	2.528465978584351279e-02	-6.927978890188926653e-02
1.650000000000000000e+02	4.627806500000000156e-01	2.514744804815196438e-02	-7.122326855961635950e-02
1.660000000000000000e+02	4.598737500000000256e-01	2.500645087063376251e-02	-7.315603067558566763e-02
1.670000000000000000e+02	4.555650500000000269e-01	2.486168947027555046e-02	-7.507778441143617143e-02
1.680000000000000000e+02	4.540198500000000026e-01	2.471318563049704903e-02	-7.698824058532714731e-02
1.690000000000000000e+02	4.505089500000000191e-01	2.456096169787314737e-02	-7.888711171545324807e-02
1.700000000000000000e+02	4.467071499999999973e-01	2.440504057877120048e-02	-8.077411206330467608e-02
1.710000000000000000e+02	4.404089500000000212e-01	2.424544573590415447e-02	-8.264895767666413651e-02
1.720000000000000000e+02	4.383910500000000043e-01	2.408220118479990554e-02	-8.451136643233564394e-02
1.730000000000000000e+02	4.346536500000000025e-01	2.391533149018747889e-02	-8.636105807859806305e-02
1.740000000000000000e+02	4.309748500000000204e-01	2.374486176230061057e-02	-8.819775427737633344e-02
1.750000000000000000e+02	4.279872500000000413e-01	2.357081765309916241e-02	-9.002117864612592391e-02
1.760000000000000000e+02	4.246712500000000001e-01	2.339322535240910550e-02	-9.183105679942168975e-02
1.770000000000000000e+02	4.217567500000000136e-01	2.321211158398148872e-02	-9.362711639024740018e-02
1.780000000000000000e+02	4.161208500000000421e-01	2.302750360147113109e-02	-9.540908715097767834e-02
1.790000000000000000e+02	4.139200500000000393e-01	2.283942918433553432e-02	-9.717670093404737197e-02
1.800000000000000000e+02	4.087794499999999887e-01	2.264791663365464669e-02	-9.892969175230222068e-02
1.810000000000000000e+02	4.034502500000000103e-01	2.245299476787224885e-02	-1.006677958190235617e-01
1.820000000000000000e+02	3.987313500000000399e-01	2.225469291845931508e-02	-1.023907515876230079e-01
1.830000000000000000e+02	3.941174500000000358e-01	2.205304092550035289e-02	-1.040982997909989799e-01
1.840000000000000000e+02	3.899519499999999916e-01	2.184806913320306437e-02	-1.057901834805511782e-01
1.850000000000000000e+02	3.856174500000000283e-01	2.163980838533225218e-02	-1.074661480648453210e-01
1.860000000000000000e+02	3.810496500000000175e-01	2.142829002056847315e-02	-1.091259413479237494e-01
1.870000000000000000e+02	3.768007500000000176e-01	2.121354586779225851e-02	-1.107693135672556117e-01
1.880000000000000000e+02	3.728817500000000118e-01	2.099560824129460823e-02	-1.123960174313201887e-01
1.890000000000000000e+02	3.666311500000000168e-01	2.077450993591431483e-02	-1.140058081568193216e-01
1.900000000000000000e+02	3.643015500000000295e-01	2.055028422210316424e-02	-1.155984435055115306e-01
1.910000000000000000e+02	3.590763499999999886e-01	2.032296484091934696e-02	-1.171736838206639403e-01
1.920000000000000000e+02	3.532068500000000166e-01	2.009258599895026587e-02	-1.187312920631150293e-01
1.930000000000000000e+02	3.454049499999999884e-01	1.985918236316515026e-02	-1.202710338469439727e-01
1.940000000000000000e+02	3.427733500000000322e-01	1.962278905569840928e-02	-1.217926774747407903e-01
1.950000000000000000e+02	3.375311500000000020e-01	1.938344164856459911e-02	-1.232959939724713044e-01
1.960000000000000000e+02	3.303136500000000142e-01	1.914117615830551039e-02	-1.247807571239331753e-01
1.970000000000000000e+02	3.280073500000000308e-01	1.889602904057057983e-02	-1.262467435047960329e-01
1.980000000000000000e+02	3.210302500000000170e-01	1.864803718463100418e-02	-1.276937325162224024e-01
1.990000000000000000e+02	3.185144500000000045e-01	1.839723790782880897e-02	-1.291215064180625538e-01
2.000000000000000000e+02	3.131465500000000235e-01	1.814366894996132309e-02	-1.305298503616200423e-01
2.010000000000000000e+02	3.072803500000000354e-01	1.788736846760223889e-02	-1.319185524219813610e-01
2.020000000000000000e+02	3.010575500000000071e-01	1.762837502835984047e-02	-1.332874036299062370e-01
2.030000000000000000e+02	2.945465500000000181e-01	1.736672760507341692e-02	-1.346361980032728667e-01
2.040000000000000000e+02	2.888488499999999903e-01	1.710246556994874517e-02	-1.359647325780736216e-01
2.050000000000000000e+02	2.828530499999999948e-01	1.683562868863337780e-02	-1.372728074389569231e-01
2.060000000000000000e+02	2.769035499999999983e-01	1.656625711423286018e-02	-1.385602257493097345e-01
2.070000000000000000e+02	2.711921500000000207e-01	1.629439138126848041e-02	-1.398267937808776173e-01
2.080000000000000000e+02	2.657602500000000312e-01	1.602007239957777690e-02	-1.410723209429162184e-01
2.090000000000000000e+02	2.604918500000000248e-01	1.574334144815849740e-02	-1.422966198108711056e-01
2.100000000000000000e+02	2.525195500000000370e-01	1.546424016895696016e-02	-1.434995061545813189e-01
2.110000000000000000e+02	2.497722500000000290e-01	1.518281056060193611e-02	-1.446807989660014448e-01
2.120000000000000000e+02	2.435312500000000047e-01	1.489909497208468173e-02	-1.458403204864399394e-01
2.130000000000000000e+02	2.367009500000000211e-01	1.461313609638644970e-02	-1.469778962333074812e-01
2.140000000000000000e+02	2.304193500000000228e-01	1.432497696405401685e-02	-1.480933550263730525e-01
2.150000000000000000e+02	2.242471500000000062e-01	1.403466093672463104e-02	-1.491865290135225841e-01
2.160000000000000000e+02	2.182433500000000026e-01	1.374223170060097712e-02	-1.502572536960172234e-01
2.170000000000000000e+02	2.095704500000000192e-01	1.344773325987735045e-02	-1.513053679532467555e-01
2.180000000000000000e+02	2.067586500000000160e-01	1.315120993011805253e-02	-1.523307140669745430e-01
2.190000000000000000e+02	1.986945500000000253e-01	1.285270633158878614e-02	-1.533331377450710131e-01
2.200000000000000000e+02	1.959292500000000270e-01	1.255226738254236821e-02	-1.543124881447307251e-01
2.210000000000000000e+02	1.873683500000000168e-01	1.224993829245943182e-02	-1.552686178951715734e-01
2.220000000000000000e+02	1.844617500000000077e-01	1.194576455524546353e-02	-1.562013831198102720e-01
2.230000000000000000e+02	1.755370500000000278e-01	1.163979194238493921e-02	-1.571106434579128963e-01
2.240000000000000000e+02	1.724775500000000072e-01	1.133206649605367558e-02	-1.579962620857161271e-01
2.250000000000000000e+02	1.660853500000000205e-01	1.102263452219057888e-02	-1.588581057370161143e-01
2.260000000000000000e+02	1.597125500000000087e-01	1.071154258352952603e-02	-1.596960447232222691e-01
2.270000000000000000e+02	1.532842500000000108e-01	1.039883749259277144e-02	-1.605099529528723201e-01
2.280000000000000000e+02	1.471042500000000197e-01	1.008456630464660796e-02	-1.612997079506065523e-01
2.290000000000000000e+02	1.411328500000000041e-01	9.768776310620660985e-03	-1.620651908755975923e-01
2.300000000000000000e+02	1.327247500000000024e-01	9.451515029991593153e-03	-1.628062865394332148e-01
2.310000000000000000e+02	1.298880500000000049e-01	9.132830203632449212e-03	-1.635228834234499218e-01
2.320000000000000000e+02	1.208439500000000055e-01	8.812769786628758470e-03	-1.642148736955138522e-01
2.330000000000000000e+02	1.176403500000000185e-01	8.491381941062267277e-03	-1.648821532262472744e-01
2.340000000000000000e+02	1.108760500000000176e-01	8.168715028763689351e-03	-1.655246216046976637e-01
2.350000000000000000e+02	1.038644500000000109e-01	7.844817604035219868e-03	-1.661421821534475041e-01
2.360000000000000000e+02	9.700885000000002145e-02	7.519738406344249684e-03	-1.667347419431620126e-01
2.370000000000000000e+02	9.028245000000001408e-02	7.193526352989116669e-03	-1.673022118065729258e-01
2.380000000000000000e+02	8.360254000000001684e-02	6.866230531738086798e-03	-1.678445063518963776e-01
2.390000000000000000e+02	7.724123000000002182e-02	6.537900193442796638e-03	-1.683615439756823706e-01
2.400000000000000000e+02	7.111060000000000991e-02	6.208584744626993376e-03	-1.688532468750943427e-01
2.410000000000000000e+02	6.120076000000002070e-02	5.878333740052026080e-03	-1.693195410596167461e-01
2.420000000000000000e+02	5.793522000000000949e-02	5.547196875259841932e-03	-1.697603563621891687e-01
2.430000000000000000e+02	5.165394000000001623e-02	5.215223979094982774e-03	-1.701756264497646387e-01
2.440000000000000000e+02	4.494153000000001424e-02	4.882465006206399005e-03	-1.705652888332915840e-01
2.450000000000000000e+02	3.858787000000001716e-02	4.548970029530333310e-03	-1.709292848771169215e-01
2.460000000000000000e+02	3.190801000000001442e-02	4.214789232755521489e-03	-1.712675598078094441e-01
2.470000000000000000e+02	2.526148000000001670e-02	3.879972902771556490e-03	-1.715800627224021158e-01
2.480000000000000000e+02	1.944343000000001501e-02	3.544571422101903176e-03	-1.718667465960516672e-01
2.490000000000000000e+02	1.360301000000001606e-02	3.208635261322340115e-03	-1.721275682891150183e-01
2.500000000000000000e+02	7.246140000000015485e-03	2.872214971466326323e-03	-1.723624885536407247e-01
2.510000000000000000e+02	9.450410000000153757e-04	2.535361176418140378e-03	-1.725714720392749202e-01
2.520000000000000000e+02	-5.598964099999985400e-03	2.198124565295062147e-03	-1.727544872985808666e-01
2.530000000000000000e+02	-1.212162299999998416e-02	1.860555884819851784e-03	-1.729115067917710025e-01
2.540000000000000000e+02	-1.889755999999998687e-02	1.522705931684385306e-03	-1.730425068908512110e-01
2.550000000000000000e+02	-2.576907999999998589e-02	1.184625544905960979e-03	-1.731474678831760872e-01
2.560000000000000000e+02	-3.222848999999998465e-02	8.463655981770441036e-04	-1.732263739744154818e-01
2.570000000000000000e+02	-3.849088999999998595e-02	5.079769922099756831e-04	-1.732792132909311833e-01
2.580000000000000000e+02	-4.500844999999998458e-02	1.695106470774936601e-04	-1.733059778815634611e-01
2.590000000000000000e+02	-5.184787999999998509e-02	-1.689825054496587470e-04	-1.733066637188277193e-01
2.600000000000000000e+02	-5.826912999999998150e-02	-5.074515295667640473e-04	-1.732812706995204843e-01
2.610000000000000000e+02	-6.488018999999997649e-02	-8.458454930999510790e-04	-1.732298026447348926e-01
2.620000000000000000e+02	-7.132520999999998612e-02	-1.184113475170272579e-03	-1.731522672992858169e-01
2.630000000000000000e+02	-7.741657999999998485e-02	-1.522204573856281813e-03	-1.730486763305442710e-01
2.640000000000000000e+02	-8.352989999999999027e-02	-1.860067913853569394e-03	-1.729190453266818972e-01
2.650000000000000000e+02	-8.984053999999998263e-02	-2.197652654130418694e-03	-1.727633937943252040e-01
2.660000000000000000e+02	-9.641228999999998384e-02	-2.534907995578307167e-03	-1.725817451556201643e-01
2.670000000000000000e+02	-1.031310799999999861e-01	-2.871783188655969467e-03	-1.723741267447079506e-01
2.680000000000000000e+02	-1.101577499999999848e-01	-3.208227541026193157e-03	-1.721405698036113652e-01
2.690000000000000000e+02	-1.170298499999999908e-01	-3.544190425183803544e-03	-1.718811094775340165e-01
2.700000000000000000e+02	-1.234106499999999829e-01	-3.879621286074096034e-03	-1.715957848095714111e-01
2.710000000000000000e+02	-1.292950499999999669e-01	-4.214469648700177977e-03	-1.712846387348360144e-01
2.720000000000000000e+02	-1.351435499999999734e-01	-4.548685125718382981e-03	-1.709477180739963076e-01
2.730000000000000000e+02	-1.413762499999999811e-01	-4.882217425020502627e-03	-1.705850735262314510e-01
2.740000000000000000e+02	-1.473290499999999892e-01	-5.215016357301561871e-03	-1.701967596616021094e-01
2.750000000000000000e+02	-1.538807499999999828e-01	-5.547031843612306758e-03	-1.697828349128387981e-01
2.760000000000000000e+02	-1.604528499999999802e-01	-5.878213922894889171e-03	-1.693433615665490555e-01
2.770000000000000000e+02	-1.674873499999999793e-01	-6.208512759501015263e-03	-1.688784057538447736e-01
2.780000000000000000e+02	-1.741749499999999951e-01	-6.537878650691024938e-03	-1.683880374403908531e-01
2.790000000000000000e+02	-1.804263499999999854e-01	-6.866262034113113089e-03	-1.678723304158767637e-01
2.800000000000000000e+02	-1.867260499999999768e-01	-7.193613495261401078e-03	-1.673313622829130931e-01
2.810000000000000000e+02	-1.928973499999999952e-01	-7.519883774911667595e-03	-1.667652144453538599e-01
2.820000000000000000e+02	-1.988703499999999735e-01	-7.845023776533862833e-03	-1.661739720960469235e-01
2.830000000000000000e+02	-2.043235499999999927e-01	-8.168984573679979183e-03	-1.655577242040146835e-01
2.840000000000000000e+02	-2.094794499999999837e-01	-8.491717417346495225e-03	-1.649165635010657882e-01
2.850000000000000000e+02	-2.147635499999999975e-01	-8.813173743309962727e-03	-1.642505864678412697e-01
2.860000000000000000e+02	-2.203174499999999980e-01	-9.133305179434874493e-03	-1.635598933192962956e-01
2.870000000000000000e+02	-2.260241499999999792e-01	-9.452063552952662956e-03	-1.628445879896199266e-01
2.880000000000000000e+02	-2.318984499999999782e-01	-9.769400897710559667e-03	-1.621047781165954049e-01
2.890000000000000000e+02	-2.377057499999999934e-01	-1.008526946138954203e-02	-1.613405750254028603e-01
2.900000000000000000e+02	-2.439681499999999947e-01	-1.039962171268991702e-02	-1.605520937118675717e-01
2.910000000000000000e+02	-2.500190500000000204e-01	-1.071241034848383934e-02	-1.597394528251553369e-01
2.920000000000000000e+02	-2.556864500000000096e-01	-1.102358830093330862e-02	-1.589027746499185045e-01
2.930000000000000000e+02	-2.613093499999999958e-01	-1.133310874457288918e-02	-1.580421850878949430e-01
2.940000000000000000e+02	-2.665392500000000053e-01	-1.164092510335594348e-02	-1.571578136389622515e-01
2.950000000000000000e+02	-2.716111499999999679e-01	-1.194699105766323412e-02	-1.562497933816512086e-01
2.960000000000000000e+02	-2.770033499999999815e-01	-1.225126055127309828e-02	-1.553182609531201241e-01
2.970000000000000000e+02	-2.827669499999999614e-01	-1.255368779829180853e-02	-1.543633565285941200e-01
2.980000000000000000e+02	-2.886086499999999666e-01	-1.285422729004344344e-02	-1.533852238002716972e-01
2.990000000000000000e+02	-2.945723499999999828e-01	-1.315283380191786464e-02	-1.523840099557022543e-01
3.000000000000000000e+02	-3.006041499999999589e-01	-1.344946240017605779e-02	-1.513598656556376376e-01
3.010000000000000000e+02	-3.064217499999999927e-01	-1.374406844871172220e-02	-1.503129450113608878e-01
3.020000000000000000e+02	-3.120323499999999584e-01	-1.403660761576793273e-02	-1.492434055614959565e-01
3.030000000000000000e+02	-3.195930499999999896e-01	-1.432703588060820106e-02	-1.481514082483015582e-01
3.040000000000000000e+02	-3.219483499999999943e-01	-1.461530954014054161e-02	-1.470371173934529596e-01
3.050000000000000000e+02	-3.265286499999999759e-01	-1.490138521549390707e-02	-1.459007006733149536e-01
3.060000000000000000e+02	-3.304953499999999655e-01	-1.518521985854569267e-02	-1.447423290937105422e-01
3.070000000000000000e+02	-3.349091499999999888e-01	-1.546677075839956311e-02	-1.435621769641881040e-01
3.080000000000000000e+02	-3.395000499999999977e-01	-1.574599554781254754e-02	-1.423604218717915704e-01
3.090000000000000000e+02	-3.445019500000000012e-01	-1.602285220957028883e-02	-1.411372446543377734e-01
3.100000000000000000e+02	-3.496170499999999848e-01	-1.629729908280982270e-02	-1.398928293732038808e-01
3.110000000000000000e+02	-3.547368499999999925e-01	-1.656929486928851447e-02	-1.386273632856306059e-01
3.120000000000000000e+02	-3.600169500000000022e-01	-1.683879863959864345e-02	-1.373410368165437767e-01
3.130000000000000000e+02	-3.652666499999999705e-01	-1.710576983932630968e-02	-1.360340435298997286e-01
3.140000000000000000e+02	-3.695128500000000038e-01	-1.737016829515399680e-02	-1.347065800995582707e-01
3.150000000000000000e+02	-3.737668499999999838e-01	-1.763195422090582665e-02	-1.333588462796871654e-01
3.160000000000000000e+02	-3.772556499999999979e-01	-1.789108822353443345e-02	-1.319910448747040055e-01
3.170000000000000000e+02	-3.811744499999999980e-01	-1.814753130904881925e-02	-1.306033817087582372e-01
3.180000000000000000e+02	-3.860426499999999872e-01	-1.840124488838203176e-02	-1.291960655947592962e-01
3.190000000000000000e+02	-3.911680499999999894e-01	-1.865219078319805754e-02	-1.277693083029547705e-01
3.200000000000000000e+02	-3.957903499999999575e-01	-1.890033123163671960e-02	-1.263233245290636964e-01
3.210000000000000000e+02	-4.004827499999999985e-01	-1.914562889399612153e-02	-1.248583318619694016e-01
3.220000000000000000e+02	-4.054123499999999769e-01	-1.938804685835136127e-02	-1.233745507509773631e-01
3.230000000000000000e+02	-4.106529499999999611e-01	-1.962754864610901165e-02	-1.218722044726423259e-01
3.240000000000000000e+02	-4.158979499999999607e-01	-1.986409821749636484e-02	-1.203515190971698595e-01
3.250000000000000000e+02	-4.204756499999999786e-01	-2.009765997698458040e-02	-1.188127234543981392e-01
3.260000000000000000e+02	-4.242900499999999742e-01	-2.032819877864508809e-02	-1.172560490993636712e-01
3.270000000000000000e+02	-4.276123499999999744e-01	-2.055567993143823588e-02	-1.156817302774576783e-01
3.280000000000000000e+02	-4.307336499999999679e-01	-2.078006920443354472e-02	-1.140900038891770607e-01
3.290000000000000000e+02	-4.343846499999999833e-01	-2.100133283196071315e-02	-1.124811094544762163e-01
3.300000000000000000e+02	-4.381064499999999806e-01	-2.121943751869064324e-02	-1.108552890767243032e-01
3.310000000000000000e+02	-4.425622499999999904e-01	-2.143435044464559944e-02	-1.092127874062742837e-01
3.320000000000000000e+02	-4.468961499999999920e-01	-2.164603927013793866e-02	-1.075538516036482345e-01
3.330000000000000000e+02	-4.511185500000000070e-01	-2.185447214063649529e-02	-1.058787313023452498e-01
3.340000000000000000e+02	-4.549537499999999901e-01	-2.205961769156005933e-02	-1.041876785712765596e-01
3.350000000000000000e+02	-4.582920500000000064e-01	-2.226144505299694834e-02	-1.024809478768354543e-01
3.360000000000000000e+02	-4.613970499999999753e-01	-2.245992385435034364e-02	-1.007587960446051784e-01
3.370000000000000000e+02	-4.639541500000000096e-01	-2.265502422890836032e-02	-9.902148222071237293e-02
3.380000000000000000e+02	-4.664290500000000117e-01	-2.284671681833832374e-02	-9.726926783283144917e-02
3.390000000000000000e+02	-4.690393499999999660e-01	-2.303497277710461755e-02	-9.550241655084493186e-02
3.400000000000000000e+02	-4.719509499999999802e-01	-2.321976377680922202e-02	-9.372119424716759961e-02
3.410000000000000000e+02	-4.750947500000000101e-01	-2.340106201045456455e-02	-9.192586895673812708e-02
3.420000000000000000e+02	-4.780360499999999901e-01	-2.357884019662786004e-02	-9.011671083668579274e-02
3.430000000000000000e+02	-4.810812499999999603e-01	-2.375307158360634094e-02	-8.829399212567778932e-02
3.440000000000000000e+02	-4.842838499999999602e-01	-2.392372995338286693e-02	-8.645798710295284073e-02
3.450000000000000000e+02	-4.878172499999999800e-01	-2.409078962561108511e-02	-8.460897204704891095e-02
3.460000000000000000e+02	-4.919774499999999828e-01	-2.425422546146979719e-02	-8.274722519422886280e-02
3.470000000000000000e+02	-4.933445499999999928e-01	-2.441401286744579111e-02	-8.087302669661224075e-02
3.480000000000000000e+02	-4.951896499999999812e-01	-2.457012779903466893e-02	-7.898665858001795159e-02
3.490000000000000000e+02	-4.970106499999999983e-01	-2.472254676435894222e-02	-7.708840470152641955e-02
3.500000000000000000e+02	-4.987044499999999658e-01	-2.487124682770310014e-02	-7.517855070676467133e-02
3.510000000000000000e+02	-5.003741499999999620e-01	-2.501620561296491116e-02	-7.325738398692321907e-02
3.520000000000000000e+02	-5.024550500000000142e-01	-2.515740130702254218e-02	-7.132519363550995917e-02
3.530000000000000000e+02	-5.050527499999999392e-01	-2.529481266301697451e-02	-6.938227040484748476e-02
3.540000000000000000e+02	-5.081877499999999381e-01	-2.542841900354914433e-02	-6.742890666232201347e-02
3.550000000000000000e+02	-5.110219499999999471e-01	-2.555820022379147460e-02	-6.546539634638794125e-02
3.560000000000000000e+02	-5.131124499999999422e-01	-2.568413679451320500e-02	-6.349203492233675139e-02
3.570000000000000000e+02	-5.146627499999999467e-01	-2.580620976501910371e-02	-6.150911933783599628e-02
3.580000000000000000e+02	-5.158457499999999918e-01	-2.592440076600115509e-02	-5.951694797824468725e-02
3.590000000000000000e+02	-5.166472500000000023e-01	-2.603869201230270269e-02	-5.751582062171365500e-02
3.600000000000000000e+02	-5.177442500000000170e-01	-2.614906630559475295e-02	-5.550603839407496770e-02
3.610000000000000000e+02	-5.187475499999999462e-01	-2.625550703696392929e-02	-5.348790372352931616e-02
3.620000000000000000e+02	-5.197330500000000297e-01	-2.635799818941177847e-02	-5.146172029513668839e-02
3.630000000000000000e+02	-5.207676500000000264e-01	-2.645652434026493985e-02	-4.942779300511922214e-02
3.640000000000000000e+02	-5.218263499999999944e-01	-2.655107066349595216e-02	-4.738642791498048901e-02
3.650000000000000000e+02	-5.235198500000000088e-01	-2.664162293195421888e-02	-4.533793220545000863e-02
3.660000000000000000e+02	-5.254183500000000340e-01	-2.672816751950689643e-02	-4.328261413025950161e-02
3.670000000000000000e+02	-5.272656500000000301e-01	-2.681069140308935464e-02	-4.122078296975683481e-02
3.680000000000000000e+02	-5.282905500000000254e-01	-2.688918216466480368e-02	-3.915274898436695711e-02
3.690000000000000000e+02	-5.287254499999999302e-01	-2.696362799309298675e-02	-3.707882336790396804e-02
3.700000000000000000e+02	-5.289142500000000302e-01	-2.703401768590747364e-02	-3.499931820074337480e-02
3.710000000000000000e+02	-5.286914499999999517e-01	-2.710034065100139569e-02	-3.291454640286100436e-02
3.720000000000000000e+02	-5.288809500000000163e-01	-2.716258690822133046e-02	-3.082482168674476400e-02
3.730000000000000000e+02	-5.290707500000000341e-01	-2.722074709086908309e-02	-2.873045851018874580e-02
3.740000000000000000e+02	-5.299911499999999664e-01	-2.727481244711116998e-02	-2.663177202897355419e-02
3.750000000000000000e+02	-5.313951500000000383e-01	-2.732477484129578957e-02	-2.452907804944261250e-02
3.760000000000000000e+02	-5.326585499999999529e-01	-2.737062675517705837e-02	-2.242269298097958330e-02
3.770000000000000000e+02	-5.337368500000000404e-01	-2.741236128904633168e-02	-2.031293378839662753e-02
3.780000000000000000e+02	-5.341154499999999361e-01	-2.744997216277046334e-02	-1.820011794423751633e-02
3.790000000000000000e+02	-5.344908499999999618e-01	-2.748345371673683799e-02	-1.608456338100513333e-02
3.800000000000000000e+02	-5.345128500000000393e-01	-2.751280091270499190e-02	-1.396658844331974056e-02
3.810000000000000000e+02	-5.340190499999999396e-01	-2.753800933456480166e-02	-1.184651184001446998e-02
3.820000000000000000e+02	-5.336228499999999819e-01	-2.755907518900096650e-02	-9.724652596177559005e-03
3.830000000000000000e+02	-5.327975499999999531e-01	-2.757599530606384686e-02	-7.601330005145444726e-03
3.840000000000000000e+02	-5.318278499999999909e-01	-2.758876713964646121e-02	-5.476863580456255327e-03
3.850000000000000000e+02	-5.315824500000000397e-01	-2.759738876786762760e-02	-3.351573007770186022e-03
3.860000000000000000e+02	-5.316591499999999693e-01	-2.760185889336115583e-02	-1.225778096763190626e-03
3.870000000000000000e+02	-5.320587500000000247e-01	-2.760217684347107681e-02	9.002012669964453481e-04
3.880000000000000000e+02	-5.322740499999999431e-01	-2.759834257035286703e-02	3.026045170184493011e-03
3.890000000000000000e+02	-5.317410499999999374e-01	-2.759035665098064083e-02	5.151433719860416469e-03
3.900000000000000000e+02	-5.307107500000000089e-01	-2.757822028706032741e-02	7.276047091604872022e-03
3.910000000000000000e+02	-5.292737499999999873e-01	-2.756193530484884677e-02	9.399565577645353776e-03
3.920000000000000000e+02	-5.277204500000000076e-01	-2.754150415487930173e-02	1.152166963496581951e-02
3.930000000000000000e+02	-5.257040499999999783e-01	-2.751692991159220697e-02	1.364203993339076736e-02
3.940000000000000000e+02	-5.236829499999999804e-01	-2.748821627287287642e-02	1.576035740363728593e-02
3.950000000000000000e+02	-5.222789500000000196e-01	-2.745536755949495866e-02	1.787630328532858678e-02
3.960000000000000000e+02	-5.215559499999999904e-01	-2.741838871447025913e-02	1.998955917495955428e-02
3.970000000000000000e+02	-5.206627499999999520e-01	-2.737728530230492535e-02	2.209980707381009601e-02
3.980000000000000000e+02	-5.199513500000000343e-01	-2.733206350816211327e-02	2.420672943579671443e-02
3.990000000000000000e+02	-5.189437500000000369e-01	-2.728273013693124222e-02	2.631000921525678687e-02
4.000000000000000000e+02	-5.175009499999999596e-01	-2.722929261220402575e-02	2.840932991465613955e-02
4.010000000000000000e+02	-5.159124499999999669e-01	-2.717175897515737570e-02	3.050437563221556139e-02
4.020000000000000000e+02	-5.142049499999999940e-01	-2.711013788334338745e-02	3.259483110944697004e-02
4.030000000000000000e+02	-5.121316499999999383e-01	-2.704443860938655214e-02	3.468038177859274901e-02
4.040000000000000000e+02	-5.099340500000000276e-01	-2.697467103958843537e-02	3.676071380996190352e-02
4.050000000000000000e+02	-5.071389499999999773e-01	-2.690084567244003383e-02	3.883551415915367788e-02
4.060000000000000000e+02	-5.046595499999999568e-01	-2.682297361704193139e-02	4.090447061416443986e-02
4.070000000000000000e+02	-5.028549499999999117e-01	-2.674106659143267103e-02	4.296727184236862063e-02
4.080000000000000000e+02	-5.013669499999999779e-01	-2.665513692082541533e-02	4.502360743736732313e-02
4.090000000000000000e+02	-5.000595500000000193e-01	-2.656519753575327727e-02	4.707316796569824963e-02
4.100000000000000000e+02	-4.985935499999999965e-01	-2.647126197012357116e-02	4.911564501339777539e-02
4.110000000000000000e+02	-4.962402499999999939e-01	-2.637334435918125067e-02	5.115073123241112296e-02
4.120000000000000000e+02	-4.933014499999999747e-01	-2.627145943738186037e-02	5.317812038684113785e-02
4.130000000000000000e+02	-4.903282499999999655e-01	-2.616562253617430930e-02	5.519750739903078740e-02
4.140000000000000000e+02	-4.865440500000000057e-01	-2.605584958169385526e-02	5.720858839546964086e-02
4.150000000000000000e+02	-4.828000499999999806e-01	-2.594215709236554965e-02	5.921106075252089568e-02
4.160000000000000000e+02	-4.793892499999999890e-01	-2.582456217641857996e-02	6.120462314195937448e-02
4.170000000000000000e+02	-4.763425499999999757e-01	-2.570308252931186033e-02	6.318897557631474038e-02
4.180000000000000000e+02	-4.736145499999999675e-01	-2.557773643107122755e-02	6.516381945401354681e-02
4.190000000000000000e+02	-4.696900499999999701e-01	-2.544854274353874901e-02	6.712885760431140658e-02
4.200000000000000000e+02	-4.681446499999999955e-01	-2.531552090753437512e-02	6.908379433201128350e-02
4.210000000000000000e+02	-4.653600499999999696e-01	-2.517869093993056057e-02	7.102833546195894132e-02
4.220000000000000000e+02	-4.621799500000000060e-01	-2.503807343064014604e-02	7.296218838330974232e-02
4.230000000000000000e+02	-4.583542499999999631e-01	-2.489368953951801022e-02	7.488506209356078636e-02
4.240000000000000000e+02	-4.548684499999999797e-01	-2.474556099317700916e-02	7.679666724233946695e-02
4.250000000000000000e+02	-4.511124499999999982e-01	-2.459371008171859149e-02	7.869671617494498894e-02
4.260000000000000000e+02	-4.469498499999999819e-01	-2.443815965537861346e-02	8.058492297563382700e-02
4.270000000000000000e+02	-4.428145499999999735e-01	-2.427893312108884635e-02	8.246100351064430956e-02
4.280000000000000000e+02	-4.385798499999999933e-01	-2.411605443895482870e-02	8.432467547095172378e-02
4.290000000000000000e+02	-4.352129499999999873e-01	-2.394954811865033020e-02	8.617565841475015309e-02
4.300000000000000000e+02	-4.320823500000000039e-01	-2.377943921572919783e-02	8.801367380965270659e-02
4.310000000000000000e+02	-4.290464499999999681e-01	-2.360575332785506616e-02	8.983844507460443662e-02
4.320000000000000000e+02	-4.261073499999999958e-01	-2.342851659094941433e-02	9.164969762150224075e-02
4.330000000000000000e+02	-4.223391499999999965e-01	-2.324775567525874317e-02	9.344715889651350471e-02
4.340000000000000000e+02	-4.179764499999999994e-01	-2.306349778134126130e-02	9.523055842109011404e-02
4.350000000000000000e+02	-4.133929499999999813e-01	-2.287577063597380153e-02	9.699962783266934119e-02
4.360000000000000000e+02	-4.084732500000000099e-01	-2.268460248797954729e-02	9.875410092505648718e-02
4.370000000000000000e+02	-4.036155499999999896e-01	-2.249002210397716903e-02	1.004937136884834631e-01
4.380000000000000000e+02	-3.991494499999999612e-01	-2.229205876405214795e-02	1.022182043493358311e-01
4.390000000000000000e+02	-3.948522499999999602e-01	-2.209074225735071714e-02	1.039273134095444334e-01
4.400000000000000000e+02	-3.903190500000000007e-01	-2.188610287759727366e-02	1.056207836856340176e-01
4.410000000000000000e+02	-3.865247499999999725e-01	-2.167817141853576463e-02	1.072983603474240433e-01
4.420000000000000000e+02	-3.824705499999999647e-01	-2.146697916929601879e-02	1.089597909563744804e-01
4.430000000000000000e+02	-3.781679499999999750e-01	-2.125255790968533232e-02	1.106048255035726735e-01
4.440000000000000000e+02	-3.735527499999999890e-01	-2.103493990540634268e-02	1.122332164473540533e-01
4.450000000000000000e+02	-3.683386499999999897e-01	-2.081415790320173195e-02	1.138447187505517433e-01
4.460000000000000000e+02	-3.627748499999999821e-01	-2.059024512592653317e-02	1.154390899173696056e-01
4.470000000000000000e+02	-3.576675500000000008e-01	-2.036323526754887925e-02	1.170160900298719414e-01
4.480000000000000000e+02	-3.519551499999999944e-01	-2.013316248807976716e-02	1.185754817840863756e-01
4.490000000000000000e+02	-3.465808499999999959e-01	-1.990006140843270793e-02	1.201170305257126536e-01
4.500000000000000000e+02	-3.418421500000000113e-01	-1.966396710521408492e-02	1.216405042854329932e-01
4.510000000000000000e+02	-3.374978499999999881e-01	-1.942491510544479619e-02	1.231456738138188151e-01
4.520000000000000000e+02	-3.328322499999999962e-01	-1.918294138121434678e-02	1.246323126158270095e-01
4.530000000000000000e+02	-3.278816499999999690e-01	-1.893808234426774470e-02	1.261001969848830062e-01
4.540000000000000000e+02	-3.229567499999999591e-01	-1.869037484052638726e-02	1.275491060365434581e-01
4.550000000000000000e+02	-3.182378499999999888e-01	-1.843985614454346153e-02	1.289788217417350003e-01
4.560000000000000000e+02	-3.132607499999999767e-01	-1.818656395389506991e-02	1.303891289595620617e-01
4.570000000000000000e+02	-3.077653499999999931e-01	-1.793053638350748311e-02	1.317798154696814550e-01
4.580000000000000000e+02	-3.020468499999999779e-01	-1.767181195992171758e-02	1.331506720042366643e-01
4.590000000000000000e+02	-2.960432499999999800e-01	-1.741042961549612092e-02	1.345014922793480450e-01
4.600000000000000000e+02	-2.904850499999999669e-01	-1.714642868254786026e-02	1.358320730261544096e-01
4.610000000000000000e+02	-2.847527499999999989e-01	-1.687984888743436843e-02	1.371422140213998664e-01
4.620000000000000000e+02	-2.797975500000000060e-01	-1.661073034457532377e-02	1.384317181175635791e-01
4.630000000000000000e+02	-2.752872499999999834e-01	-1.633911355041632943e-02	1.397003912725258701e-01
4.640000000000000000e+02	-2.705345499999999848e-01	-1.606503937733510731e-02	1.409480425787674462e-01
4.650000000000000000e+02	-2.651546499999999917e-01	-1.578854906749101172e-02	1.421744842920968921e-01
4.660000000000000000e+02	-2.594503499999999963e-01	-1.550968422661912031e-02	1.433795318599017932e-01
4.670000000000000000e+02	-2.536342499999999500e-01	-1.522848681776939155e-02	1.445630039489199381e-01
4.680000000000000000e+02	-2.473863499999999771e-01	-1.494499915499218450e-02	1.457247224725261026e-01
4.690000000000000000e+02	-2.408986499999999920e-01	-1.465926389697085747e-02	1.468645126175303073e-01
4.700000000000000000e+02	-2.347257499999999830e-01	-1.437132404060267182e-02	1.479822028704829706e-01
4.710000000000000000e+02	-2.285825499999999955e-01	-1.408122291452862905e-02	1.490776250434842631e-01
4.720000000000000000e+02	-2.228446499999999775e-01	-1.378900417261347960e-02	1.501506142994926130e-01
4.730000000000000000e+02	-2.172627499999999767e-01	-1.349471178737678655e-02	1.512010091771289755e-01
4.740000000000000000e+02	-2.116311499999999901e-01	-1.319839004337595469e-02	1.522286516149735369e-01
4.750000000000000000e+02	-2.055130499999999749e-01	-1.290008353054248637e-02	1.532333869753499944e-01
4.760000000000000000e+02	-1.992548499999999834e-01	-1.259983713747210056e-02	1.542150640675955808e-01
4.770000000000000000e+02	-1.932534499999999933e-01	-1.229769604466998852e-02	1.551735351708117550e-01
4.780000000000000000e+02	-1.872790499999999747e-01	-1.199370571775218441e-02	1.561086560560929204e-01
4.790000000000000000e+02	-1.810776499999999789e-01	-1.168791190060386800e-02	1.570202860082299812e-01
4.800000000000000000e+02	-1.745428499999999716e-01	-1.138036060849606686e-02	1.579082878468845430e-01
4.810000000000000000e+02	-1.673882499999999884e-01	-1.107109812116127343e-02	1.587725279472317064e-01
4.820000000000000000e+02	-1.608293499999999820e-01	-1.076017097582939071e-02	1.596128762600677042e-01
4.830000000000000000e+02	-1.546442499999999831e-01	-1.044762596022482358e-02	1.604292063313795536e-01
4.840000000000000000e+02	-1.483982499999999816e-01	-1.013351010552608102e-02	1.612213953213733897e-01
4.850000000000000000e+02	-1.427362499999999812e-01	-9.817870679288524111e-03	1.619893240229592080e-01
4.860000000000000000e+02	-1.370867499999999795e-01	-9.500755178331651146e-03	1.627328768796891256e-01
4.870000000000000000e+02	-1.310067500000000051e-01	-9.182211321591901565e-03	1.634519420031457781e-01
4.880000000000000000e+02	-1.245952499999999907e-01	-8.862287042941901713e-03	1.641464111897794897e-01
4.890000000000000000e+02	-1.179140499999999786e-01	-8.541030483977599119e-03	1.648161799371900826e-01
4.900000000000000000e+02	-1.111995499999999804e-01	-8.218489986773928890e-03	1.654611474598525200e-01
4.910000000000000000e+02	-1.044777699999999837e-01	-7.894714086610405204e-03	1.660812167042828025e-01
4.920000000000000000e+02	-9.809648999999998065e-02	-7.569751504667647513e-03	1.666762943636422856e-01
4.930000000000000000e+02	-9.184611999999998944e-02	-7.243651140695819834e-03	1.672462908917786706e-01
4.940000000000000000e+02	-8.529984999999998263e-02	-6.916462065656427301e-03	1.677911205167003372e-01
4.950000000000000000e+02	-7.866632999999997877e-02	-6.588233514338117866e-03	1.683107012534832969e-01
4.960000000000000000e+02	-6.855861999999998679e-02	-6.259014877947976715e-03	1.688049549166081575e-01
4.970000000000000000e+02	-6.228658999999998197e-02	-5.928855696679130420e-03	1.692738071317254067e-01
4.980000000000000000e+02	-5.898465999999998738e-02	-5.597805652256176989e-03	1.697171873468469594e-01
4.990000000000000000e+02	-5.258400999999998660e-02	-5.265914560459085403e-03	1.701350288429628044e-01
5.000000000000000000e+02	-4.570181999999998329e-02	-4.933232363627026128e-03	1.705272687440806401e-01
5.010000000000000000e+02	-3.794565999999998523e-02	-4.599809123143175187e-03	1.708938480266873894e-01
5.020000000000000000e+02	-3.066536999999998347e-02	-4.265695011901472766e-03	1.712347115286311505e-01
5.030000000000000000e+02	-2.405893999999998353e-02	-3.930940306756846442e-03	1.715498079574214463e-01
5.040000000000000000e+02	-1.773125999999998481e-02	-3.595595380959549104e-03	1.718390898979480774e-01
5.050000000000000000e+02	-1.162129299999998394e-02	-3.259710696575113861e-03	1.721025138196157489e-01
5.060000000000000000e+02	-5.774015399999984921e-03	-2.923336796890941593e-03	1.723400400828945522e-01
5.070000000000000000e+02	5.174190000000146103e-04	-2.586524298810546820e-03	1.725516329452849995e-01
5.080000000000000000e+02	1.035362000000001476e-02	-2.249323885236967184e-03	1.727372605666962768e-01
5.090000000000000000e+02	1.332685000000001507e-02	-1.911786297446002028e-03	1.728968950142375227e-01
5.100000000000000000e+02	1.962112000000001619e-02	-1.573962327450806635e-03	1.730305122664212436e-01
5.110000000000000000e+02	2.573329000000001282e-02	-1.235902810358713386e-03	1.731380922167779224e-01
