0.000000000000000000e+00	5.553534000000000248e-02	-3.059401062674874192e-04	2.107013346495607009e-01
1.000000000000000000e+00	6.321995000000001086e-02	1.055996916919516975e-04	2.107101323219569833e-01
2.000000000000000000e+00	7.066174000000001454e-02	5.171256991700425064e-04	2.106872133737957287e-01
3.000000000000000000e+00	7.885645000000000848e-02	9.285759722342132273e-04	2.106325812548948684e-01
4.000000000000000000e+00	8.702194000000000595e-02	1.339888578351627023e-03	2.105462441886186975e-01
5.000000000000000000e+00	9.484230000000000438e-02	1.751001605711423369e-03	2.104282151706401982e-01
6.000000000000000000e+00	1.022609000000000018e-01	2.161853172543839931e-03	2.102785119669847991e-01
7.000000000000000000e+00	1.099141000000000146e-01	2.572381436434811354e-03	2.100971571113563752e-01
8.000000000000000000e+00	1.174517999999999951e-01	2.982524603634646894e-03	2.098841779017451004e-01
9.000000000000000000e+00	1.253120000000000067e-01	3.392220938359381995e-03	2.096396063963188172e-01
1.000000000000000000e+01	1.331153000000000197e-01	3.801408772083402464e-03	2.093634794085973971e-01
1.100000000000000000e+01	1.409074000000000160e-01	4.210026512821946759e-03	2.090558385019114229e-01
1.200000000000000000e+01	1.486898000000000108e-01	4.618012654402087538e-03	2.087167299831460543e-01
1.300000000000000000e+01	1.562836999999999976e-01	5.025305785720797329e-03	2.083462048957708534e-01
1.400000000000000000e+01	1.637244999999999950e-01	5.431844599988697522e-03	2.079443190121565144e-01
1.500000000000000000e+01	1.715668000000000193e-01	5.837567903958119399e-03	2.075111328251797727e-01
1.600000000000000000e+01	1.787275000000000114e-01	6.242414627134056440e-03	2.070467115391181334e-01
1.700000000000000000e+01	1.862009000000000025e-01	6.646323830966657450e-03	2.065511250598348614e-01
1.800000000000000000e+01	1.934859000000000162e-01	7.049234718023846685e-03	2.060244479842567589e-01
1.900000000000000000e+01	2.003662000000000221e-01	7.451086641142704893e-03	2.054667595891456200e-01
2.000000000000000000e+01	2.071961000000000219e-01	7.851819112558236502e-03	2.048781438191652204e-01
2.100000000000000000e+01	2.139710999999999974e-01	8.251371813008145581e-03	2.042586892742458138e-01
2.200000000000000000e+01	2.214925000000000088e-01	8.649684600812229326e-03	2.036084891962478827e-01
2.300000000000000000e+01	2.292872999999999994e-01	9.046697520925066349e-03	2.029276414549270602e-01
2.400000000000000000e+01	2.372636000000000189e-01	9.442350813960598971e-03	2.022162485332025805e-01
2.500000000000000000e+01	2.452409999999999868e-01	9.836584925187269457e-03	2.014744175117312019e-01
2.600000000000000000e+01	2.524471000000000354e-01	1.022934051349234062e-02	2.007022600527893219e-01
2.700000000000000000e+01	2.591962999999999906e-01	1.062055846031407721e-02	1.998998923834651442e-01
2.800000000000000000e+01	2.654132000000000158e-01	1.101017987854041244e-02	1.990674352781638956e-01
2.900000000000000000e+01	2.716715000000000102e-01	1.139814612137280206e-02	1.982050140404287009e-01
3.000000000000000000e+01	2.780318999999999985e-01	1.178439879115386786e-02	1.973127584840793924e-01
3.100000000000000000e+01	2.843449000000000115e-01	1.216887974815756765e-02	1.963908029136726685e-01
3.200000000000000000e+01	2.909909999999999997e-01	1.255153111934054211e-02	1.954392861042863194e-01
3.300000000000000000e+01	2.980726000000000209e-01	1.293229530705329935e-02	1.944583512806303816e-01
3.400000000000000000e+01	3.052814000000000361e-01	1.331111499770996388e-02	1.934481460954885212e-01
3.500000000000000000e+01	3.124549000000000354e-01	1.368793317041526285e-02	1.924088226074930630e-01
3.600000000000000000e+01	3.196232999999999991e-01	1.406269310554745036e-02	1.913405372582367980e-01
3.700000000000000000e+01	3.267782000000000187e-01	1.443533839329589653e-02	1.902434508487248210e-01
3.800000000000000000e+01	3.335778999999999828e-01	1.480581294215202459e-02	1.891177285151705301e-01
3.900000000000000000e+01	3.405422000000000171e-01	1.517406098735235229e-02	1.879635397041387879e-01
4.000000000000000000e+01	3.468643000000000143e-01	1.554002709927234174e-02	1.867810581470404352e-01
4.100000000000000000e+01	3.531923000000000146e-01	1.590365619176981049e-02	1.855704618339818479e-01
4.200000000000000000e+01	3.592129000000000016e-01	1.626489353047663039e-02	1.843319329869733680e-01
4.300000000000000000e+01	3.658981000000000039e-01	1.662368474103749494e-02	1.830656580325007721e-01
4.400000000000000000e+01	3.727796999999999916e-01	1.697997581729445912e-02	1.817718275734639399e-01
4.500000000000000000e+01	3.800835000000000186e-01	1.733371312941611037e-02	1.804506363604868047e-01
4.600000000000000000e+01	3.871649999999999814e-01	1.768484343197006259e-02	1.791022832626029127e-01
4.700000000000000000e+01	3.942004000000000064e-01	1.803331387193756949e-02	1.777269712373213684e-01
4.800000000000000000e+01	4.004075000000000273e-01	1.837907199666911212e-02	1.763249073000768830e-01
4.900000000000000000e+01	4.063777000000000084e-01	1.872206576177970483e-02	1.748963024930695609e-01
5.000000000000000000e+01	4.119736999999999982e-01	1.906224353898275728e-02	1.734413718534980331e-01
5.100000000000000000e+01	4.178550000000000320e-01	1.939955412386126093e-02	1.719603343811917373e-01
5.200000000000000000e+01	4.233547000000000282e-01	1.973394674357523138e-02	1.704534130056463703e-01
5.300000000000000000e+01	4.284836000000000200e-01	2.006537106450416788e-02	1.689208345524680355e-01
5.400000000000000000e+01	4.335649000000000308e-01	2.039377719982339229e-02	1.673628297092309425e-01
5.500000000000000000e+01	4.395144000000000273e-01	2.071911571701311877e-02	1.657796329907535171e-01
5.600000000000000000e+01	4.455923999999999996e-01	2.104133764529919973e-02	1.641714827037989433e-01
5.700000000000000000e+01	4.517627000000000170e-01	2.136039448302429200e-02	1.625386209112043567e-01
5.800000000000000000e+01	4.578665000000000096e-01	2.167623820494848225e-02	1.608812933954450741e-01
5.900000000000000000e+01	4.636674000000000073e-01	2.198882126947814680e-02	1.591997496216387697e-01
6.000000000000000000e+01	4.686860999999999944e-01	2.229809662582202603e-02	1.574942426999954570e-01
6.100000000000000000e+01	4.729061999999999988e-01	2.260401772107345150e-02	1.557650293477183812e-01
6.200000000000000000e+01	4.772008000000000361e-01	2.290653850721759491e-02	1.540123698503627347e-01
6.300000000000000000e+01	4.811995000000000022e-01	2.320561344806271534e-02	1.522365280226564699e-01
6.400000000000000000e+01	4.855841000000000185e-01	2.350119752609441948e-02	1.504377711687903962e-01
6.500000000000000000e+01	4.908694000000000113e-01	2.379324624925176906e-02	1.486163700421829770e-01
6.600000000000000000e+01	4.964030999999999860e-01	2.408171565762436822e-02	1.467725988047254848e-01
6.700000000000000000e+01	5.019006000000000300e-01	2.436656233006931349e-02	1.449067349855149012e-01
6.800000000000000000e+01	5.073649000000000076e-01	2.464774339074704210e-02	1.430190594390792769e-01
6.900000000000000000e+01	5.126667999999999781e-01	2.492521651557511736e-02	1.411098563031027986e-01
7.000000000000000000e+01	5.174568999999999974e-01	2.519893993859897638e-02	1.391794129556567783e-01
7.100000000000000000e+01	5.219367000000000312e-01	2.546887245827860954e-02	1.372280199719427551e-01
7.200000000000000000e+01	5.262869000000000019e-01	2.573497344369034615e-02	1.352559710805542881e-01
7.300000000000000000e+01	5.301898999999999917e-01	2.599720284064271567e-02	1.332635631192643222e-01
7.400000000000000000e+01	5.341500999999999610e-01	2.625552117770552085e-02	1.312510959903443186e-01
7.500000000000000000e+01	5.379627000000000159e-01	2.650988957215114072e-02	1.292188726154221978e-01
7.600000000000000000e+01	5.420665999999999540e-01	2.676026973580729676e-02	1.271671988898859518e-01
7.700000000000000000e+01	5.462700999999999807e-01	2.700662398082025531e-02	1.250963836368393645e-01
7.800000000000000000e+01	5.506891000000000425e-01	2.724891522532772725e-02	1.230067385606171543e-01
7.900000000000000000e+01	5.553297999999999845e-01	2.748710699904048649e-02	1.208985781998666159e-01
8.000000000000000000e+01	5.598935999999999913e-01	2.772116344873200647e-02	1.187722198802023399e-01
8.100000000000000000e+01	5.641099000000000530e-01	2.795104934363516064e-02	1.166279836664415315e-01
8.200000000000000000e+01	5.674808999999999548e-01	2.817673008074523047e-02	1.144661923144272009e-01
8.300000000000000000e+01	5.701840000000000241e-01	2.839817169002848557e-02	1.122871712224459140e-01
8.400000000000000000e+01	5.727518999999999805e-01	2.861534083953537130e-02	1.100912483822483051e-01
8.500000000000000000e+01	5.753766000000000158e-01	2.882820484041778708e-02	1.078787543296786666e-01
8.600000000000000000e+01	5.783171000000000284e-01	2.903673165184944213e-02	1.056500220949220109e-01
8.700000000000000000e+01	5.815776999999999752e-01	2.924088988584874413e-02	1.034053871523755580e-01
8.800000000000000000e+01	5.853574000000000277e-01	2.944064881200339837e-02	1.011451873701520315e-01
8.900000000000000000e+01	5.892399000000000386e-01	2.963597836209602363e-02	9.886976295922325630e-02
9.000000000000000000e+01	5.929067000000000087e-01	2.982684913463008042e-02	9.657945642221052451e-02
9.100000000000000000e+01	5.964540999999999871e-01	3.001323239925549752e-02	9.427461250183018227e-02
9.200000000000000000e+01	5.994778000000000606e-01	3.019510010109318840e-02	9.195557812900231887e-02
9.300000000000000000e+01	6.020410999999999957e-01	3.037242486495798227e-02	8.962270237062970601e-02
9.400000000000000000e+01	6.040391999999999983e-01	3.054517999947918561e-02	8.727633637705521641e-02
9.500000000000000000e+01	6.058550999999999798e-01	3.071333950111822947e-02	8.491683332920618721e-02
9.600000000000000000e+01	6.074890000000000567e-01	3.087687805808281630e-02	8.254454838543226480e-02
9.700000000000000000e+01	6.097177000000000291e-01	3.103577105413687920e-02	8.015983862804647309e-02
9.800000000000000000e+01	6.123148000000000479e-01	3.118999457230589578e-02	7.776306300957612494e-02
9.900000000000000000e+01	6.150702000000000114e-01	3.133952539847695284e-02	7.535458229873220892e-02
1.000000000000000000e+02	6.176085000000000047e-01	3.148434102489294090e-02	7.293475902610593864e-02
1.010000000000000000e+02	6.201763999999999610e-01	3.162441965354054196e-02	7.050395742959936207e-02
1.020000000000000000e+02	6.226004000000000538e-01	3.175974019943126475e-02	6.806254339959962041e-02
1.030000000000000000e+02	6.247806999999999666e-01	3.189028229377523921e-02	6.561088442390419773e-02
1.040000000000000000e+02	6.263167000000000595e-01	3.201602628704719455e-02	6.314934953240540494e-02
1.050000000000000000e+02	6.274986000000000175e-01	3.213695325194410729e-02	6.067830924154350020e-02
1.060000000000000000e+02	6.280198000000000169e-01	3.225304498623422778e-02	5.819813549853543322e-02
1.070000000000000000e+02	6.286080000000000556e-01	3.236428401549692330e-02	5.570920162538823411e-02
1.080000000000000000e+02	6.293940999999999564e-01	3.247065359575292826e-02	5.321188226270599786e-02
1.090000000000000000e+02	6.310232000000000063e-01	3.257213771598475860e-02	5.070655331329781274e-02
1.100000000000000000e+02	6.330411999999999706e-01	3.266872110054667294e-02	4.819359188559584756e-02
1.110000000000000000e+02	6.350812000000000124e-01	3.276038921146404159e-02	4.567337623689233378e-02
1.120000000000000000e+02	6.368361000000000161e-01	3.284712825062158920e-02	4.314628571640295035e-02
1.130000000000000000e+02	6.378019999999999801e-01	3.292892516184039997e-02	4.061270070816658251e-02
1.140000000000000000e+02	6.386867000000000516e-01	3.300576763284306797e-02	3.807300257378874730e-02
1.150000000000000000e+02	6.391773000000000593e-01	3.307764409710706871e-02	3.552757359503801865e-02
1.160000000000000000e+02	6.394007999999999914e-01	3.314454373560570682e-02	3.297679691630431287e-02
1.170000000000000000e+02	6.394402000000000141e-01	3.320645647843667447e-02	3.042105648692662589e-02
1.180000000000000000e+02	6.389588000000000489e-01	3.326337300633776251e-02	2.786073700340036680e-02
1.190000000000000000e+02	6.390894999999999770e-01	3.331528475208964113e-02	2.529622385147172609e-02
1.200000000000000000e+02	6.393898000000000081e-01	3.336218390180541171e-02	2.272790304812830411e-02
1.210000000000000000e+02	6.396964000000000539e-01	3.340406339610677705e-02	2.015616118349512764e-02
1.220000000000000000e+02	6.405906999999999574e-01	3.344091693118661501e-02	1.758138536264400309e-02
1.230000000000000000e+02	6.415836000000000316e-01	3.347273895975789310e-02	1.500396314732533112e-02
1.240000000000000000e+02	6.422805000000000319e-01	3.349952469188859777e-02	1.242428249763163385e-02
1.250000000000000000e+02	6.416965000000000030e-01	3.352127009572278271e-02	9.842731713600661597e-03
1.260000000000000000e+02	6.405631999999999993e-01	3.353797189808740281e-02	7.259699376767366104e-03
1.270000000000000000e+02	6.390702000000000327e-01	3.354962758498505893e-02	4.675574291673950666e-03
1.280000000000000000e+02	6.377787000000000317e-01	3.355623540197235494e-02	2.090745427345652111e-03
1.290000000000000000e+02	6.365878000000000370e-01	3.355779435442400593e-02	-4.943981412575224488e-04
1.300000000000000000e+02	6.356496000000000368e-01	3.355430420768256566e-02	-3.079467291805487120e-03
1.310000000000000000e+02	6.352392000000000039e-01	3.354576548709371775e-02	-5.664072913169888694e-03
1.320000000000000000e+02	6.347243000000000190e-01	3.353217947792722087e-02	-8.247825963993768786e-03
1.330000000000000000e+02	6.339183000000000456e-01	3.351354822518345239e-02	-1.083033753125142544e-02
1.340000000000000000e+02	6.330445999999999573e-01	3.348987453328555047e-02	-1.341121888878825386e-02
1.350000000000000000e+02	6.319348999999999661e-01	3.346116196565734197e-02	-1.599008155583292456e-02
1.360000000000000000e+02	6.308107000000000575e-01	3.342741484418690345e-02	-1.856653735547263845e-02
1.370000000000000000e+02	6.290174000000000598e-01	3.338863824857609547e-02	-2.114019847308220082e-02
1.380000000000000000e+02	6.271343000000000334e-01	3.334483801557588251e-02	-2.371067751469901549e-02
1.390000000000000000e+02	6.245838000000000223e-01	3.329602073810779966e-02	-2.627758756533471809e-02
1.400000000000000000e+02	6.216530000000000111e-01	3.324219376427157979e-02	-2.884054224721433607e-02
1.410000000000000000e+02	6.191786000000000234e-01	3.318336519623908687e-02	-3.139915577793497836e-02
1.420000000000000000e+02	6.172083999999999904e-01	3.311954388903474988e-02	-3.395304302853491274e-02
1.430000000000000000e+02	6.162039000000000266e-01	3.305073944920269846e-02	-3.650181958146381939e-02
1.440000000000000000e+02	6.153627999999999876e-01	3.297696223336074595e-02	-3.904510178844668167e-02
1.450000000000000000e+02	6.142448000000000352e-01	3.289822334664150444e-02	-4.158250682823114164e-02
1.460000000000000000e+02	6.121802000000000632e-01	3.281453464102078443e-02	-4.411365276421087139e-02
1.470000000000000000e+02	6.091385999999999745e-01	3.272590871353364683e-02	-4.663815860191578011e-02
1.480000000000000000e+02	6.056894999999999918e-01	3.263235890437820447e-02	-4.915564434635991825e-02
1.490000000000000000e+02	6.026727000000000611e-01	3.253389929490768662e-02	-5.166573105923968900e-02
1.500000000000000000e+02	5.997645000000000337e-01	3.243054470551083590e-02	-5.416804091597222925e-02
1.510000000000000000e+02	5.968657000000000545e-01	3.232231069338113716e-02	-5.666219726256666728e-02
1.520000000000000000e+02	5.939237000000000544e-01	3.220921355017505178e-02	-5.914782467231921581e-02
1.530000000000000000e+02	5.909649999999999626e-01	3.209127029955984728e-02	-6.162454900232298971e-02
1.540000000000000000e+02	5.880800999999999945e-01	3.196849869465106381e-02	-6.409199744978517910e-02
1.550000000000000000e+02	5.855291999999999719e-01	3.184091721534031139e-02	-6.654979860814227988e-02
1.560000000000000000e+02	5.828353000000000561e-01	3.170854506551365470e-02	-6.899758252296499250e-02
1.570000000000000000e+02	5.801275999999999655e-01	3.157140217016093237e-02	-7.143498074764476069e-02
1.580000000000000000e+02	5.766729000000000438e-01	3.142950917237664205e-02	-7.386162639885340830e-02
1.590000000000000000e+02	5.724272000000000249e-01	3.128288743025270380e-02	-7.627715421176711752e-02
1.600000000000000000e+02	5.677193000000000378e-01	3.113155901366351438e-02	-7.868120059504728203e-02
1.610000000000000000e+02	5.629697999999999647e-01	3.097554670094403509e-02	-8.107340368556886778e-02
1.620000000000000000e+02	5.584196000000000160e-01	3.081487397546105525e-02	-8.345340340288921743e-02
1.630000000000000000e+02	5.543997999999999982e-01	3.064956502207844685e-02	-8.582084150344825024e-02
1.640000000000000000e+02	5.509766000000000385e-01	3.047964472351681262e-02	-8.817536163449196662e-02
1.650000000000000000e+02	5.479040000000000576e-01	3.030513865660804107e-02	-9.051660938771197151e-02
1.660000000000000000e+02	5.446591000000000626e-01	3.012607308844547291e-02	-9.284423235259130214e-02
1.670000000000000000e+02	5.410548000000000579e-01	2.994247497243004985e-02	-9.515788016945077310e-02
1.680000000000000000e+02	5.370044000000000484e-01	2.975437194421324399e-02	-9.745720458218568027e-02
1.690000000000000000e+02	5.327492000000000338e-01	2.956179231753728806e-02	-9.974185949068625767e-02
1.700000000000000000e+02	5.280753000000000252e-01	2.936476507997331023e-02	-1.020115010029332969e-01
1.710000000000000000e+02	5.234558999999999740e-01	2.916331988855803622e-02	-1.042657874867621015e-01
1.720000000000000000e+02	5.184069000000000038e-01	2.895748706532973865e-02	-1.065043796212855887e-01
1.730000000000000000e+02	5.135216999999999699e-01	2.874729759276413096e-02	-1.087269404479694751e-01
1.740000000000000000e+02	5.089133999999999602e-01	2.853278310911073340e-02	-1.109331354213525800e-01
1.750000000000000000e+02	5.046633000000000369e-01	2.831397590363066499e-02	-1.131226324594032800e-01
1.760000000000000000e+02	5.007814999999999905e-01	2.809090891173636126e-02	-1.152951019935049698e-01
1.770000000000000000e+02	4.964969999999999661e-01	2.786361571003404328e-02	-1.174502170180642679e-01
1.780000000000000000e+02	4.920714999999999950e-01	2.763213051126969799e-02	-1.195876531397322140e-01
1.790000000000000000e+02	4.870953000000000088e-01	2.739648815917928443e-02	-1.217070886262327095e-01
1.800000000000000000e+02	4.814485000000000015e-01	2.715672412324396032e-02	-1.238082044547908767e-01
1.810000000000000000e+02	4.755223000000000089e-01	2.691287449335112714e-02	-1.258906843601529935e-01
1.820000000000000000e+02	4.692500000000000004e-01	2.666497597436211231e-02	-1.279542148821912195e-01
1.830000000000000000e+02	4.630570999999999993e-01	2.641306588058722413e-02	-1.299984854130869782e-01
1.840000000000000000e+02	4.569850000000000301e-01	2.615718213016911264e-02	-1.320231882440840998e-01
1.850000000000000000e+02	4.512957000000000218e-01	2.589736323937529353e-02	-1.340280186118056605e-01
1.860000000000000000e+02	4.457732000000000361e-01	2.563364831680049055e-02	-1.360126747441283979e-01
1.870000000000000000e+02	4.403838999999999948e-01	2.536607705747998681e-02	-1.379768579056056543e-01
1.880000000000000000e+02	4.350537999999999905e-01	2.509468973691456745e-02	-1.399202724424341016e-01
1.890000000000000000e+02	4.293635000000000090e-01	2.481952720500821968e-02	-1.418426258269559759e-01
1.900000000000000000e+02	4.233549000000000340e-01	2.454063087991924241e-02	-1.437436287016914394e-01
1.910000000000000000e+02	4.174014999999999809e-01	2.425804274182588940e-02	-1.456229949228932397e-01
1.920000000000000000e+02	4.112079000000000151e-01	2.397180532660745517e-02	-1.474804416036176458e-01
1.930000000000000000e+02	4.047408000000000117e-01	2.368196171944159795e-02	-1.493156891563055533e-01
1.940000000000000000e+02	3.979823000000000111e-01	2.338855554831907949e-02	-1.511284613348667094e-01
1.950000000000000000e+02	3.911644000000000232e-01	2.309163097747682011e-02	-1.529184852762605351e-01
1.960000000000000000e+02	3.849122999999999850e-01	2.279123270075008797e-02	-1.546854915415687981e-01
1.970000000000000000e+02	3.793736000000000330e-01	2.248740593484513731e-02	-1.564292141565518657e-01
1.980000000000000000e+02	3.740086000000000244e-01	2.218019641253308333e-02	-1.581493906516836523e-01
1.990000000000000000e+02	3.686911999999999967e-01	2.186965037576603724e-02	-1.598457621016596830e-01
2.000000000000000000e+02	3.627622999999999820e-01	2.155581456871670173e-02	-1.615180731643708067e-01
2.010000000000000000e+02	3.565674999999999817e-01	2.123873623074227709e-02	-1.631660721193381458e-01
2.020000000000000000e+02	3.498502000000000001e-01	2.091846308927392678e-02	-1.647895109056023433e-01
2.030000000000000000e+02	3.424653000000000280e-01	2.059504335263267691e-02	-1.663881451590628335e-01
2.040000000000000000e+02	3.350436999999999999e-01	2.026852570277297774e-02	-1.679617342492599197e-01
2.050000000000000000e+02	3.272440000000000349e-01	1.993895928795504091e-02	-1.695100413155947450e-01
2.060000000000000000e+02	3.202488000000000001e-01	1.960639371534681277e-02	-1.710328333029827452e-01
2.070000000000000000e+02	3.134686999999999890e-01	1.927087904355706191e-02	-1.725298809969332825e-01
2.080000000000000000e+02	3.069074999999999998e-01	1.893246577510041342e-02	-1.740009590580516574e-01
2.090000000000000000e+02	3.002437000000000022e-01	1.859120484879555474e-02	-1.754458460559578381e-01
2.100000000000000000e+02	2.930023999999999962e-01	1.824714763209780641e-02	-1.768643245026167710e-01
2.110000000000000000e+02	2.859140000000000015e-01	1.790034591336721326e-02	-1.782561808850749996e-01
2.120000000000000000e+02	2.785556000000000143e-01	1.755085189407314811e-02	-1.796212056975994009e-01
2.130000000000000000e+02	2.712496000000000351e-01	1.719871818093685403e-02	-1.809591934732124041e-01
2.140000000000000000e+02	2.638318000000000052e-01	1.684399777801298681e-02	-1.822699428146194178e-01
2.150000000000000000e+02	2.560095000000000010e-01	1.648674407871124001e-02	-1.835532564245236642e-01
2.160000000000000000e+02	2.484135000000000093e-01	1.612701085775946133e-02	-1.848089411353240064e-01
2.170000000000000000e+02	2.403008000000000088e-01	1.576485226310939125e-02	-1.860368079381906070e-01
2.180000000000000000e+02	2.328578000000000037e-01	1.540032280778609770e-02	-1.872366720115155037e-01
2.190000000000000000e+02	2.262513000000000163e-01	1.503347736168259355e-02	-1.884083527487321885e-01
2.200000000000000000e+02	2.197932000000000219e-01	1.466437114330064462e-02	-1.895516737855009182e-01
2.210000000000000000e+02	2.128925000000000123e-01	1.429305971143920648e-02	-1.906664630262556448e-01
2.220000000000000000e+02	2.025212000000000123e-01	1.391959895683149255e-02	-1.917525526701081284e-01
2.230000000000000000e+02	1.987850000000000172e-01	1.354404509373218803e-02	-1.928097792361060381e-01
2.240000000000000000e+02	1.910145000000000037e-01	1.316645465145599610e-02	-1.938379835878400459e-01
2.250000000000000000e+02	1.831827000000000039e-01	1.278688446586861115e-02	-1.948370109573979436e-01
2.260000000000000000e+02	1.752439000000000080e-01	1.240539167083167839e-02	-1.958067109686603691e-01
2.270000000000000000e+02	1.680029000000000106e-01	1.202203368960292132e-02	-1.967469376599358666e-01
2.280000000000000000e+02	1.606058000000000208e-01	1.163686822619253332e-02	-1.976575495059314791e-01
2.290000000000000000e+02	1.534993000000000052e-01	1.124995325667750047e-02	-1.985384094390555687e-01
2.300000000000000000e+02	1.464804000000000106e-01	1.086134702047491379e-02	-1.993893848700491744e-01
2.310000000000000000e+02	1.392994000000000177e-01	1.047110801157555109e-02	-2.002103477079442417e-01
2.320000000000000000e+02	1.317781000000000091e-01	1.007929496973927058e-02	-2.010011743793438665e-01
2.330000000000000000e+02	1.245597999999999983e-01	9.685966871653321417e-03	-2.017617458470228331e-01
2.340000000000000000e+02	1.171467000000000203e-01	9.291182922055085322e-03	-2.024919476278455588e-01
2.350000000000000000e+02	1.096034000000000036e-01	8.895002544820338961e-03	-2.031916698099983376e-01
2.360000000000000000e+02	1.015715000000000090e-01	8.497485374018677942e-03	-2.038608070695335506e-01
2.370000000000000000e+02	9.350780000000000203e-02	8.098691244937268260e-03	-2.044992586862231509e-01
2.380000000000000000e+02	8.527109000000000771e-02	7.698680185074221853e-03	-2.051069285587195923e-01
2.390000000000000000e+02	7.718308000000001501e-02	7.297512405103139324e-03	-2.056837252190210352e-01
2.400000000000000000e+02	6.943519000000000774e-02	6.895248289810088776e-03	-2.062295618462393898e-01
2.410000000000000000e+02	6.128907000000001493e-02	6.491948389004258482e-03	-2.067443562796688616e-01
2.420000000000000000e+02	5.375041000000001234e-02	6.087673408403881936e-03	-2.072280310311529483e-01
2.430000000000000000e+02	4.609760000000000940e-02	5.682484200498705978e-03	-2.076805132967481649e-01
2.440000000000000000e+02	3.845869000000001064e-02	5.276441755390234509e-03	-2.081017349676826667e-01
2.450000000000000000e+02	3.037503000000001119e-02	4.869607191611383633e-03	-2.084916326406081599e-01
2.460000000000000000e+02	2.278493000000000879e-02	4.462041746926819798e-03	-2.088501476271435175e-01
2.470000000000000000e+02	1.475774000000000877e-02	4.053806769115196953e-03	-2.091772259627087682e-01
2.480000000000000000e+02	7.250200000000008721e-03	3.644963706734987569e-03	-2.094728184146479322e-01
2.490000000000000000e+02	-3.811599999999915056e-04	3.235574099875128742e-03	-2.097368804896395655e-01
2.500000000000000000e+02	-8.112294999999991596e-03	2.825699570891769281e-03	-2.099693724403941530e-01
2.510000000000000000e+02	-1.566256399999998994e-02	2.415401815132772224e-03	-2.101702592716369056e-01
2.520000000000000000e+02	-2.359481999999999205e-02	2.004742591651147675e-03	-2.103395107453753243e-01
2.530000000000000000e+02	-3.147552999999998768e-02	1.593783713908983671e-03	-2.104771013854506989e-01
2.540000000000000000e+02	-3.904305999999999055e-02	1.182587040473039334e-03	-2.105830104813728454e-01
2.550000000000000000e+02	-4.640890999999999073e-02	7.712144657036805809e-04	-2.106572220914375293e-01
2.560000000000000000e+02	-5.359328999999999482e-02	3.597279104384305988e-04	-2.106997250451260462e-01
2.570000000000000000e+02	-6.171897999999999274e-02	-5.181068732860026507e-05	-2.107105129447866265e-01
2.580000000000000000e+02	-7.008982999999999186e-02	-4.633393817697332886e-04	-2.106895841665973601e-01
2.590000000000000000e+02	-7.856871999999999467e-02	-8.747962285479182797e-04	-2.106369418608107502e-01
2.600000000000000000e+02	-8.644486999999999310e-02	-1.286119294140841739e-03	-2.105525939512794542e-01
2.610000000000000000e+02	-9.375151999999999097e-02	-1.697246665163270945e-03	-2.104365531342635154e-01
2.620000000000000000e+02	-1.009370099999999937e-01	-2.108116457686368996e-03	-2.102888368765193916e-01
2.630000000000000000e+02	-1.082720799999999928e-01	-2.518666826552709223e-03	-2.101094674126707806e-01
2.640000000000000000e+02	-1.159174999999999928e-01	-2.928835974685304547e-03	-2.098984717418617696e-01
2.650000000000000000e+02	-1.235116999999999882e-01	-3.338562162389488788e-03	-2.096558816236928635e-01
2.660000000000000000e+02	-1.316168999999999811e-01	-3.747783716646072971e-03	-2.093817335734405316e-01
2.670000000000000000e+02	-1.393374000000000001e-01	-4.156439040394610020e-03	-2.090760688565606873e-01
2.680000000000000000e+02	-1.469218999999999942e-01	-4.564466621805099260e-03	-2.087389334824774900e-01
2.690000000000000000e+02	-1.548612000000000044e-01	-4.971805043536853957e-03	-2.083703781976577463e-01
2.700000000000000000e+02	-1.630662999999999974e-01	-5.378392991983286381e-03	-2.079704584779724641e-01
2.710000000000000000e+02	-1.714495999999999798e-01	-5.784169266500938100e-03	-2.075392345203464772e-01
2.720000000000000000e+02	-1.795576999999999868e-01	-6.189072788621515636e-03	-2.070767712336975541e-01
2.730000000000000000e+02	-1.871681999999999790e-01	-6.593042611245661204e-03	-2.065831382291659635e-01
2.740000000000000000e+02	-1.946328999999999976e-01	-6.996017927816818374e-03	-2.060584098096365224e-01
2.750000000000000000e+02	-2.021015999999999924e-01	-7.397938081473948851e-03	-2.055026649585544596e-01
2.760000000000000000e+02	-2.089610999999999830e-01	-7.798742574181839228e-03	-2.049159873280363697e-01
2.770000000000000000e+02	-2.154816999999999982e-01	-8.198371075837377481e-03	-2.042984652262788414e-01
2.780000000000000000e+02	-2.219826000000000021e-01	-8.596763433350545006e-03	-2.036501916042662286e-01
2.790000000000000000e+02	-2.293380999999999892e-01	-8.993859679698902945e-03	-2.029712640417790648e-01
2.800000000000000000e+02	-2.366994999999999794e-01	-9.389600042953931761e-03	-2.022617847327063956e-01
2.810000000000000000e+02	-2.441133999999999804e-01	-9.783924955278014077e-03	-2.015218604696633053e-01
2.820000000000000000e+02	-2.511166999999999705e-01	-1.017677506189082308e-02	-2.007516026279159982e-01
2.830000000000000000e+02	-2.577963999999999811e-01	-1.056809123000347975e-02	-1.999511271486175412e-01
2.840000000000000000e+02	-2.647635999999999878e-01	-1.095781455771942768e-02	-1.991205545213559081e-01
2.850000000000000000e+02	-2.715439000000000047e-01	-1.134588638290040877e-02	-1.982600097660179306e-01
2.860000000000000000e+02	-2.782376999999999767e-01	-1.173224829199654221e-02	-1.973696224139704636e-01
2.870000000000000000e+02	-2.849656999999999885e-01	-1.211684212883882596e-02	-1.964495264885634529e-01
2.880000000000000000e+02	-2.919125999999999665e-01	-1.249961000339291049e-02	-1.954998604849562394e-01
2.890000000000000000e+02	-2.987037000000000164e-01	-1.288049430047293747e-02	-1.945207673492708456e-01
2.900000000000000000e+02	-3.058517000000000041e-01	-1.325943768841388037e-02	-1.935123944570754373e-01
2.910000000000000000e+02	-3.133126999999999995e-01	-1.363638312770121264e-02	-1.924748935912010406e-01
2.920000000000000000e+02	-3.207538999999999807e-01	-1.401127387955671509e-02	-1.914084209188947616e-01
2.930000000000000000e+02	-3.281686999999999799e-01	-1.438405351447890820e-02	-1.903131369683128959e-01
2.940000000000000000e+02	-3.350755999999999735e-01	-1.475466592073691047e-02	-1.891892066043582565e-01
2.950000000000000000e+02	-3.415656999999999721e-01	-1.512305531281661099e-02	-1.880367990038638859e-01
2.960000000000000000e+02	-3.470473000000000030e-01	-1.548916623981758459e-02	-1.868560876301283979e-01
2.970000000000000000e+02	-3.522586999999999802e-01	-1.585294359379972942e-02	-1.856472502068055863e-01
2.980000000000000000e+02	-3.579537999999999887e-01	-1.621433261807819770e-02	-1.844104686911533786e-01
2.990000000000000000e+02	-3.644027999999999712e-01	-1.657327891546559601e-02	-1.831459292466447730e-01
3.000000000000000000e+02	-3.712480999999999698e-01	-1.692972845645994776e-02	-1.818538222149462535e-01
3.010000000000000000e+02	-3.779643999999999782e-01	-1.728362758737728849e-02	-1.805343420872672633e-01
3.020000000000000000e+02	-3.846716000000000024e-01	-1.763492303842787226e-02	-1.791876874750844284e-01
3.030000000000000000e+02	-3.908051000000000164e-01	-1.798356193173440698e-02	-1.778140610802464161e-01
3.040000000000000000e+02	-3.997064000000000172e-01	-1.832949178929131617e-02	-1.764136696644627023e-01
3.050000000000000000e+02	-4.028219000000000105e-01	-1.867266054086398272e-02	-1.749867240181811889e-01
3.060000000000000000e+02	-4.093230999999999953e-01	-1.901301653182640647e-02	-1.735334389288593904e-01
3.070000000000000000e+02	-4.154096999999999928e-01	-1.935050853093638057e-02	-1.720540331486344610e-01
3.080000000000000000e+02	-4.209576999999999902e-01	-1.968508573804700346e-02	-1.705487293613957012e-01
3.090000000000000000e+02	-4.260846999999999829e-01	-2.001669779175322891e-02	-1.690177541492656754e-01
3.100000000000000000e+02	-4.312848999999999711e-01	-2.034529477697233357e-02	-1.674613379584947159e-01
3.110000000000000000e+02	-4.371011999999999675e-01	-2.067082723245735124e-02	-1.658797150647733643e-01
3.120000000000000000e+02	-4.435344999999999982e-01	-2.099324615824204807e-02	-1.642731235379685795e-01
3.130000000000000000e+02	-4.505259999999999820e-01	-2.131250302301651578e-02	-1.626418052062890973e-01
3.140000000000000000e+02	-4.571544000000000163e-01	-2.162854977143226221e-02	-1.609860056198846312e-01
3.150000000000000000e+02	-4.632097000000000020e-01	-2.194133883133560226e-02	-1.593059740138850211e-01
3.160000000000000000e+02	-4.685209000000000179e-01	-2.225082312092835357e-02	-1.576019632708848539e-01
3.170000000000000000e+02	-4.738230999999999971e-01	-2.255695605585466418e-02	-1.558742298828790229e-01
3.180000000000000000e+02	-4.784547000000000105e-01	-2.285969155621307008e-02	-1.541230339126546112e-01
3.190000000000000000e+02	-4.828747999999999929e-01	-2.315898405349251996e-02	-1.523486389546457875e-01
3.200000000000000000e+02	-4.876425999999999816e-01	-2.345478849743145092e-02	-1.505513120952569617e-01
3.210000000000000000e+02	-4.931019999999999848e-01	-2.374706036279891630e-02	-1.487313238726601650e-01
3.220000000000000000e+02	-4.988064999999999860e-01	-2.403575565609658918e-02	-1.468889482360727361e-01
3.230000000000000000e+02	-5.040141999999999678e-01	-2.432083092218077780e-02	-1.450244625045224167e-01
3.240000000000000000e+02	-5.089858000000000438e-01	-2.460224325080344332e-02	-1.431381473251039926e-01
3.250000000000000000e+02	-5.160765999999999964e-01	-2.487995028307113041e-02	-1.412302866307356963e-01
3.260000000000000000e+02	-5.184843999999999564e-01	-2.515391021782089481e-02	-1.393011675974212271e-01
3.270000000000000000e+02	-5.234683999999999449e-01	-2.542408181791241950e-02	-1.373510806010230234e-01
3.280000000000000000e+02	-5.276473999999999887e-01	-2.569042441643504260e-02	-1.353803191735541145e-01
3.290000000000000000e+02	-5.312000000000000055e-01	-2.595289792282907612e-02	-1.333891799589951022e-01
3.300000000000000000e+02	-5.345339999999999536e-01	-2.621146282892036425e-02	-1.313779626686423507e-01
3.310000000000000000e+02	-5.376530999999999949e-01	-2.646608021486706805e-02	-1.293469700359952956e-01
3.320000000000000000e+02	-5.416225999999999541e-01	-2.671671175501809381e-02	-1.272965077711872561e-01
3.330000000000000000e+02	-5.458456000000000419e-01	-2.696331972368188820e-02	-1.252268845149699106e-01
3.340000000000000000e+02	-5.503510000000000346e-01	-2.720586700080503129e-02	-1.231384117922556948e-01
3.350000000000000000e+02	-5.548592999999999442e-01	-2.744431707755963165e-02	-1.210314039652261864e-01
3.360000000000000000e+02	-5.592713000000000267e-01	-2.767863406183872568e-02	-1.189061781860136918e-01
3.370000000000000000e+02	-5.632179999999999964e-01	-2.790878268365888648e-02	-1.167630543489625028e-01
3.380000000000000000e+02	-5.669630999999999421e-01	-2.813472830046905016e-02	-1.146023550424781073e-01
3.390000000000000000e+02	-5.701901000000000330e-01	-2.835643690236512582e-02	-1.124244055004695597e-01
3.400000000000000000e+02	-5.729218999999999840e-01	-2.857387511720917497e-02	-1.102295335533950149e-01
3.410000000000000000e+02	-5.753403000000000267e-01	-2.878701021565269538e-02	-1.080180695789157014e-01
3.420000000000000000e+02	-5.784481000000000206e-01	-2.899581011606310391e-02	-1.057903464521667142e-01
3.430000000000000000e+02	-5.819877999999999441e-01	-2.920024338935279379e-02	-1.035466994956515396e-01
3.440000000000000000e+02	-5.857698000000000071e-01	-2.940027926370981926e-02	-1.012874664287691656e-01
3.450000000000000000e+02	-5.896552000000000460e-01	-2.959588762922987781e-02	-9.901298731697880107e-02
3.460000000000000000e+02	-5.931792000000000176e-01	-2.978703904244843839e-02	-9.672360452061289082e-02
3.470000000000000000e+02	-5.967158999999999658e-01	-2.997370473077266145e-02	-9.441966264334407388e-02
3.480000000000000000e+02	-6.000912999999999942e-01	-3.015585659681235819e-02	-9.210150848031459225e-02
3.490000000000000000e+02	-6.034747999999999779e-01	-3.033346722260924638e-02	-8.976949096593560273e-02
3.500000000000000000e+02	-6.059687000000000268e-01	-3.050650987376394424e-02	-8.742396112136538444e-02
3.510000000000000000e+02	-6.076053000000000148e-01	-3.067495850346018196e-02	-8.506527200167172953e-02
3.520000000000000000e+02	-6.093382999999999994e-01	-3.083878775638536004e-02	-8.269377864268986911e-02
3.530000000000000000e+02	-6.108919000000000432e-01	-3.099797297254712827e-02	-8.030983800758144386e-02
3.540000000000000000e+02	-6.129692999999999392e-01	-3.115249019098527070e-02	-7.791380893310347056e-02
3.550000000000000000e+02	-6.155602999999999492e-01	-3.130231615337834145e-02	-7.550605207559536736e-02
3.560000000000000000e+02	-6.185235999999999512e-01	-3.144742830754461427e-02	-7.308692985669185127e-02
3.570000000000000000e+02	-6.212571000000000065e-01	-3.158780481083663799e-02	-7.065680640877103347e-02
3.580000000000000000e+02	-6.236701000000000050e-01	-3.172342453342908569e-02	-6.821604752014320816e-02
3.590000000000000000e+02	-6.254574999999999996e-01	-3.185426706149926956e-02	-6.576502057999225603e-02
3.600000000000000000e+02	-6.263012999999999497e-01	-3.198031270029986356e-02	-6.330409452307501905e-02
3.610000000000000000e+02	-6.272058999999999829e-01	-3.210154247712340703e-02	-6.083363977418839580e-02
3.620000000000000000e+02	-6.277315999999999452e-01	-3.221793814415813834e-02	-5.835402819241183175e-02
3.630000000000000000e+02	-6.286855000000000082e-01	-3.232948218123467277e-02	-5.586563301513491203e-02
3.640000000000000000e+02	-6.298428000000000360e-01	-3.243615779846323322e-02	-5.336882880187561462e-02
3.650000000000000000e+02	-6.311242000000000241e-01	-3.253794893876086475e-02	-5.086399137790140884e-02
3.660000000000000000e+02	-6.323254000000000374e-01	-3.263484028026839012e-02	-4.835149777765890972e-02
3.670000000000000000e+02	-6.335918000000000383e-01	-3.272681723865672465e-02	-4.583172618802167780e-02
3.680000000000000000e+02	-6.354446999999999734e-01	-3.281386596932210631e-02	-4.330505589136442179e-02
3.690000000000000000e+02	-6.373022999999999882e-01	-3.289597336947003986e-02	-4.077186720847317258e-02
3.700000000000000000e+02	-6.390095000000000081e-01	-3.297312708008757337e-02	-3.823254144129735466e-02
3.710000000000000000e+02	-6.397055999999999854e-01	-3.304531548780359484e-02	-3.568746081555597416e-02
3.720000000000000000e+02	-6.399154000000000231e-01	-3.311252772663689919e-02	-3.313700842320387724e-02
3.730000000000000000e+02	-6.396235000000000115e-01	-3.317475367963178962e-02	-3.058156816476774800e-02
3.740000000000000000e+02	-6.392832999999999988e-01	-3.323198398038087337e-02	-2.802152469156046766e-02
3.750000000000000000e+02	-6.392130999999999785e-01	-3.328421001443494093e-02	-2.545726334778222397e-02
3.760000000000000000e+02	-6.391748999999999903e-01	-3.333142392059961628e-02	-2.288917011251827976e-02
3.770000000000000000e+02	-6.398099999999999898e-01	-3.337361859211866733e-02	-2.031763154163931245e-02
3.780000000000000000e+02	-6.409006999999999898e-01	-3.341078767774371960e-02	-1.774303470961679369e-02
3.790000000000000000e+02	-6.419582000000000344e-01	-3.344292558269025550e-02	-1.516576715125936801e-02
3.800000000000000000e+02	-6.422805000000000319e-01	-3.347002746947977392e-02	-1.258621680338014616e-02
3.810000000000000000e+02	-6.418494999999999617e-01	-3.349208925866790920e-02	-1.000477194640329859e-02
3.820000000000000000e+02	-6.404756000000000338e-01	-3.350910762945852328e-02	-7.421821145919828625e-03
3.830000000000000000e+02	-6.387964000000000420e-01	-3.352108002020350724e-02	-4.837753194198604438e-03
3.840000000000000000e+02	-6.376933000000000185e-01	-3.352800462878842425e-02	-2.252957051665100460e-03
3.850000000000000000e+02	-6.364849999999999675e-01	-3.352988041290370924e-02	3.321782116460933140e-04
3.860000000000000000e+02	-6.356768000000000418e-01	-3.352670709020161982e-02	2.917263474655070257e-03
3.870000000000000000e+02	-6.344457000000000013e-01	-3.351848513833869531e-02	5.501909623808095597e-03
3.880000000000000000e+02	-6.334878000000000453e-01	-3.350521579490384899e-02	8.085727611648147947e-03
3.890000000000000000e+02	-6.327348000000000416e-01	-3.348690105723213517e-02	1.066832851537457064e-02
3.900000000000000000e+02	-6.321799999999999642e-01	-3.346354368210405911e-02	1.324932359538584514e-02
3.910000000000000000e+02	-6.320027999999999757e-01	-3.343514718533063118e-02	1.582832435379289207e-02
3.920000000000000000e+02	-6.310413000000000272e-01	-3.340171584122417908e-02	1.840494259289696122e-02
3.930000000000000000e+02	-6.293575999999999615e-01	-3.336325468195491806e-02	2.097879047362211091e-02
3.940000000000000000e+02	-6.271917000000000186e-01	-3.331976949679354982e-02	2.354948057389391267e-02
3.950000000000000000e+02	-6.248316999999999899e-01	-3.327126683123983464e-02	2.611662594695446371e-02
3.960000000000000000e+02	-6.226686000000000165e-01	-3.321775398603731000e-02	2.867984017960769835e-02
3.970000000000000000e+02	-6.203935000000000421e-01	-3.315923901607439883e-02	3.123873745038252894e-02
3.980000000000000000e+02	-6.189322999999999908e-01	-3.309573072917197656e-02	3.379293258760786289e-02
3.990000000000000000e+02	-6.176829999999999821e-01	-3.302723868475754970e-02	3.634204112738961823e-02
4.000000000000000000e+02	-6.163028000000000395e-01	-3.295377319242639991e-02	3.888567937148115772e-02
4.010000000000000000e+02	-6.153982000000000063e-01	-3.287534531038972113e-02	4.142346444503877678e-02
4.020000000000000000e+02	-6.138535999999999992e-01	-3.279196684381012472e-02	4.395501435425216985e-02
4.030000000000000000e+02	-6.114762000000000253e-01	-3.270365034302468582e-02	4.647994804384426859e-02
4.040000000000000000e+02	-6.083999999999999408e-01	-3.261040910165585727e-02	4.899788545442788218e-02
4.050000000000000000e+02	-6.050398000000000165e-01	-3.251225715461045218e-02	5.150844757971338034e-02
4.060000000000000000e+02	-6.016865999999999604e-01	-3.240920927596709772e-02	5.401125652355766998e-02
4.070000000000000000e+02	-5.984620999999999968e-01	-3.230128097675237508e-02	5.650593555684627067e-02
4.080000000000000000e+02	-5.952585999999999711e-01	-3.218848850260611072e-02	5.899210917419881600e-02
4.090000000000000000e+02	-5.920516999999999586e-01	-3.207084883133598519e-02	6.146940315049210374e-02
4.100000000000000000e+02	-5.890499999999999625e-01	-3.194837967036202181e-02	6.393744459718875284e-02
4.110000000000000000e+02	-5.863640999999999437e-01	-3.182109945405120488e-02	6.639586201846545133e-02
4.120000000000000000e+02	-5.836620000000000141e-01	-3.168902734094272700e-02	6.884428536713149693e-02
4.130000000000000000e+02	-5.807742000000000182e-01	-3.155218321086413619e-02	7.128234610032933849e-02
4.140000000000000000e+02	-5.772937000000000207e-01	-3.141058766193906282e-02	7.370967723500794488e-02
4.150000000000000000e+02	-5.731505999999999545e-01	-3.126426200748663731e-02	7.612591340316300637e-02
4.160000000000000000e+02	-5.688727000000000089e-01	-3.111322827281341741e-02	7.853069090683244269e-02
4.170000000000000000e+02	-5.644143000000000354e-01	-3.095750919189808187e-02	8.092364777284120902e-02
4.180000000000000000e+02	-5.598356999999999362e-01	-3.079712820396943163e-02	8.330442380728644847e-02
4.190000000000000000e+02	-5.557577000000000211e-01	-3.063210944997827798e-02	8.567266064975480322e-02
4.200000000000000000e+02	-5.519201999999999719e-01	-3.046247776896365139e-02	8.802800182726390477e-02
4.210000000000000000e+02	-5.484778000000000153e-01	-3.028825869431404569e-02	9.037009280791885590e-02
4.220000000000000000e+02	-5.450935000000000086e-01	-3.010947844992396469e-02	9.269858105427836170e-02
4.230000000000000000e+02	-5.415495999999999643e-01	-2.992616394624670814e-02	9.501311607641879653e-02
4.240000000000000000e+02	-5.377524000000000193e-01	-2.973834277624370567e-02	9.731334948469104462e-02
4.250000000000000000e+02	-5.334716000000000458e-01	-2.954604321123118632e-02	9.959893504216098259e-02
4.260000000000000000e+02	-5.286252000000000173e-01	-2.934929419662465899e-02	1.018695287167260960e-01
4.270000000000000000e+02	-5.236263999999999363e-01	-2.914812534758206772e-02	1.041247887328994176e-01
4.280000000000000000e+02	-5.183332999999999968e-01	-2.894256694454592702e-02	1.063643756232553750e-01
4.290000000000000000e+02	-5.133579999999999810e-01	-2.873264992868550943e-02	1.085879522795267088e-01
4.300000000000000000e+02	-5.083482999999999752e-01	-2.851840589723948771e-02	1.107951840033469249e-01
4.310000000000000000e+02	-5.037123000000000017e-01	-2.829986709875982262e-02	1.129857385566299943e-01
4.320000000000000000e+02	-4.992651999999999646e-01	-2.807706642825763196e-02	1.151592862115798782e-01
4.330000000000000000e+02	-4.951417999999999653e-01	-2.785003742225180753e-02	1.173154998003211880e-01
4.340000000000000000e+02	-4.907932999999999879e-01	-2.761881425372091081e-02	1.194540547641464723e-01
4.350000000000000000e+02	-4.861788999999999694e-01	-2.738343172695945765e-02	1.215746292023688335e-01
4.360000000000000000e+02	-4.809478999999999838e-01	-2.714392527233903257e-02	1.236769039207754467e-01
4.370000000000000000e+02	-4.752722999999999809e-01	-2.690033094097525612e-02	1.257605624796734600e-01
4.380000000000000000e+02	-4.690961000000000158e-01	-2.665268539930126801e-02	1.278252912415213105e-01
4.390000000000000000e+02	-4.628981999999999819e-01	-2.640102592354857947e-02	1.298707794181383768e-01
4.400000000000000000e+02	-4.569176999999999822e-01	-2.614539039413623506e-02	1.318967191174849896e-01
4.410000000000000000e+02	-4.514321000000000028e-01	-2.588581728996884948e-02	1.339028053900081228e-01
4.420000000000000000e+02	-4.463962999999999681e-01	-2.562234568264475099e-02	1.358887362745423155e-01
4.430000000000000000e+02	-4.409228000000000036e-01	-2.535501523057477613e-02	1.378542128437620640e-01
4.440000000000000000e+02	-4.357265999999999639e-01	-2.508386617301281915e-02	1.397989392491770233e-01
4.450000000000000000e+02	-4.303812000000000193e-01	-2.480893932399888188e-02	1.417226227656638304e-01
4.460000000000000000e+02	-4.247991999999999879e-01	-2.453027606621571710e-02	1.436249738355275529e-01
4.470000000000000000e+02	-4.186987999999999821e-01	-2.424791834475970020e-02	1.455057061120872686e-01
4.480000000000000000e+02	-4.124440999999999802e-01	-2.396190866082720944e-02	1.473645365027772547e-01
4.490000000000000000e+02	-4.061343000000000036e-01	-2.367229006531722246e-02	1.492011852117589021e-01
4.500000000000000000e+02	-3.993830999999999909e-01	-2.337910615235119782e-02	1.510153757820362208e-01
4.510000000000000000e+02	-3.926889000000000074e-01	-2.308240105271116074e-02	1.528068351370689137e-01
4.520000000000000000e+02	-3.861035999999999913e-01	-2.278221942719703061e-02	1.545752936218767193e-01
4.530000000000000000e+02	-3.796877999999999642e-01	-2.247860645990420667e-02	1.563204850436279159e-01
4.540000000000000000e+02	-3.738005999999999829e-01	-2.217160785142226892e-02	1.580421467117082701e-01
4.550000000000000000e+02	-3.681238000000000010e-01	-2.186126981195606403e-02	1.597400194772611304e-01
4.560000000000000000e+02	-3.622176999999999758e-01	-2.154763905436999499e-02	1.614138477721956400e-01
4.570000000000000000e+02	-3.559893000000000085e-01	-2.123076278715672546e-02	1.630633796476551878e-01
4.580000000000000000e+02	-3.491694999999999660e-01	-2.091068870733117646e-02	1.646883668119416555e-01
4.590000000000000000e+02	-3.421659999999999702e-01	-2.058746499325115817e-02	1.662885646678883556e-01
4.600000000000000000e+02	-3.345286000000000093e-01	-2.026114029736530639e-02	1.678637323496782463e-01
4.610000000000000000e+02	-3.271553999999999851e-01	-1.993176373888988842e-02	1.694136327590990698e-01
4.620000000000000000e+02	-3.195950999999999653e-01	-1.959938489641521384e-02	1.709380326012321094e-01
4.630000000000000000e+02	-3.125112999999999919e-01	-1.926405380044295818e-02	1.724367024195684051e-01
4.640000000000000000e+02	-3.059771000000000019e-01	-1.892582092585544037e-02	1.739094166305470424e-01
4.650000000000000000e+02	-2.994110999999999856e-01	-1.858473718431799190e-02	1.753559535575106854e-01
4.660000000000000000e+02	-2.929672999999999861e-01	-1.824085391661569439e-02	1.767760954640724969e-01
4.670000000000000000e+02	-2.859804999999999708e-01	-1.789422288492530447e-02	1.781696285868910878e-01
4.680000000000000000e+02	-2.786914999999999809e-01	-1.754489626502395844e-02	1.795363431678460020e-01
4.690000000000000000e+02	-2.711916999999999800e-01	-1.719292663843553781e-02	1.808760334856115426e-01
4.700000000000000000e+02	-2.634925000000000184e-01	-1.683836698451595185e-02	1.821884978866221971e-01
4.710000000000000000e+02	-2.559616000000000113e-01	-1.648127067247853392e-02	1.834735388154261904e-01
4.720000000000000000e+02	-2.486628999999999923e-01	-1.612169145336086670e-02	1.847309628444216700e-01
4.730000000000000000e+02	-2.416791999999999829e-01	-1.575968345193390352e-02	1.859605807029725000e-01
4.740000000000000000e+02	-2.347413999999999890e-01	-1.539530115855504248e-02	1.871622073058973046e-01
4.750000000000000000e+02	-2.277965999999999880e-01	-1.502859942096611279e-02	1.883356617813292111e-01
4.760000000000000000e+02	-2.214026000000000050e-01	-1.465963343603752904e-02	1.894807674979408774e-01
4.770000000000000000e+02	-2.145920000000000050e-01	-1.428845874145989736e-02	1.905973520915318908e-01
4.780000000000000000e+02	-2.080902000000000029e-01	-1.391513120738445408e-02	1.916852474909728210e-01
4.790000000000000000e+02	-2.015209999999999779e-01	-1.353970702801318877e-02	1.927442899435043988e-01
4.800000000000000000e+02	-1.946688999999999781e-01	-1.316224271314044882e-02	1.937743200393856335e-01
4.810000000000000000e+02	-1.871382999999999797e-01	-1.278279507964692752e-02	1.947751827358886467e-01
4.820000000000000000e+02	-1.792253999999999792e-01	-1.240142124294744096e-02	1.957467273806359764e-01
4.830000000000000000e+02	-1.712425999999999948e-01	-1.201817860839376507e-02	1.966888077342773544e-01
4.840000000000000000e+02	-1.631394999999999929e-01	-1.163312486263381670e-02	1.976012819925019870e-01
4.850000000000000000e+02	-1.552859999999999796e-01	-1.124631796492862185e-02	1.984840128073829812e-01
4.860000000000000000e+02	-1.476977999999999902e-01	-1.085781613842797672e-02	1.993368673080517794e-01
4.870000000000000000e+02	-1.402429000000000037e-01	-1.046767786140666463e-02	2.001597171206979109e-01
4.880000000000000000e+02	-1.326989000000000085e-01	-1.007596185846212390e-02	2.009524383878922293e-01
4.890000000000000000e+02	-1.248284999999999950e-01	-9.682727091675081069e-03	2.017149117872302500e-01
4.900000000000000000e+02	-1.168174999999999908e-01	-9.288032751734395104e-03	2.024470225492929210e-01
4.910000000000000000e+02	-1.086250999999999883e-01	-8.891938249027647734e-03	2.031486604749217217e-01
4.920000000000000000e+02	-1.001866399999999935e-01	-8.494503204698362897e-03	2.038197199518065050e-01
4.930000000000000000e+02	-9.182863999999998916e-02	-8.095787441671799950e-03	2.044600999703823363e-01
4.940000000000000000e+02	-8.374232999999998983e-02	-7.695850975650226147e-03	2.050697041390336373e-01
4.950000000000000000e+02	-7.584762999999998534e-02	-7.294754006079202761e-03	2.056484406986034963e-01
4.960000000000000000e+02	-6.823121999999998133e-02	-6.892556907086184147e-03	2.061962225362053147e-01
4.970000000000000000e+02	-6.088133999999999213e-02	-6.489320218392964981e-03	2.067129671983352068e-01
4.980000000000000000e+02	-5.409966999999998860e-02	-6.085104636202917638e-03	2.071985969032834329e-01
4.990000000000000000e+02	-4.609628999999999116e-02	-5.679971004064963448e-03	2.076530385528419231e-01
5.000000000000000000e+02	-3.789644999999999125e-02	-5.273980303715212863e-03	2.080762237433074757e-01
5.010000000000000000e+02	-2.976216999999999058e-02	-4.867193645897850522e-03	2.084680887757778545e-01
5.020000000000000000e+02	-2.178500999999999355e-02	-4.459672261166581012e-03	2.088285746657400077e-01
5.030000000000000000e+02	-1.379207999999999129e-02	-4.051477490668031756e-03	2.091576271519486607e-01
5.040000000000000000e+02	-5.760666999999991891e-03	-3.642670776908642650e-03	2.094551967045935603e-01
5.050000000000000000e+02	2.302760000000007856e-03	-3.233313654506005629e-03	2.097212385327552608e-01
5.060000000000000000e+02	1.003477000000000882e-02	-2.823467740926640431e-03	2.099557125911466482e-01
5.070000000000000000e+02	1.788028000000000881e-02	-2.413194727211148520e-03	2.101585835861412010e-01
5.080000000000000000e+02	2.539737000000000938e-02	-2.002556368688319845e-03	2.103298209810850472e-01
5.090000000000000000e+02	3.233141000000000487e-02	-1.591614475679536869e-03	2.104693990008935922e-01
5.100000000000000000e+02	3.976570000000000799e-02	-1.180430904195047936e-03	2.105772966359312770e-01
5.110000000000000000e+02	4.775152000000000563e-02	-7.690675466230654025e-04	2.106534976451739094e-01
