0.000000000000000000e+00	9.472180000000000877e-02	8.148354357574381359e-04	2.559266524422117439e-01
1.000000000000000000e+00	1.038014000000000020e-01	1.314619391589166419e-03	2.558456999028274059e-01
2.000000000000000000e+00	1.128770000000000051e-01	1.814207633555552177e-03	2.557262439575372359e-01
3.000000000000000000e+00	1.220806000000000113e-01	2.313524976305137825e-03	2.555683025838205169e-01
4.000000000000000000e+00	1.316864000000000090e-01	2.812496275255344392e-03	2.553718995510069756e-01
5.000000000000000000e+00	1.416570000000000051e-01	3.311046437901329562e-03	2.551370644166998658e-01
6.000000000000000000e+00	1.515209000000000139e-01	3.809100435117007254e-03	2.548638325223277490e-01
7.000000000000000000e+00	1.609963000000000088e-01	4.306583312446526229e-03	2.545522449878254712e-01
8.000000000000000000e+00	1.702405999999999919e-01	4.803420201384519389e-03	2.542023487054461683e-01
9.000000000000000000e+00	1.787171000000000176e-01	5.299536330643402071e-03	2.538141963327040229e-01
1.000000000000000000e+01	1.909908999999999912e-01	5.794857037406062235e-03	2.533878462844498802e-01
1.100000000000000000e+01	1.950587000000000015e-01	6.289307778562206949e-03	2.529233627240795590e-01
1.200000000000000000e+01	2.035692000000000057e-01	6.782814141926698549e-03	2.524208155538784082e-01
1.300000000000000000e+01	2.124497999999999942e-01	7.275301857438198211e-03	2.518802804045005561e-01
1.400000000000000000e+01	2.257136000000000142e-01	7.766696808336403905e-03	2.513018386235874591e-01
1.500000000000000000e+01	2.302058999999999911e-01	8.256925042316225205e-03	2.506855772635254165e-01
1.600000000000000000e+01	2.391669000000000156e-01	8.745912782657218332e-03	2.500315890683445508e-01
1.700000000000000000e+01	2.479023000000000199e-01	9.233586439326575343e-03	2.493399724597612221e-01
1.800000000000000000e+01	2.568136999999999781e-01	9.719872620054036821e-03	2.486108315223664045e-01
1.900000000000000000e+01	2.653264000000000178e-01	1.020469814137702803e-02	2.478442759879612711e-01
2.000000000000000000e+01	2.736852000000000174e-01	1.068799003965439053e-02	2.470404212190432658e-01
2.100000000000000000e+01	2.816346000000000127e-01	1.116967558204699611e-02	2.461993881914445181e-01
2.200000000000000000e+01	2.893999999999999906e-01	1.164968227746368372e-02	2.453213034761257960e-01
2.300000000000000000e+01	2.972193000000000196e-01	1.212793788747073935e-02	2.444062992201282147e-01
2.400000000000000000e+01	3.081460999999999784e-01	1.260437043716342541e-02	2.434545131266856732e-01
2.500000000000000000e+01	3.191662000000000110e-01	1.307890822599780400e-02	2.424660884345015144e-01
2.600000000000000000e+01	3.235889000000000126e-01	1.355147983858128249e-02	2.414411738961916298e-01
2.700000000000000000e+01	3.324458000000000135e-01	1.402201415542025584e-02	2.403799237558980617e-01
2.800000000000000000e+01	3.408865999999999841e-01	1.449044036362319779e-02	2.392824977260761543e-01
2.900000000000000000e+01	3.493704000000000254e-01	1.495668796755763273e-02	2.381490609634587252e-01
3.000000000000000000e+01	3.578452999999999773e-01	1.542068679945934363e-02	2.369797840442005588e-01
3.100000000000000000e+01	3.659997999999999863e-01	1.588236702999223926e-02	2.357748429382080235e-01
3.200000000000000000e+01	3.742867000000000277e-01	1.634165917875731247e-02	2.345344189826562842e-01
3.300000000000000000e+01	3.825326000000000004e-01	1.679849412474905199e-02	2.332586988546990203e-01
3.400000000000000000e+01	3.906663000000000219e-01	1.725280311675778458e-02	2.319478745433747047e-01
3.500000000000000000e+01	3.985476000000000019e-01	1.770451778371636906e-02	2.306021433207131599e-01
3.600000000000000000e+01	4.067896000000000289e-01	1.815357014498967039e-02	2.292217077120470570e-01
3.700000000000000000e+01	4.156103999999999909e-01	1.859989262060528920e-02	2.278067754655331845e-01
3.800000000000000000e+01	4.288384000000000085e-01	1.904341804142397135e-02	2.263575595208872915e-01
3.900000000000000000e+01	4.329360999999999904e-01	1.948407965924820948e-02	2.248742779773378886e-01
4.000000000000000000e+01	4.439686999999999939e-01	1.992181115686750270e-02	2.233571540608034200e-01
4.100000000000000000e+01	4.473785000000000123e-01	2.035654665803872040e-02	2.218064160902980253e-01
4.200000000000000000e+01	4.540599000000000163e-01	2.078822073740012322e-02	2.202222974435706637e-01
4.300000000000000000e+01	4.606202999999999825e-01	2.121676843031755980e-02	2.186050365219830982e-01
4.400000000000000000e+01	4.673491000000000173e-01	2.164212524266126078e-02	2.169548767146317614e-01
4.500000000000000000e+01	4.745151000000000230e-01	2.206422716051185950e-02	2.152720663617189167e-01
4.600000000000000000e+01	4.819943000000000422e-01	2.248301065979417535e-02	2.135568587171789434e-01
4.700000000000000000e+01	4.940148000000000317e-01	2.289841271583722970e-02	2.118095119105647961e-01
4.800000000000000000e+01	4.978127000000000524e-01	2.331037081285910334e-02	2.100302889082009961e-01
4.900000000000000000e+01	5.046464999999999979e-01	2.371882295337525426e-02	2.082194574736086767e-01
5.000000000000000000e+01	5.114377000000001061e-01	2.412370766752879384e-02	2.063772901272084292e-01
5.100000000000000000e+01	5.179727999999999000e-01	2.452496402234136466e-02	2.045040641053075536e-01
5.200000000000000000e+01	5.242069000000000312e-01	2.492253163088323231e-02	2.026000613183775168e-01
5.300000000000000000e+01	5.307097999999998983e-01	2.531635066136121368e-02	2.006655683086278064e-01
5.400000000000000000e+01	5.373224999999999252e-01	2.570636184612299854e-02	1.987008762068830925e-01
5.500000000000000000e+01	5.437823999999999991e-01	2.609250649057665711e-02	1.967062806887692750e-01
5.600000000000000000e+01	5.500102000000000046e-01	2.647472648202382761e-02	1.946820819302161887e-01
5.700000000000000000e+01	5.565348999999999435e-01	2.685296429840539068e-02	1.926285845622825454e-01
5.800000000000000000e+01	5.637111999999999679e-01	2.722716301695821822e-02	1.905460976253107175e-01
5.900000000000000000e+01	5.712040000000000450e-01	2.759726632278174802e-02	1.884349345224176908e-01
6.000000000000000000e+01	5.826225000000000431e-01	2.796321851731307234e-02	1.862954129723297103e-01
6.100000000000000000e+01	5.860384999999999067e-01	2.832496452670926063e-02	1.841278549615672222e-01
6.200000000000000000e+01	5.920824000000000087e-01	2.868244991013570860e-02	1.819325866959877191e-01
6.300000000000000000e+01	5.973382000000000414e-01	2.903562086795916791e-02	1.797099385516933989e-01
6.400000000000000000e+01	6.020541999999999838e-01	2.938442424984430423e-02	1.774602450253113806e-01
6.500000000000000000e+01	6.069918999999999176e-01	2.972880756275253847e-02	1.751838446836537777e-01
6.600000000000000000e+01	6.121349000000000373e-01	3.006871897884197745e-02	1.728810801127652619e-01
6.700000000000000000e+01	6.178460999999999537e-01	3.040410734326722333e-02	1.705522978663654987e-01
6.800000000000000000e+01	6.231284999999999741e-01	3.073492218187788907e-02	1.681978484136948948e-01
6.900000000000000000e+01	6.287012999999999074e-01	3.106111370881470615e-02	1.658180860867706774e-01
7.000000000000000000e+01	6.340075000000000571e-01	3.138263283400201387e-02	1.634133690270620498e-01
7.100000000000000000e+01	6.391660999999999593e-01	3.169943117053556497e-02	1.609840591315915836e-01
7.200000000000000000e+01	6.443217999999999446e-01	3.201146104196449238e-02	1.585305219984717851e-01
7.300000000000000000e+01	6.492801999999999740e-01	3.231867548946634749e-02	1.560531268718845233e-01
7.400000000000000000e+01	6.554417999999999633e-01	3.262102827891417284e-02	1.535522465865116482e-01
7.500000000000000000e+01	6.572701999999999156e-01	3.291847390783446403e-02	1.510282575114256787e-01
7.600000000000000000e+01	6.612109999999999932e-01	3.321096761225508093e-02	1.484815394934478339e-01
7.700000000000000000e+01	6.652169000000001109e-01	3.349846537344195602e-02	1.459124757999835931e-01
7.800000000000000000e+01	6.699824999999999253e-01	3.378092392452367726e-02	1.433214530613425575e-01
7.900000000000000000e+01	6.753755999999999649e-01	3.405830075700295306e-02	1.407088612125529936e-01
8.000000000000000000e+01	6.806118000000001000e-01	3.433055412715388388e-02	1.380750934346786085e-01
8.100000000000000000e+01	6.859511000000000358e-01	3.459764306230417308e-02	1.354205460956467433e-01
8.200000000000000000e+01	6.909597999999999018e-01	3.485952736700129867e-02	1.327456186905974223e-01
8.300000000000000000e+01	6.952031999999999101e-01	3.511616762906170919e-02	1.300507137817612235e-01
8.400000000000000000e+01	6.987821999999999090e-01	3.536752522550216937e-02	1.273362369378759906e-01
8.500000000000000000e+01	7.038941999999999144e-01	3.561356232835225649e-02	1.246025966731507811e-01
8.600000000000000000e+01	7.054834999999999301e-01	3.585424191034734115e-02	1.218502043857867395e-01
8.700000000000000000e+01	7.085391000000000883e-01	3.608952775050093542e-02	1.190794742960638725e-01
8.800000000000000000e+01	7.114701000000001052e-01	3.631938443955577689e-02	1.162908233840030670e-01
8.900000000000000000e+01	7.148646999999999085e-01	3.654377738531271874e-02	1.134846713266130236e-01
9.000000000000000000e+01	7.179892999999999414e-01	3.676267281783670432e-02	1.106614404347308206e-01
9.100000000000000000e+01	7.214148000000000227e-01	3.697603779453892403e-02	1.078215555894665445e-01
9.200000000000000000e+01	7.251018000000000185e-01	3.718384020513453014e-02	1.049654441782610220e-01
9.300000000000000000e+01	7.291252999999999762e-01	3.738604877647501434e-02	1.020935360305662565e-01
9.400000000000000000e+01	7.321474999999999511e-01	3.758263307725471375e-02	9.920626335315831101e-02
9.500000000000000000e+01	7.343964000000000603e-01	3.777356352259050865e-02	9.630406066509261676e-02
9.600000000000000000e+01	7.357373000000000385e-01	3.795881137847419845e-02	9.338736473231118440e-02
9.700000000000000000e+01	7.367353000000000929e-01	3.813834876609684815e-02	9.045661450191158637e-02
9.800000000000000000e+01	7.379245000000000942e-01	3.831214866604434888e-02	8.751225103608782641e-02
9.900000000000000000e+01	7.396370000000000999e-01	3.848018492236374155e-02	8.455471744575289439e-02
1.000000000000000000e+02	7.435582000000000580e-01	3.864243224649950570e-02	8.158445882385284564e-02
1.010000000000000000e+02	7.451403000000000887e-01	3.879886622109939009e-02	7.860192217838274376e-02
1.020000000000000000e+02	7.479280999999999846e-01	3.894946330368905668e-02	7.560755636511440336e-02
1.030000000000000000e+02	7.504649000000001013e-01	3.909420083021514919e-02	7.260181202004592493e-02
1.040000000000000000e+02	7.525277999999999690e-01	3.923305701845603011e-02	6.958514149158345763e-02
1.050000000000000000e+02	7.542952000000000545e-01	3.936601097129998478e-02	6.655799877246505736e-02
1.060000000000000000e+02	7.556344999999999867e-01	3.949304267989003914e-02	6.352083943143756184e-02
1.070000000000000000e+02	7.570037000000000571e-01	3.961413302663524538e-02	6.047412054469544773e-02
1.080000000000000000e+02	7.580185999999999868e-01	3.972926378808773473e-02	5.741830062709367410e-02
1.090000000000000000e+02	7.589452000000000975e-01	3.983841763768528749e-02	5.435383956314350506e-02
1.100000000000000000e+02	7.598579000000000860e-01	3.994157814835885140e-02	5.128119853780241377e-02
1.110000000000000000e+02	7.607269999999999310e-01	4.003872979500475160e-02	4.820083996706819862e-02
1.120000000000000000e+02	7.624907999999999131e-01	4.012985795682113416e-02	4.511322742838783789e-02
1.130000000000000000e+02	7.641379999999999839e-01	4.021494891950830319e-02	4.201882559089161612e-02
1.140000000000000000e+02	7.656959000000000959e-01	4.029398987733265325e-02	3.891810014546284724e-02
1.150000000000000000e+02	7.670212000000000696e-01	4.036696893505388462e-02	3.581151773465395677e-02
1.160000000000000000e+02	7.679072000000000120e-01	4.043387510971514082e-02	3.269954588245925498e-02
1.170000000000000000e+02	7.679271000000000846e-01	4.049469833229591559e-02	2.958265292395505924e-02
1.180000000000000000e+02	7.671559999999999491e-01	4.054942944922736159e-02	2.646130793481781332e-02
1.190000000000000000e+02	7.655103000000000879e-01	4.059806022376985513e-02	2.333598066073069160e-02
1.200000000000000000e+02	7.648565000000000502e-01	4.064058333725262956e-02	2.020714144668935355e-02
1.210000000000000000e+02	7.639960999999999558e-01	4.067699239017510265e-02	1.707526116621774226e-02
1.220000000000000000e+02	7.639343000000000661e-01	4.070728190317005751e-02	1.394081115050383422e-02
1.230000000000000000e+02	7.643234000000000972e-01	4.073144731782821215e-02	1.080426311746703408e-02
1.240000000000000000e+02	7.645764999999999922e-01	4.074948499738424018e-02	7.666089100767099589e-03
1.250000000000000000e+02	7.642275999999998959e-01	4.076139222726408995e-02	4.526761378765613297e-03
1.260000000000000000e+02	7.637697000000001069e-01	4.076716721549352579e-02	1.386752403450620345e-03
1.270000000000000000e+02	7.625831000000000692e-01	4.076680909296777344e-02	-1.753465270664864928e-03
1.280000000000000000e+02	7.608634000000000785e-01	4.076031791358235984e-02	-4.893419057659777541e-03
1.290000000000000000e+02	7.579332999999999210e-01	4.074769465422498071e-02	-8.032636411326650808e-03
1.300000000000000000e+02	7.562115000000000364e-01	4.072894121462845851e-02	-1.117064489628728265e-02
1.310000000000000000e+02	7.553019999999999179e-01	4.070406041708491546e-02	-1.430697225909172664e-02
1.320000000000000000e+02	7.536209000000000380e-01	4.067305600602094673e-02	-1.744114649928991609e-02
1.330000000000000000e+02	7.522515000000000729e-01	4.063593264743416839e-02	-2.057269594046517644e-02
1.340000000000000000e+02	7.509124000000000354e-01	4.059269592819097355e-02	-2.370114930121902316e-02
1.350000000000000000e+02	7.497907999999999795e-01	4.054335235518576747e-02	-2.682603576609646559e-02
1.360000000000000000e+02	7.488691999999999016e-01	4.048790935436168137e-02	-2.994688505644121923e-02
1.370000000000000000e+02	7.476917000000000701e-01	4.042637526959304284e-02	-3.306322750117017539e-02
1.380000000000000000e+02	7.462416000000000604e-01	4.035875936142964415e-02	-3.617459410745614556e-02
1.390000000000000000e+02	7.435840000000000227e-01	4.028507180570307239e-02	-3.928051663130913140e-02
1.400000000000000000e+02	7.399131999999999376e-01	4.020532369199534412e-02	-4.238052764804427219e-02
1.410000000000000000e+02	7.362064999999999859e-01	4.011952702196992099e-02	-4.547416062262683856e-02
1.420000000000000000e+02	7.327116000000000184e-01	4.002769470756559200e-02	-4.856094997988325002e-02
1.430000000000000000e+02	7.294458999999999804e-01	3.992984056905321544e-02	-5.164043117456761783e-02
1.440000000000000000e+02	7.265056999999999210e-01	3.982597933295593112e-02	-5.471214076127334930e-02
1.450000000000000000e+02	7.254187000000000829e-01	3.971612662983281528e-02	-5.777561646417916918e-02
1.460000000000000000e+02	7.227616999999999514e-01	3.960029899192663710e-02	-6.083039724661916392e-02
1.470000000000000000e+02	7.197656999999999528e-01	3.947851385067578656e-02	-6.387602338046632910e-02
1.480000000000000000e+02	7.144801000000000624e-01	3.935078953409097691e-02	-6.691203651531917040e-02
1.490000000000000000e+02	7.102113000000001009e-01	3.921714526399694423e-02	-6.993797974748101887e-02
1.500000000000000000e+02	7.082896999999999110e-01	3.907760115313969884e-02	-7.295339768872152741e-02
1.510000000000000000e+02	7.037424999999999375e-01	3.893217820215963410e-02	-7.595783653481021080e-02
1.520000000000000000e+02	6.993890000000000384e-01	3.878089829643108222e-02	-7.895084413381160682e-02
1.530000000000000000e+02	6.949453000000000991e-01	3.862378420276862956e-02	-8.193197005413144218e-02
1.540000000000000000e+02	6.905399999999999316e-01	3.846085956600088507e-02	-8.490076565230454675e-02
1.550000000000000000e+02	6.863985999999999699e-01	3.829214890541201427e-02	-8.785678414051306673e-02
1.560000000000000000e+02	6.826472999999999569e-01	3.811767761105176039e-02	-9.079958065382567889e-02
1.570000000000000000e+02	6.792445000000000288e-01	3.793747193991434813e-02	-9.372871231714739737e-02
1.580000000000000000e+02	6.760752000000000983e-01	3.775155901198696401e-02	-9.664373831186984232e-02
1.590000000000000000e+02	6.728001999999999594e-01	3.755996680616833366e-02	-9.954421994221217262e-02
1.600000000000000000e+02	6.680120000000000502e-01	3.736272415605805530e-02	-1.024297207012423438e-01
1.610000000000000000e+02	6.628552999999999251e-01	3.715986074561728608e-02	-1.052998063365691295e-01
1.620000000000000000e+02	6.572473999999999261e-01	3.695140710470146139e-02	-1.081540449156948441e-01
1.630000000000000000e+02	6.515337000000001044e-01	3.673739460446576871e-02	-1.109920068910185686e-01
1.640000000000000000e+02	6.463957000000000175e-01	3.651785545264387561e-02	-1.138132651644812032e-01
1.650000000000000000e+02	6.414964999999999140e-01	3.629282268870089034e-02	-1.166173951518410801e-01
1.660000000000000000e+02	6.371369000000000060e-01	3.606233017886108227e-02	-1.194039748465717948e-01
1.670000000000000000e+02	6.326042999999998973e-01	3.582641261101120883e-02	-1.221725848833718486e-01
1.680000000000000000e+02	6.276454000000000200e-01	3.558510548948015662e-02	-1.249228086012769134e-01
1.690000000000000000e+02	6.228222000000001035e-01	3.533844512969575719e-02	-1.276542321063650343e-01
1.700000000000000000e+02	6.175053999999999821e-01	3.508646865271947829e-02	-1.303664443340455392e-01
1.710000000000000000e+02	6.115824999999999179e-01	3.482921397965992039e-02	-1.330590371109219017e-01
1.720000000000000000e+02	6.052889999999999660e-01	3.456671982596589560e-02	-1.357316052162198250e-01
1.730000000000000000e+02	5.987738000000000227e-01	3.429902569559996339e-02	-1.383837464427706276e-01
1.740000000000000000e+02	5.918776000000001147e-01	3.402617187509326263e-02	-1.410150616575413796e-01
1.750000000000000000e+02	5.846183000000000352e-01	3.374819942748265994e-02	-1.436251548617022145e-01
1.760000000000000000e+02	5.779684000000000488e-01	3.346515018613092224e-02	-1.462136332502222413e-01
1.770000000000000000e+02	5.716418999999999251e-01	3.317706674843109299e-02	-1.487801072709840355e-01
1.780000000000000000e+02	5.657187999999999661e-01	3.288399246939573833e-02	-1.513241906834098816e-01
1.790000000000000000e+02	5.600589000000000262e-01	3.258597145513228432e-02	-1.538455006165884154e-01
1.800000000000000000e+02	5.540127999999999719e-01	3.228304855620530572e-02	-1.563436576268947831e-01
1.810000000000000000e+02	5.475528999999998980e-01	3.197526936088669614e-02	-1.588182857550949068e-01
1.820000000000000000e+02	5.404142000000000667e-01	3.166268018829495462e-02	-1.612690125829252807e-01
1.830000000000000000e+02	5.329759000000000579e-01	3.134532808142433818e-02	-1.636954692891398611e-01
1.840000000000000000e+02	5.258350000000000524e-01	3.102326080006519160e-02	-1.660972907050159153e-01
1.850000000000000000e+02	5.151030000000000886e-01	3.069652681361632190e-02	-1.684741153693096460e-01
1.860000000000000000e+02	5.115115999999999552e-01	3.036517529379063884e-02	-1.708255855826544545e-01
1.870000000000000000e+02	5.016334000000000071e-01	3.002925610721505351e-02	-1.731513474613925463e-01
1.880000000000000000e+02	4.985923999999999912e-01	2.968881980792583558e-02	-1.754510509908327187e-01
1.890000000000000000e+02	4.922082000000000401e-01	2.934391762976050130e-02	-1.777243500779255025e-01
1.900000000000000000e+02	4.859334000000000153e-01	2.899460147864738047e-02	-1.799709026033485815e-01
1.910000000000000000e+02	4.794022000000000006e-01	2.864092392479406640e-02	-1.821903704729935514e-01
1.920000000000000000e+02	4.724665000000000115e-01	2.828293819477588344e-02	-1.843824196688476080e-01
1.930000000000000000e+02	4.652130999999999905e-01	2.792069816352555495e-02	-1.865467202992611984e-01
1.940000000000000000e+02	4.569487999999999883e-01	2.755425834622533127e-02	-1.886829466485952234e-01
1.950000000000000000e+02	4.482105000000000117e-01	2.718367389010274693e-02	-1.907907772262391888e-01
1.960000000000000000e+02	4.393659000000000314e-01	2.680900056613125249e-02	-1.928698948149941417e-01
1.970000000000000000e+02	4.307517000000000151e-01	2.643029476063698049e-02	-1.949199865188118164e-01
1.980000000000000000e+02	4.227074000000000109e-01	2.604761346681291542e-02	-1.969407438098840502e-01
1.990000000000000000e+02	4.153712999999999989e-01	2.566101427614170954e-02	-1.989318625750745861e-01
2.000000000000000000e+02	4.081960000000000033e-01	2.527055536972849098e-02	-2.008930431616862411e-01
2.010000000000000000e+02	4.006267000000000023e-01	2.487629550954489552e-02	-2.028239904225572487e-01
2.020000000000000000e+02	3.924082999999999877e-01	2.447829402958573430e-02	-2.047244137604792291e-01
2.030000000000000000e+02	3.833559000000000272e-01	2.407661082693952903e-02	-2.065940271719304833e-01
2.040000000000000000e+02	3.749623000000000261e-01	2.367130635277431283e-02	-2.084325492901181742e-01
2.050000000000000000e+02	3.667250000000000232e-01	2.326244160324007423e-02	-2.102397034273222054e-01
2.060000000000000000e+02	3.584987000000000035e-01	2.285007811028914870e-02	-2.120152176165355229e-01
2.070000000000000000e+02	3.503014999999999879e-01	2.243427793241598717e-02	-2.137588246523934865e-01
2.080000000000000000e+02	3.412916000000000283e-01	2.201510364531771707e-02	-2.154702621313870636e-01
2.090000000000000000e+02	3.281373000000000206e-01	2.159261833247676926e-02	-2.171492724913529904e-01
2.100000000000000000e+02	3.240605000000000291e-01	2.116688557566725332e-02	-2.187956030502354043e-01
2.110000000000000000e+02	3.163002000000000313e-01	2.073796944538612921e-02	-2.204090060441133980e-01
2.120000000000000000e+02	3.087450999999999945e-01	2.030593449121101748e-02	-2.219892386644879978e-01
2.130000000000000000e+02	3.010559999999999903e-01	1.987084573208580673e-02	-2.235360630948236005e-01
2.140000000000000000e+02	2.924148999999999776e-01	1.943276864653565791e-02	-2.250492465463380387e-01
2.150000000000000000e+02	2.834368999999999916e-01	1.899176916281282435e-02	-2.265285612930359738e-01
2.160000000000000000e+02	2.737517999999999896e-01	1.854791364897482447e-02	-2.279737847059806477e-01
2.170000000000000000e+02	2.639086999999999961e-01	1.810126890289638982e-02	-2.293846992867981938e-01
2.180000000000000000e+02	2.547916000000000070e-01	1.765190214221674936e-02	-2.307610927004100088e-01
2.190000000000000000e+02	2.457533000000000079e-01	1.719988099422372838e-02	-2.321027578069879693e-01
2.200000000000000000e+02	2.372789000000000148e-01	1.674527348567621601e-02	-2.334094926931280234e-01
2.210000000000000000e+02	2.289764999999999995e-01	1.628814803256648999e-02	-2.346811007022369389e-01
2.220000000000000000e+02	2.202068000000000081e-01	1.582857342982398399e-02	-2.359173904641281017e-01
2.230000000000000000e+02	2.064267999999999936e-01	1.536661884096202427e-02	-2.371181759238218112e-01
2.240000000000000000e+02	2.018522000000000094e-01	1.490235378766907592e-02	-2.382832763695453548e-01
2.250000000000000000e+02	1.929553999999999991e-01	1.443584813934611563e-02	-2.394125164599293087e-01
2.260000000000000000e+02	1.791263999999999912e-01	1.396717210259166078e-02	-2.405057262503954296e-01
2.270000000000000000e+02	1.743166999999999911e-01	1.349639621063604585e-02	-2.415627412187323908e-01
2.280000000000000000e+02	1.598084000000000171e-01	1.302359131272655228e-02	-2.425834022898555598e-01
2.290000000000000000e+02	1.550438000000000094e-01	1.254882856346497925e-02	-2.435675558597468482e-01
2.300000000000000000e+02	1.454044000000000170e-01	1.207217941209925462e-02	-2.445150538185713041e-01
2.310000000000000000e+02	1.318952999999999931e-01	1.159371559177071152e-02	-2.454257535729669759e-01
2.320000000000000000e+02	1.274422000000000055e-01	1.111350910871862149e-02	-2.462995180675042473e-01
2.330000000000000000e+02	1.189730999999999983e-01	1.063163223144366308e-02	-2.471362158053121427e-01
2.340000000000000000e+02	1.103243000000000140e-01	1.014815747983187876e-02	-2.479357208678678037e-01
2.350000000000000000e+02	1.014987000000000111e-01	9.663157614240833887e-03	-2.486979129339464412e-01
2.360000000000000000e+02	9.232320000000000804e-02	9.176705624549572060e-03	-2.494226772977292950e-01
2.370000000000000000e+02	7.831281000000001047e-02	8.688874719174023362e-03	-2.501099048860660479e-01
2.380000000000000000e+02	7.335273999999999961e-02	8.199738314049534460e-03	-2.507594922748898059e-01
2.390000000000000000e+02	5.921879000000000726e-02	7.709370021582167588e-03	-2.513713417047818144e-01
2.400000000000000000e+02	5.449073000000000111e-02	7.217843639570402543e-03	-2.519453610956838285e-01
2.410000000000000000e+02	4.369279000000000218e-02	6.725233140099038873e-03	-2.524814640607556115e-01
2.420000000000000000e+02	3.467288000000000314e-02	6.231612658406688633e-03	-2.529795699193756464e-01
2.430000000000000000e+02	2.605270000000000502e-02	5.737056481728889344e-03	-2.534396037092832565e-01
2.440000000000000000e+02	1.720775000000000776e-02	5.241639038118257876e-03	-2.538614961978599149e-01
2.450000000000000000e+02	8.509150000000003516e-03	4.745434885243465101e-03	-2.542451838925484653e-01
2.460000000000000000e+02	-2.403499999999968162e-04	4.248518699168705309e-03	-2.545906090504081454e-01
2.470000000000000000e+02	-9.029614999999996047e-03	3.750965263115354359e-03	-2.548977196868051909e-01
2.480000000000000000e+02	-1.788521789999999653e-02	3.252849456207491854e-03	-2.551664695832355223e-01
2.490000000000000000e+02	-2.657943299999999606e-02	2.754246242202995198e-03	-2.553968182942809029e-01
2.500000000000000000e+02	-3.546963999999999673e-02	2.255230658211895573e-03	-2.555887311536955142e-01
2.510000000000000000e+02	-4.516275999999999624e-02	1.755877803403696090e-03	-2.557421792796230609e-01
2.520000000000000000e+02	-5.467488999999999683e-02	1.256262827705350617e-03	-2.558571395789435710e-01
2.530000000000000000e+02	-6.455474999999999408e-02	7.564609204915998582e-04	-2.559335947507483389e-01
2.540000000000000000e+02	-7.449475999999999321e-02	2.565472992693757556e-04	-2.559715332889440087e-01
2.550000000000000000e+02	-8.371798999999999213e-02	-2.434028016420305193e-04	-2.559709494839840227e-01
2.560000000000000000e+02	-9.279097000000000039e-02	-7.433141424333301233e-04	-2.559318434237278783e-01
2.570000000000000000e+02	-1.013923799999999903e-01	-1.243111489128424698e-03	-2.558542209934279721e-01
2.580000000000000000e+02	-1.108558099999999991e-01	-1.742719624906715996e-03	-2.557380938748438082e-01
2.590000000000000000e+02	-1.201920999999999962e-01	-2.242063361422833370e-03	-2.555834795444840712e-01
2.600000000000000000e+02	-1.296660000000000035e-01	-2.741067550122078776e-03	-2.553904012709763416e-01
2.610000000000000000e+02	-1.389685999999999977e-01	-3.239657093549878734e-03	-2.551588881115654517e-01
2.620000000000000000e+02	-1.483276000000000039e-01	-3.737756956653549845e-03	-2.548889749077403732e-01
2.630000000000000000e+02	-1.579809999999999826e-01	-4.235292178074672072e-03	-2.545807022799910224e-01
2.640000000000000000e+02	-1.675354000000000010e-01	-4.732187881430371078e-03	-2.542341166216947612e-01
2.650000000000000000e+02	-1.775038999999999922e-01	-5.228369286581810438e-03	-2.538492700921347045e-01
2.660000000000000000e+02	-1.925011999999999834e-01	-5.723761720888204986e-03	-2.534262206086497771e-01
2.670000000000000000e+02	-1.970661999999999969e-01	-6.218290630444650059e-03	-2.529650318379187413e-01
2.680000000000000000e+02	-2.059237999999999902e-01	-6.711881591302086558e-03	-2.524657731863786392e-01
2.690000000000000000e+02	-2.142042999999999864e-01	-7.204460320667701798e-03	-2.519285197897792594e-01
2.700000000000000000e+02	-2.225646000000000013e-01	-7.695952688084099075e-03	-2.513533525018758485e-01
2.710000000000000000e+02	-2.305661999999999989e-01	-8.186284726585528124e-03	-2.507403578822610668e-01
2.720000000000000000e+02	-2.392630000000000035e-01	-8.675382643829514587e-03	-2.500896281833379642e-01
2.730000000000000000e+02	-2.480206999999999828e-01	-9.163172833202237050e-03	-2.494012613364368913e-01
2.740000000000000000e+02	-2.569116999999999651e-01	-9.649581884895853598e-03	-2.486753609370770945e-01
2.750000000000000000e+02	-2.657809999999999895e-01	-1.013453659695638838e-02	-2.479120362293760482e-01
2.760000000000000000e+02	-2.743438999999999739e-01	-1.061796398630016590e-02	-2.471114020896091612e-01
2.770000000000000000e+02	-2.825119999999999854e-01	-1.109979129969738618e-02	-2.462735790089211063e-01
2.780000000000000000e+02	-2.910538999999999765e-01	-1.157994602472109912e-02	-2.453986930751929085e-01
2.790000000000000000e+02	-2.993093000000000004e-01	-1.205835590065994570e-02	-2.444868759540661796e-01
2.800000000000000000e+02	-3.072189000000000170e-01	-1.253494892939297813e-02	-2.435382648691281071e-01
2.810000000000000000e+02	-3.148346000000000200e-01	-1.300965338622503235e-02	-2.425530025812602797e-01
2.820000000000000000e+02	-3.230875999999999748e-01	-1.348239783068087144e-02	-2.415312373671536783e-01
2.830000000000000000e+02	-3.312821999999999711e-01	-1.395311111725661829e-02	-2.404731229969939987e-01
2.840000000000000000e+02	-3.395562999999999776e-01	-1.442172240612676903e-02	-2.393788187113199961e-01
2.850000000000000000e+02	-3.484207999999999750e-01	-1.488816117380519118e-02	-2.382484891970585994e-01
2.860000000000000000e+02	-3.570439999999999725e-01	-1.535235722375855386e-02	-2.370823045627405701e-01
2.870000000000000000e+02	-3.658363000000000032e-01	-1.581424069697051280e-02	-2.358804403128998417e-01
2.880000000000000000e+02	-3.743816999999999839e-01	-1.627374208245511641e-02	-2.346430773216612586e-01
2.890000000000000000e+02	-3.823354999999999948e-01	-1.673079222771785279e-02	-2.333704018055197948e-01
2.900000000000000000e+02	-3.894791000000000225e-01	-1.718532234916271204e-02	-2.320626052953162211e-01
2.910000000000000000e+02	-3.971867000000000036e-01	-1.763726404244376003e-02	-2.307198846074123844e-01
2.920000000000000000e+02	-4.051509999999999834e-01	-1.808654929275961901e-02	-2.293424418140717624e-01
2.930000000000000000e+02	-4.133471999999999702e-01	-1.853311048508933176e-02	-2.279304842130484288e-01
2.940000000000000000e+02	-4.218794000000000155e-01	-1.897688041436806569e-02	-2.264842242963899244e-01
2.950000000000000000e+02	-4.299102000000000201e-01	-1.941779229560110231e-02	-2.250038797184584771e-01
2.960000000000000000e+02	-4.383448999999999818e-01	-1.985577977391463078e-02	-2.234896732631748428e-01
2.970000000000000000e+02	-4.464110000000000023e-01	-2.029077693454180500e-02	-2.219418328104909022e-01
2.980000000000000000e+02	-4.541686999999999808e-01	-2.072271831274254475e-02	-2.203605913020948159e-01
2.990000000000000000e+02	-4.614356000000000013e-01	-2.115153890365564435e-02	-2.187461867063543730e-01
3.000000000000000000e+02	-4.688148999999999789e-01	-2.157717417208164859e-02	-2.170988619825042765e-01
3.010000000000000000e+02	-4.755186000000000135e-01	-2.199956006219506641e-02	-2.154188650440820030e-01
3.020000000000000000e+02	-4.821137999999999812e-01	-2.241863300718439575e-02	-2.137064487216180364e-01
3.030000000000000000e+02	-4.887637999999999705e-01	-2.283432993881862744e-02	-2.119618707245864153e-01
3.040000000000000000e+02	-4.952929999999999833e-01	-2.324658829693868056e-02	-2.101853936026205905e-01
3.050000000000000000e+02	-5.024591999999999947e-01	-2.365534603887228457e-02	-2.083772847060014755e-01
3.060000000000000000e+02	-5.097720000000000029e-01	-2.406054164877118387e-02	-2.065378161454222705e-01
3.070000000000000000e+02	-5.172991000000000117e-01	-2.446211414686889560e-02	-2.046672647510375254e-01
3.080000000000000000e+02	-5.246690999999998883e-01	-2.486000309865780966e-02	-2.027659120308015483e-01
3.090000000000000000e+02	-5.354522999999999922e-01	-2.525414862398430230e-02	-2.008340441281031008e-01
3.100000000000000000e+02	-5.388082000000000704e-01	-2.564449140606034697e-02	-1.988719517787021496e-01
3.110000000000000000e+02	-5.451378000000000057e-01	-2.603097270039038402e-02	-1.968799302669759499e-01
3.120000000000000000e+02	-5.507321000000000577e-01	-2.641353434361206828e-02	-1.948582793814800929e-01
3.130000000000000000e+02	-5.563673000000000091e-01	-2.679211876224951022e-02	-1.928073033698321226e-01
3.140000000000000000e+02	-5.621738000000000568e-01	-2.716666898137779992e-02	-1.907273108929237460e-01
3.150000000000000000e+02	-5.688272000000000883e-01	-2.753712863319742604e-02	-1.886186149784691291e-01
3.160000000000000000e+02	-5.756441000000001029e-01	-2.790344196551731298e-02	-1.864815329738959138e-01
3.170000000000000000e+02	-5.826845999999998860e-01	-2.826555385014524815e-02	-1.843163864985859768e-01
3.180000000000000000e+02	-5.893930000000000557e-01	-2.862340979118434617e-02	-1.821235013954736470e-01
3.190000000000000000e+02	-5.962030000000000385e-01	-2.897695593323443286e-02	-1.799032076820079873e-01
3.200000000000000000e+02	-6.023735999999999535e-01	-2.932613906949695787e-02	-1.776558395004868840e-01
3.210000000000000000e+02	-6.079071000000000335e-01	-2.967090664978234982e-02	-1.753817350677706055e-01
3.220000000000000000e+02	-6.133896000000000903e-01	-3.001120678841853739e-02	-1.730812366243816569e-01
3.230000000000000000e+02	-6.183183999999999347e-01	-3.034698827205944971e-02	-1.707546903829997853e-01
3.240000000000000000e+02	-6.230204999999999771e-01	-3.067820056739237883e-02	-1.684024464763586304e-01
3.250000000000000000e+02	-6.278040000000000287e-01	-3.100479382874294504e-02	-1.660248589045525969e-01
3.260000000000000000e+02	-6.324943000000000648e-01	-3.132671890557660321e-02	-1.636222854817618866e-01
3.270000000000000000e+02	-6.376527000000000722e-01	-3.164392734989559391e-02	-1.611950877824030459e-01
3.280000000000000000e+02	-6.427844000000000335e-01	-3.195637142352997923e-02	-1.587436310867146594e-01
3.290000000000000000e+02	-6.480703999999999354e-01	-3.226400410532215962e-02	-1.562682843257836574e-01
3.300000000000000000e+02	-6.534503000000000394e-01	-3.256677909820308858e-02	-1.537694200260241728e-01
3.310000000000000000e+02	-6.584944999999999826e-01	-3.286465083615998373e-02	-1.512474142531132493e-01
3.320000000000000000e+02	-6.627851000000000159e-01	-3.315757449109351523e-02	-1.487026465553963062e-01
3.330000000000000000e+02	-6.663749999999999396e-01	-3.344550597956440913e-02	-1.461354999067654981e-01
3.340000000000000000e+02	-6.702293999999999752e-01	-3.372840196942759883e-02	-1.435463606490260113e-01
3.350000000000000000e+02	-6.741349000000000924e-01	-3.400621988635363357e-02	-1.409356184337518803e-01
3.360000000000000000e+02	-6.777144999999999975e-01	-3.427891792023571998e-02	-1.383036661636472264e-01
3.370000000000000000e+02	-6.823405000000000165e-01	-3.454645503148210534e-02	-1.356508999334149201e-01
3.380000000000000000e+02	-6.872291999999999845e-01	-3.480879095719213029e-02	-1.329777189701479845e-01
3.390000000000000000e+02	-6.924554999999998905e-01	-3.506588621721573595e-02	-1.302845255732465179e-01
3.400000000000000000e+02	-6.977713000000000942e-01	-3.531770212009489873e-02	-1.275717250538753456e-01
3.410000000000000000e+02	-7.024382000000000126e-01	-3.556420076888656967e-02	-1.248397256739653127e-01
3.420000000000000000e+02	-7.063136999999999333e-01	-3.580534506686589707e-02	-1.220889385847735847e-01
3.430000000000000000e+02	-7.102954999999999686e-01	-3.604109872310915647e-02	-1.193197777650060881e-01
3.440000000000000000e+02	-7.133620999999998880e-01	-3.627142625795524294e-02	-1.165326599585174011e-01
3.450000000000000000e+02	-7.163748000000000893e-01	-3.649629300834528189e-02	-1.137280046115915627e-01
3.460000000000000000e+02	-7.192034999999998846e-01	-3.671566513303912288e-02	-1.109062338098192046e-01
3.470000000000000000e+02	-7.219074999999999243e-01	-3.692950961770837676e-02	-1.080677722145742953e-01
3.480000000000000000e+02	-7.249723999999999613e-01	-3.713779427990477472e-02	-1.052130469991065659e-01
3.490000000000000000e+02	-7.280960000000000765e-01	-3.734048777390356483e-02	-1.023424877842525615e-01
3.500000000000000000e+02	-7.314568999999999654e-01	-3.753755959542080800e-02	-9.945652657378162287e-02
3.510000000000000000e+02	-7.350432000000000077e-01	-3.772898008620413635e-02	-9.655559768938001830e-02
3.520000000000000000e+02	-7.381352999999999387e-01	-3.791472043849614115e-02	-9.364013770528935299e-02
3.530000000000000000e+02	-7.406732000000000316e-01	-3.809475269936979380e-02	-9.071058538260372284e-02
3.540000000000000000e+02	-7.421816999999999442e-01	-3.826904977493524040e-02	-8.776738160323810378e-02
3.550000000000000000e+02	-7.436426000000000425e-01	-3.843758543441723463e-02	-8.481096930357923114e-02
3.560000000000000000e+02	-7.451459000000000277e-01	-3.860033431410278548e-02	-8.184179340782452017e-02
3.570000000000000000e+02	-7.461853999999998877e-01	-3.875727192115819425e-02	-7.886030076102502895e-02
3.580000000000000000e+02	-7.472499999999999698e-01	-3.890837463731516843e-02	-7.586694006183587746e-02
3.590000000000000000e+02	-7.488468999999999820e-01	-3.905361972242517299e-02	-7.286216179499137302e-02
3.600000000000000000e+02	-7.509440999999998922e-01	-3.919298531788177609e-02	-6.984641816350757593e-02
3.610000000000000000e+02	-7.535418000000000394e-01	-3.932645044991014971e-02	-6.682016302063009672e-02
3.620000000000000000e+02	-7.561712000000000433e-01	-3.945399503272364189e-02	-6.378385180152967848e-02
3.630000000000000000e+02	-7.583478999999999637e-01	-3.957559987154644909e-02	-6.073794145476353601e-02
3.640000000000000000e+02	-7.597138000000001057e-01	-3.969124666550243735e-02	-5.768289037350523424e-02
3.650000000000000000e+02	-7.605344999999998912e-01	-3.980091801036923088e-02	-5.461915832656074471e-02
3.660000000000000000e+02	-7.612030000000000740e-01	-3.990459740119754739e-02	-5.154720638917395514e-02
3.670000000000000000e+02	-7.617465000000001041e-01	-4.000226923479500291e-02	-4.846749687363904185e-02
3.680000000000000000e+02	-7.623268000000000821e-01	-4.009391881207440694e-02	-4.538049325972322995e-02
3.690000000000000000e+02	-7.627744999999999109e-01	-4.017953234026582637e-02	-4.228666012491732323e-02
3.700000000000000000e+02	-7.634148000000000600e-01	-4.025909693499236941e-02	-3.918646307451750799e-02
3.710000000000000000e+02	-7.644503000000000270e-01	-4.033260062220916237e-02	-3.608036867155601374e-02
3.720000000000000000e+02	-7.655605999999999245e-01	-4.040003234000544285e-02	-3.296884436658415601e-02
3.730000000000000000e+02	-7.668241000000000085e-01	-4.046138194026926982e-02	-2.985235842732522626e-02
3.740000000000000000e+02	-7.677103000000000677e-01	-4.051664019021478796e-02	-2.673137986820101411e-02
3.750000000000000000e+02	-7.679271000000000846e-01	-4.056579877377167881e-02	-2.360637837974940284e-02
3.760000000000000000e+02	-7.669790000000000774e-01	-4.060885029283673592e-02	-2.047782425793664637e-02
3.770000000000000000e+02	-7.654053999999999025e-01	-4.064578826838718267e-02	-1.734618833338218841e-02
3.780000000000000000e+02	-7.648813000000000972e-01	-4.067660714145578810e-02	-1.421194190049935267e-02
3.790000000000000000e+02	-7.634867000000000736e-01	-4.070130227396740602e-02	-1.107555664656986738e-02
3.800000000000000000e+02	-7.624557000000000695e-01	-4.071986994943702087e-02	-7.937504580755656847e-03
3.810000000000000000e+02	-7.615095000000000613e-01	-4.073230737352903641e-02	-4.798257963065804405e-03
3.820000000000000000e+02	-7.611076999999999426e-01	-4.073861267447782819e-02	-1.658289233282135436e-03
3.830000000000000000e+02	-7.608015999999999668e-01	-4.073878490336940716e-02	1.481929060138617712e-03
3.840000000000000000e+02	-7.604885999999999591e-01	-4.073282403428424986e-02	4.621924331182643286e-03
3.850000000000000000e+02	-7.602074999999999250e-01	-4.072073096430119110e-02	7.761224027399117424e-03
3.860000000000000000e+02	-7.589452000000000975e-01	-4.070250751336241396e-02	1.089935570101750045e-02
3.870000000000000000e+02	-7.569486999999999188e-01	-4.067815642399956466e-02	1.403584708004907040e-02
3.880000000000000000e+02	-7.545337999999999212e-01	-4.064768136092102718e-02	1.717022613935973926e-02
3.890000000000000000e+02	-7.524143000000000914e-01	-4.061108691046035057e-02	2.030202117170911563e-02
3.900000000000000000e+02	-7.504083999999999754e-01	-4.056837857988612045e-02	2.343076085873809292e-02
3.910000000000000000e+02	-7.485242999999999203e-01	-4.051956279657306648e-02	2.655597434190157952e-02
3.920000000000000000e+02	-7.472963999999999718e-01	-4.046464690703480832e-02	2.967719129332833244e-02
3.930000000000000000e+02	-7.456837999999998967e-01	-4.040363917581824005e-02	3.279394198660461751e-02
3.940000000000000000e+02	-7.444764999999999855e-01	-4.033654878425977502e-02	3.590575736746370178e-02
3.950000000000000000e+02	-7.433212000000000153e-01	-4.026338582910356928e-02	3.901216912437778517e-02
3.960000000000000000e+02	-7.416948999999999348e-01	-4.018416132098206334e-02	4.211270975903463193e-02
3.970000000000000000e+02	-7.392160000000000952e-01	-4.009888718275889802e-02	4.520691265669529724e-02
3.980000000000000000e+02	-7.364574999999999871e-01	-4.000757624773460669e-02	4.829431215641537961e-02
3.990000000000000000e+02	-7.334068000000000254e-01	-3.991024225771526435e-02	5.137444362112628116e-02
4.000000000000000000e+02	-7.294560000000001043e-01	-3.980689986094444049e-02	5.444684350755879532e-02
4.010000000000000000e+02	-7.255818999999998908e-01	-3.969756460989868480e-02	5.751104943600569841e-02
4.020000000000000000e+02	-7.221524999999999750e-01	-3.958225295894700346e-02	6.056660025990559526e-02
4.030000000000000000e+02	-7.190474000000000032e-01	-3.946098226187449987e-02	6.361303613524481315e-02
4.040000000000000000e+02	-7.160617000000000232e-01	-3.933377076927081772e-02	6.664989858975967074e-02
4.050000000000000000e+02	-7.131912000000000251e-01	-3.920063762578342159e-02	6.967673059193588148e-02
4.060000000000000000e+02	-7.103527000000000591e-01	-3.906160286723651259e-02	7.269307661978754997e-02
4.070000000000000000e+02	-7.069966999999999224e-01	-3.891668741761569739e-02	7.569848272941255563e-02
4.080000000000000000e+02	-7.029368000000000283e-01	-3.876591308591907648e-02	7.869249662330694839e-02
4.090000000000000000e+02	-6.982634999999999259e-01	-3.860930256287502943e-02	8.167466771843505391e-02
4.100000000000000000e+02	-6.931514999999999205e-01	-3.844687941752752275e-02	8.464454721403799620e-02
4.110000000000000000e+02	-6.882174999999999265e-01	-3.827866809368892648e-02	8.760168815917759866e-02
4.120000000000000000e+02	-6.834758999999999141e-01	-3.810469390626149838e-02	9.054564551999837174e-02
4.130000000000000000e+02	-6.787681999999999327e-01	-3.792498303742752180e-02	9.347597624670439531e-02
4.140000000000000000e+02	-6.748207999999999984e-01	-3.773956253270910333e-02	9.639223934023430362e-02
4.150000000000000000e+02	-6.707798000000000371e-01	-3.754846029689790088e-02	9.929399591863090346e-02
4.160000000000000000e+02	-6.671351000000000919e-01	-3.735170508985567045e-02	1.021808092830888831e-01
4.170000000000000000e+02	-6.632595999999999492e-01	-3.714932652218597836e-02	1.050522449836774203e-01
4.180000000000000000e+02	-6.587089999999999890e-01	-3.694135505077804360e-02	1.079078708847209106e-01
4.190000000000000000e+02	-6.539851000000000969e-01	-3.672782197422313349e-02	1.107472572298338481e-01
4.200000000000000000e+02	-6.489738000000000451e-01	-3.650875942810418578e-02	1.135699767065974780e-01
4.210000000000000000e+02	-6.435440999999999523e-01	-3.628420038015975346e-02	1.163756045108664677e-01
4.220000000000000000e+02	-6.374968000000000856e-01	-3.605417862532234868e-02	1.191637184107014052e-01
4.230000000000000000e+02	-6.313982000000000205e-01	-3.581872878063265681e-02	1.219338988099107624e-01
4.240000000000000000e+02	-6.258352000000000359e-01	-3.557788628002971770e-02	1.246857288111994366e-01
4.250000000000000000e+02	-6.207780000000000520e-01	-3.533168736901841356e-02	1.274187942789081207e-01
4.260000000000000000e+02	-6.156885000000000829e-01	-3.508016909921462395e-02	1.301326839013398629e-01
4.270000000000000000e+02	-6.109666000000000263e-01	-3.482336932276926950e-02	1.328269892526589557e-01
4.280000000000000000e+02	-6.061449999999999338e-01	-3.456132668667162566e-02	1.355013048543581011e-01
4.290000000000000000e+02	-6.003080999999999001e-01	-3.429408062693328763e-02	1.381552282362794593e-01
4.300000000000000000e+02	-5.932912999999999659e-01	-3.402167136265316083e-02	1.407883599971856137e-01
4.310000000000000000e+02	-5.862723999999999158e-01	-3.374413988996480263e-02	1.434003038648659634e-01
4.320000000000000000e+02	-5.794060000000000876e-01	-3.346152797586660066e-02	1.459906667557748505e-01
4.330000000000000000e+02	-5.726614999999999345e-01	-3.317387815193619666e-02	1.485590588341872409e-01
4.340000000000000000e+02	-5.627708000000000155e-01	-3.288123370792959271e-02	1.511050935708682375e-01
4.350000000000000000e+02	-5.594977000000000977e-01	-3.258363868526639728e-02	1.536283878012423276e-01
4.360000000000000000e+02	-5.526975000000000637e-01	-3.228113787040165494e-02	1.561285617830589223e-01
4.370000000000000000e+02	-5.464105999999999685e-01	-3.197377678808595997e-02	1.586052392535401423e-01
4.380000000000000000e+02	-5.404645999999999617e-01	-3.166160169451397166e-02	1.610580474860078548e-01
4.390000000000000000e+02	-5.347325999999998913e-01	-3.134465957036333683e-02	1.634866173459754435e-01
4.400000000000000000e+02	-5.285397000000000567e-01	-3.102299811372414076e-02	1.658905833467021473e-01
4.410000000000000000e+02	-5.213760000000000616e-01	-3.069666573292080189e-02	1.682695837041953968e-01
4.420000000000000000e+02	-5.141170999999999935e-01	-3.036571153922667729e-02	1.706232603916586765e-01
4.430000000000000000e+02	-5.064653000000000072e-01	-3.003018533947328372e-02	1.729512591933713983e-01
4.440000000000000000e+02	-4.951522999999999897e-01	-2.969013762855443259e-02	1.752532297579977583e-01
4.450000000000000000e+02	-4.914069999999999827e-01	-2.934561958182721822e-02	1.775288256513113949e-01
4.460000000000000000e+02	-4.841302000000000105e-01	-2.899668304741019609e-02	1.797777044083331555e-01
4.470000000000000000e+02	-4.771355999999999931e-01	-2.864338053838073883e-02	1.819995275848690086e-01
4.480000000000000000e+02	-4.702927000000000080e-01	-2.828576522487188244e-02	1.841939608084454116e-01
4.490000000000000000e+02	-4.634998000000000173e-01	-2.792389092607067483e-02	1.863606738286293085e-01
4.500000000000000000e+02	-4.565664999999999862e-01	-2.755781210211863050e-02	1.884993405667295951e-01
4.510000000000000000e+02	-4.492890999999999968e-01	-2.718758384591566171e-02	1.906096391648708088e-01
4.520000000000000000e+02	-4.414922000000000013e-01	-2.681326187482908907e-02	1.926912520344297164e-01
4.530000000000000000e+02	-4.333177999999999752e-01	-2.643490252230827273e-02	1.947438659038320530e-01
4.540000000000000000e+02	-4.250851999999999964e-01	-2.605256272940693549e-02	1.967671718656969770e-01
4.550000000000000000e+02	-4.166746000000000061e-01	-2.566630003621361497e-02	1.987608654233271321e-01
4.560000000000000000e+02	-4.083088999999999746e-01	-2.527617257319243055e-02	2.007246465365326860e-01
4.570000000000000000e+02	-4.003861000000000225e-01	-2.488223905243451203e-02	2.026582196667868208e-01
4.580000000000000000e+02	-3.927189999999999848e-01	-2.448455875882239383e-02	2.045612938217015730e-01
4.590000000000000000e+02	-3.853180999999999967e-01	-2.408319154110770410e-02	2.064335825988219408e-01
4.600000000000000000e+02	-3.778008999999999951e-01	-2.367819780290451176e-02	2.082748042287263790e-01
4.610000000000000000e+02	-3.695601000000000025e-01	-2.326963849359864334e-02	2.100846816174331833e-01
4.620000000000000000e+02	-3.610746999999999707e-01	-2.285757509917537775e-02	2.118629423881002449e-01
4.630000000000000000e+02	-3.523272000000000070e-01	-2.244206963296589349e-02	2.136093189220174549e-01
4.640000000000000000e+02	-3.431460000000000066e-01	-2.202318462631484147e-02	2.153235483988808485e-01
4.650000000000000000e+02	-3.340433999999999903e-01	-2.160098311916945624e-02	2.170053728363466605e-01
4.660000000000000000e+02	-3.248236999999999930e-01	-2.117552865059264822e-02	2.186545391288553519e-01
4.670000000000000000e+02	-3.160303999999999891e-01	-2.074688524920044116e-02	2.202707990857234732e-01
4.680000000000000000e+02	-3.072461999999999693e-01	-2.031511742352627714e-02	2.218539094684942314e-01
4.690000000000000000e+02	-2.988762999999999836e-01	-1.988029015231258106e-02	2.234036320275444021e-01
4.700000000000000000e+02	-2.905028000000000055e-01	-1.944246887473204469e-02	2.249197335379387597e-01
4.710000000000000000e+02	-2.820958000000000077e-01	-1.900171948053912957e-02	2.264019858345300285e-01
4.720000000000000000e+02	-2.735750000000000126e-01	-1.855810830015429055e-02	2.278501658462956936e-01
4.730000000000000000e+02	-2.653819000000000039e-01	-1.811170209468131870e-02	2.292640556299098409e-01
4.740000000000000000e+02	-2.569490999999999858e-01	-1.766256804586041965e-02	2.306434424025415597e-01
4.750000000000000000e+02	-2.477192000000000005e-01	-1.721077374595747153e-02	2.319881185738784657e-01
4.760000000000000000e+02	-2.382462999999999942e-01	-1.675638718759200896e-02	2.332978817773672386e-01
4.770000000000000000e+02	-2.287030999999999925e-01	-1.629947675350442576e-02	2.345725349006692884e-01
4.780000000000000000e+02	-2.194533999999999929e-01	-1.584011120626500901e-02	2.358118861153244983e-01
4.790000000000000000e+02	-2.103113999999999817e-01	-1.537835967792528652e-02	2.370157489056210487e-01
4.800000000000000000e+02	-2.019626999999999950e-01	-1.491429165961423789e-02	2.381839420966644083e-01
4.810000000000000000e+02	-1.937117999999999896e-01	-1.444797699108016885e-02	2.393162898816435236e-01
4.820000000000000000e+02	-1.849974000000000063e-01	-1.397948585018009109e-02	2.404126218482889321e-01
4.830000000000000000e+02	-1.760720999999999814e-01	-1.350888874231857308e-02	2.414727730045183318e-01
4.840000000000000000e+02	-1.672548000000000090e-01	-1.303625648983678179e-02	2.424965838032678567e-01
4.850000000000000000e+02	-1.581445999999999963e-01	-1.256166022135437113e-02	2.434839001665020652e-01
4.860000000000000000e+02	-1.484743000000000035e-01	-1.208517136106473933e-02	2.444345735084027804e-01
4.870000000000000000e+02	-1.387356000000000145e-01	-1.160686161798633702e-02	2.453484607577297583e-01
4.880000000000000000e+02	-1.290993000000000002e-01	-1.112680297517057264e-02	2.462254243793526309e-01
4.890000000000000000e+02	-1.197024999999999895e-01	-1.064506767886902114e-02	2.470653323949488223e-01
4.900000000000000000e+02	-1.103725200000000017e-01	-1.016172822766048950e-02	2.478680584028659650e-01
4.910000000000000000e+02	-1.009717699999999885e-01	-9.676857361540622607e-03	2.486334815971442402e-01
4.920000000000000000e+02	-9.166373999999999356e-02	-9.190528050974663618e-03	2.493614867856974171e-01
4.930000000000000000e+02	-8.233187999999999618e-02	-8.702813485916064545e-03	2.500519644076484305e-01
4.940000000000000000e+02	-7.279073999999999267e-02	-8.213787064791509135e-03	2.507048105498177470e-01
4.950000000000000000e+02	-6.359503999999999158e-02	-7.723522383455122715e-03	2.513199269623616616e-01
4.960000000000000000e+02	-5.397337999999999442e-02	-7.232093224112417194e-03	2.518972210735586637e-01
4.970000000000000000e+02	-4.473035999999999679e-02	-6.739573544216737218e-03	2.524366060037406267e-01
4.980000000000000000e+02	-3.556548999999999128e-02	-6.246037465338780820e-03	2.529380005783679053e-01
4.990000000000000000e+02	-2.641210199999999286e-02	-5.751559262011986598e-03	2.534013293402456179e-01
5.000000000000000000e+02	-1.761844159999999618e-02	-5.256213350554327784e-03	2.538265225608797304e-01
5.010000000000000000e+02	-8.471277999999995284e-03	-4.760074277869341675e-03	2.542135162509704394e-01
5.020000000000000000e+02	7.043600000000045658e-04	-4.263216710226932181e-03	2.545622521700427465e-01
5.030000000000000000e+02	1.054145000000000429e-02	-3.765715422026787856e-03	2.548726778352106703e-01
5.040000000000000000e+02	2.037161000000000527e-02	-3.267645284544941440e-03	2.551447465290763161e-01
5.050000000000000000e+02	3.002879000000000659e-02	-2.769081254666339725e-03	2.553784173067601970e-01
5.060000000000000000e+02	3.961289000000000476e-02	-2.270098363603941134e-03	2.555736550020631936e-01
5.070000000000000000e+02	4.903301000000000187e-02	-1.770771705607211526e-03	2.557304302327592094e-01
5.080000000000000000e+02	5.840329000000001047e-02	-1.271176426660551237e-03	2.558487194050166336e-01
5.090000000000000000e+02	6.754095000000000237e-02	-7.713877131745187953e-04	2.559285047169493899e-01
5.100000000000000000e+02	7.668249000000000593e-02	-2.714807806703881392e-04	2.559697741612958488e-01
5.110000000000000000e+02	8.563790000000000291e-02	2.284691375390932304e-04	2.559725215272258825e-01
