0.000000000000000000e+00	1.095550000000000412e-01	-1.886588177364186946e-04	3.115260725933755581e-01
1.000000000000000000e+00	1.210954000000000197e-01	4.197905806689123309e-04	3.115182914729974217e-01
2.000000000000000000e+00	1.323696000000000317e-01	1.028178962914496871e-03	3.114635928299855916e-01
3.000000000000000000e+00	1.430480000000000362e-01	1.636414700108948777e-03	3.113619849024594211e-01
4.000000000000000000e+00	1.541334000000000315e-01	2.244406186350632847e-03	3.112134829935081504e-01
5.000000000000000000e+00	1.650384000000000295e-01	2.852061852524355717e-03	3.110181094688864167e-01
6.000000000000000000e+00	1.757473000000000229e-01	3.459290180092516268e-03	3.107758937536457267e-01
7.000000000000000000e+00	1.862626000000000281e-01	4.065999714878643957e-03	3.104868723277026676e-01
8.000000000000000000e+00	1.970651000000000208e-01	4.672099080841238088e-03	3.101510887203448030e-01
9.000000000000000000e+00	2.078527000000000291e-01	5.277496993835836120e-03	3.097685935036748051e-01
1.000000000000000000e+01	2.186665000000000414e-01	5.882102275363254064e-03	3.093394442849937143e-01
1.100000000000000000e+01	2.297820000000000418e-01	6.485823866301900810e-03	3.088637056981245466e-01
1.200000000000000000e+01	2.408145000000000424e-01	7.088570840622129832e-03	3.083414493936785239e-01
1.300000000000000000e+01	2.517226000000000186e-01	7.690252419080520138e-03	3.077727540282629848e-01
1.400000000000000000e+01	2.627884000000000331e-01	8.290777982892086340e-03	3.071577052526356377e-01
1.500000000000000000e+01	2.736016000000000559e-01	8.890057087378283249e-03	3.064963956988044358e-01
1.600000000000000000e+01	2.840895000000000503e-01	9.487999475588820494e-03	3.057889249660763475e-01
1.700000000000000000e+01	2.941693000000000224e-01	1.008451509189518119e-02	3.050353996060569672e-01
1.800000000000000000e+01	3.039236000000000160e-01	1.067951409555383674e-02	3.042359331066027406e-01
1.900000000000000000e+01	3.185064000000000228e-01	1.127290687423708124e-02	3.033906458747285817e-01
2.000000000000000000e+01	3.235428000000000193e-01	1.186460405752948200e-02	3.024996652184736012e-01
2.100000000000000000e+01	3.335874000000000339e-01	1.245451653038787826e-02	3.015631253277273327e-01
2.200000000000000000e+01	3.436896000000000395e-01	1.304255544656293501e-02	3.005811672540193991e-01
2.300000000000000000e+01	3.536310000000000286e-01	1.362863224198020140e-02	2.995539388892758947e-01
2.400000000000000000e+01	3.636024000000000478e-01	1.421265864807867187e-02	2.984815949435455362e-01
2.500000000000000000e+01	3.738396000000000496e-01	1.479454670510485688e-02	2.973642969216988563e-01
2.600000000000000000e+01	3.840172000000000030e-01	1.537420877536031273e-02	2.962022130991042723e-01
2.700000000000000000e+01	3.936353000000000213e-01	1.595155755640071185e-02	2.949955184962839705e-01
2.800000000000000000e+01	4.031236000000000264e-01	1.652650609418436153e-02	2.937443948525542137e-01
2.900000000000000000e+01	4.122416000000000413e-01	1.709896779616832188e-02	2.924490305986541250e-01
3.000000000000000000e+01	4.213524000000000158e-01	1.766885644434999444e-02	2.911096208283658338e-01
3.100000000000000000e+01	4.309192000000000022e-01	1.823608620825239654e-02	2.897263672691318681e-01
3.200000000000000000e+01	4.407446000000000419e-01	1.880057165785097018e-02	2.882994782516727916e-01
3.300000000000000000e+01	4.510748000000000535e-01	1.936222777644018220e-02	2.868291686786110795e-01
3.400000000000000000e+01	4.615124000000000448e-01	1.992096997343778542e-02	2.853156599921046199e-01
3.500000000000000000e+01	4.716806000000000054e-01	2.047671409712494700e-02	2.837591801404953928e-01
3.600000000000000000e+01	4.818082000000000198e-01	2.102937644732028044e-02	2.821599635439785425e-01
3.700000000000000000e+01	4.914901999999999882e-01	2.157887378798585554e-02	2.805182510592964529e-01
3.800000000000000000e+01	5.013758999999999855e-01	2.212512335976332678e-02	2.788342899434633759e-01
3.900000000000000000e+01	5.154462000000000765e-01	2.266804289243823031e-02	2.771083338165264420e-01
4.000000000000000000e+01	5.199698000000000375e-01	2.320755061733065228e-02	2.753406426233681037e-01
4.100000000000000000e+01	5.285663999999999918e-01	2.374356527961034302e-02	2.735314825945560080e-01
4.200000000000000000e+01	5.371716000000000824e-01	2.427600615053443489e-02	2.716811262062461818e-01
4.300000000000000000e+01	5.453857000000000843e-01	2.480479303960595600e-02	2.697898521391456916e-01
4.400000000000000000e+01	5.539137000000000643e-01	2.532984630665121792e-02	2.678579452365407176e-01
4.500000000000000000e+01	5.627346000000000847e-01	2.585108687381440160e-02	2.658856964613965368e-01
4.600000000000000000e+01	5.718076000000000825e-01	2.636843623746738113e-02	2.638734028525358544e-01
4.700000000000000000e+01	5.807478999999999836e-01	2.688181648003310290e-02	2.618213674799019230e-01
4.800000000000000000e+01	5.894481000000000304e-01	2.739115028172069144e-02	2.597298993989136662e-01
4.900000000000000000e+01	5.972563000000000732e-01	2.789636093217053373e-02	2.575993136039188003e-01
5.000000000000000000e+01	6.046447999999999823e-01	2.839737234200752011e-02	2.554299309807528395e-01
5.100000000000000000e+01	6.122018000000000182e-01	2.889410905430087051e-02	2.532220782584109209e-01
5.200000000000000000e+01	6.197455000000000602e-01	2.938649625592859235e-02	2.509760879598392225e-01
5.300000000000000000e+01	6.271996000000000793e-01	2.987445978884504735e-02	2.486922983518539965e-01
5.400000000000000000e+01	6.353868000000000293e-01	3.035792616124982288e-02	2.463710533941955716e-01
5.500000000000000000e+01	6.435775000000000245e-01	3.083682255865629468e-02	2.440127026877245697e-01
5.600000000000000000e+01	6.520871999999999780e-01	3.131107685485813585e-02	2.416176014217693013e-01
5.700000000000000000e+01	6.646049000000000540e-01	3.178061762279219687e-02	2.391861103206303352e-01
5.800000000000000000e+01	6.686462000000000794e-01	3.224537414529608792e-02	2.367185955892526783e-01
5.900000000000000000e+01	6.767421000000000131e-01	3.270527642575881550e-02	2.342154288580716170e-01
6.000000000000000000e+01	6.840766000000000346e-01	3.316025519866293986e-02	2.316769871270417669e-01
6.100000000000000000e+01	6.907611000000000168e-01	3.361024194001657750e-02	2.291036527088575747e-01
6.200000000000000000e+01	6.969496000000000580e-01	3.405516887767375683e-02	2.264958131713734057e-01
6.300000000000000000e+01	7.034747000000000083e-01	3.449496900154152418e-02	2.238538612792321247e-01
6.400000000000000000e+01	7.104935000000000000e-01	3.492957607367229433e-02	2.211781949347113863e-01
6.500000000000000000e+01	7.175618999999999748e-01	3.535892463823985671e-02	2.184692171177957665e-01
6.600000000000000000e+01	7.248033999999999866e-01	3.578295003139767699e-02	2.157273358254841455e-01
6.700000000000000000e+01	7.320317000000000629e-01	3.620158839101782211e-02	2.129529640103418608e-01
6.800000000000000000e+01	7.393889000000000156e-01	3.661477666630922473e-02	2.101465195183059576e-01
6.900000000000000000e+01	7.462385999999999742e-01	3.702245262731367753e-02	2.073084250257540284e-01
7.000000000000000000e+01	7.528807000000000693e-01	3.742455487427824579e-02	2.044391079758450525e-01
7.100000000000000000e+01	7.589656000000000180e-01	3.782102284690266880e-02	2.015390005141425578e-01
7.200000000000000000e+01	7.642718000000000567e-01	3.821179683346025840e-02	1.986085394235296842e-01
7.300000000000000000e+01	7.694121000000000432e-01	3.859681797979103157e-02	1.956481660584253601e-01
7.400000000000000000e+01	7.739240000000000563e-01	3.897602829816573106e-02	1.926583262783125861e-01
7.500000000000000000e+01	7.783546000000000076e-01	3.934937067601927685e-02	1.896394703805876492e-01
7.600000000000000000e+01	7.830852999999999842e-01	3.971678888455245499e-02	1.865920530327412619e-01
7.700000000000000000e+01	7.915676000000000379e-01	4.007822758720049755e-02	1.835165332038816155e-01
7.800000000000000000e+01	7.947367000000000736e-01	4.043363234796724937e-02	1.804133740956091192e-01
7.900000000000000000e+01	8.008239999999999803e-01	4.078294963962377645e-02	1.772830430722541484e-01
8.000000000000000000e+01	8.067007000000000483e-01	4.112612685177002153e-02	1.741260115904876282e-01
8.100000000000000000e+01	8.120675000000000532e-01	4.146311229875844495e-02	1.709427551283154434e-01
8.200000000000000000e+01	8.166840000000000765e-01	4.179385522747833259e-02	1.677337531134668047e-01
8.300000000000000000e+01	8.205478999999999967e-01	4.211830582499968834e-02	1.644994888511882858e-01
8.400000000000000000e+01	8.244458000000000064e-01	4.243641522607552452e-02	1.612404494514534936e-01
8.500000000000000000e+01	8.287783000000000788e-01	4.274813552050143323e-02	1.579571257555997255e-01
8.600000000000000000e+01	8.329555000000000708e-01	4.305341976033127266e-02	1.546500122624029638e-01
8.700000000000000000e+01	8.373021000000000491e-01	4.335222196694796942e-02	1.513196070536015903e-01
8.800000000000000000e+01	8.420670000000000099e-01	4.364449713798834729e-02	1.479664117188809469e-01
8.900000000000000000e+01	8.466428999999999760e-01	4.393020125412087223e-02	1.445909312803289326e-01
9.000000000000000000e+01	8.509404999999999886e-01	4.420929128567535615e-02	1.411936741163753450e-01
9.100000000000000000e+01	8.555964999999999820e-01	4.448172519912366868e-02	1.377751518852254053e-01
9.200000000000000000e+01	8.599828999999999946e-01	4.474746196341031906e-02	1.343358794477991225e-01
9.300000000000000000e+01	8.637120999999999826e-01	4.500646155613215182e-02	1.308763747901885155e-01
9.400000000000000000e+01	8.665245999999999782e-01	4.525868496956607367e-02	1.273971589456444620e-01
9.500000000000000000e+01	8.685648000000000257e-01	4.550409421654397213e-02	1.238987559161038587e-01
9.600000000000000000e+01	8.703292000000000250e-01	4.574265233617391679e-02	1.203816925932704868e-01
9.700000000000000000e+01	8.727120999999999906e-01	4.597432339940687313e-02	1.168464986792598498e-01
9.800000000000000000e+01	8.754205000000000458e-01	4.619907251444786700e-02	1.132937066068215731e-01
9.900000000000000000e+01	8.790156000000000081e-01	4.641686583201105887e-02	1.097238514591499930e-01
1.000000000000000000e+02	8.825249000000000565e-01	4.662767055041775605e-02	1.061374708892954682e-01
1.010000000000000000e+02	8.857529000000000652e-01	4.683145492053662762e-02	1.025351050391892505e-01
1.020000000000000000e+02	8.885952999999999768e-01	4.702818825056542806e-02	9.891729645829290540e-02
1.030000000000000000e+02	8.905909000000000741e-01	4.721784091065345246e-02	9.528459002188549576e-02
1.040000000000000000e+02	8.924764000000000586e-01	4.740038433736411261e-02	9.163753284900007234e-02
1.050000000000000000e+02	8.939504999999999812e-01	4.757579103797678066e-02	8.797667422002292126e-02
1.060000000000000000e+02	8.950432999999999861e-01	4.774403459462748384e-02	8.430256549396662746e-02
1.070000000000000000e+02	8.960700999999999805e-01	4.790508966828770088e-02	8.061576002543041630e-02
1.080000000000000000e+02	8.971322999999999936e-01	4.805893200258060105e-02	7.691681308125965233e-02
1.090000000000000000e+02	8.985907000000000755e-01	4.820553842743433709e-02	7.320628175691785977e-02
1.100000000000000000e+02	9.004655000000000298e-01	4.834488686257160106e-02	6.948472489258285256e-02
1.110000000000000000e+02	9.026895000000000335e-01	4.847695632083517253e-02	6.575270298898032439e-02
1.120000000000000000e+02	9.048955000000000748e-01	4.860172691134877904e-02	6.201077812296700714e-02
1.130000000000000000e+02	9.067372000000000209e-01	4.871917984251280392e-02	5.825951386287716444e-02
1.140000000000000000e+02	9.078527000000000680e-01	4.882929742483450158e-02	5.449947518364370302e-02
1.150000000000000000e+02	9.085929999999999840e-01	4.893206307359219270e-02	5.073122838170792542e-02
1.160000000000000000e+02	9.086241000000000456e-01	4.902746131133309954e-02	4.695534098972974774e-02
1.170000000000000000e+02	9.084630000000000205e-01	4.911547777020432853e-02	4.317238169111251717e-02
1.180000000000000000e+02	9.080291000000000334e-01	4.919609919411688237e-02	3.938292023435374656e-02
1.190000000000000000e+02	9.079299000000000675e-01	4.926931344074207686e-02	3.558752734723589356e-02
1.200000000000000000e+02	9.081042000000000280e-01	4.933510948334035584e-02	3.178677465086923032e-02
1.210000000000000000e+02	9.087482000000000060e-01	4.939347741242194889e-02	2.798123457360085498e-02
1.220000000000000000e+02	9.092999000000000498e-01	4.944440843723939272e-02	2.417148026480142944e-02
1.230000000000000000e+02	9.097334000000000254e-01	4.948789488711145129e-02	2.035808550854376064e-02
1.240000000000000000e+02	9.098536999999999875e-01	4.952393021257843475e-02	1.654162463718533357e-02
1.250000000000000000e+02	9.091527000000000358e-01	4.955250898638857010e-02	1.272267244486901920e-02
1.260000000000000000e+02	9.078285999999999856e-01	4.957362690431540986e-02	8.901804100953486162e-03
1.270000000000000000e+02	9.060557000000000194e-01	4.958728078580610515e-02	5.079595063387540993e-03
1.280000000000000000e+02	9.041046000000000360e-01	4.959346857446039758e-02	1.256620992040590043e-03
1.290000000000000000e+02	9.017612000000000405e-01	4.959218933834035753e-02	-2.566542337996619624e-03
1.300000000000000000e+02	8.995948000000000278e-01	4.958344327011070252e-02	-6.389319123129241253e-03
1.310000000000000000e+02	8.979208000000000744e-01	4.956723168700984117e-02	-1.021113361797985897e-02
1.320000000000000000e+02	8.965362000000000053e-01	4.954355703065143474e-02	-1.403141022210062198e-02
1.330000000000000000e+02	8.954925000000000246e-01	4.951242286665669123e-02	-1.784957356666425077e-02
1.340000000000000000e+02	8.944403000000000770e-01	4.947383388411733668e-02	-2.166504860111974004e-02
1.350000000000000000e+02	8.931200000000000250e-01	4.942779589488940223e-02	-2.547726067980055423e-02
1.360000000000000000e+02	8.909747000000000083e-01	4.937431583271790353e-02	-2.928563564847111791e-02
1.370000000000000000e+02	8.884452000000000460e-01	4.931340175219256494e-02	-3.308959993080001771e-02
1.380000000000000000e+02	8.850001000000000673e-01	4.924506282753470660e-02	-3.688858061474575151e-02
1.390000000000000000e+02	8.815645000000000842e-01	4.916930935121552326e-02	-4.068200553884280396e-02
1.400000000000000000e+02	8.781054000000000359e-01	4.908615273240597016e-02	-4.446930337837406294e-02
1.410000000000000000e+02	8.737814999999999888e-01	4.899560549525840136e-02	-4.824990373141779115e-02
1.420000000000000000e+02	8.725081000000000087e-01	4.889768127702034950e-02	-5.202323720475533070e-02
1.430000000000000000e+02	8.699584000000000206e-01	4.879239482598058536e-02	-5.578873549962722056e-02
1.440000000000000000e+02	8.674403000000000530e-01	4.867976199924795022e-02	-5.954583149732377984e-02
1.450000000000000000e+02	8.648137000000000185e-01	4.855979976036307183e-02	-6.329395934459873529e-02
1.460000000000000000e+02	8.617593000000000059e-01	4.843252617674355387e-02	-6.703255453889171711e-02
1.470000000000000000e+02	8.581165000000000598e-01	4.829796041696279157e-02	-7.076105401334793765e-02
1.480000000000000000e+02	8.539474000000000231e-01	4.815612274786307961e-02	-7.447889622162065515e-02
1.490000000000000000e+02	8.492281000000000413e-01	4.800703453150317879e-02	-7.818552122244568081e-02
1.500000000000000000e+02	8.439541999999999877e-01	4.785071822194103541e-02	-8.188037076397343406e-02
1.510000000000000000e+02	8.386824000000000501e-01	4.768719736185196567e-02	-8.556288836784710361e-02
1.520000000000000000e+02	8.337145000000000250e-01	4.751649657898290857e-02	-8.923251941301305057e-02
1.530000000000000000e+02	8.293082999999999982e-01	4.733864158244331655e-02	-9.288871121925207364e-02
1.540000000000000000e+02	8.254402000000000683e-01	4.715365915883304448e-02	-9.653091313041799182e-02
1.550000000000000000e+02	8.210224000000000411e-01	4.696157716820809069e-02	-1.001585765973718317e-01
1.560000000000000000e+02	8.164862999999999982e-01	4.676242453988462000e-02	-1.037711552605979776e-01
1.570000000000000000e+02	8.117224000000000661e-01	4.655623126808192125e-02	-1.073681050324911818e-01
1.580000000000000000e+02	8.066967000000000443e-01	4.634302840740501389e-02	-1.109488841793010300e-01
1.590000000000000000e+02	8.008935999999999833e-01	4.612284806816752125e-02	-1.145129534027223561e-01
1.600000000000000000e+02	7.947551999999999950e-01	4.589572341155558760e-02	-1.180597759211180903e-01
1.610000000000000000e+02	7.854334000000000593e-01	4.566168864463347743e-02	-1.215888175503636592e-01
1.620000000000000000e+02	7.824771000000000365e-01	4.542077901519169653e-02	-1.250995467843003806e-01
1.630000000000000000e+02	7.765168000000000070e-01	4.517303080643832180e-02	-1.285914348747846381e-01
1.640000000000000000e+02	7.710561000000000220e-01	4.491848133153444195e-02	-1.320639559113226391e-01
1.650000000000000000e+02	7.658968000000000442e-01	4.465716892797445131e-02	-1.355165869002769863e-01
1.660000000000000000e+02	7.611537999999999915e-01	4.438913295181204366e-02	-1.389488078436347529e-01
1.670000000000000000e+02	7.560497999999999941e-01	4.411441377173287021e-02	-1.423601018173236421e-01
1.680000000000000000e+02	7.505775000000000086e-01	4.383305276297457670e-02	-1.457499550490659879e-01
1.690000000000000000e+02	7.438575000000000603e-01	4.354509230109540607e-02	-1.491178569957568589e-01
1.700000000000000000e+02	7.368803000000000436e-01	4.325057575559196343e-02	-1.524633004203571618e-01
1.710000000000000000e+02	7.294519000000000419e-01	4.294954748336741318e-02	-1.557857814682878372e-01
1.720000000000000000e+02	7.218672000000000422e-01	4.264205282205092012e-02	-1.590847997433152972e-01
1.730000000000000000e+02	7.142585000000000184e-01	4.232813808316937543e-02	-1.623598583829154729e-01
1.740000000000000000e+02	7.071969000000000172e-01	4.200785054517245515e-02	-1.656104641331059835e-01
1.750000000000000000e+02	7.000779000000000307e-01	4.168123844631205915e-02	-1.688361274227345998e-01
1.760000000000000000e+02	6.931076999999999932e-01	4.134835097737715043e-02	-1.720363624372137079e-01
1.770000000000000000e+02	6.862945999999999769e-01	4.100923827428523682e-02	-1.752106871916875586e-01
1.780000000000000000e+02	6.790216000000000030e-01	4.066395141053137652e-02	-1.783586236036242556e-01
1.790000000000000000e+02	6.715041000000000482e-01	4.031254238949607410e-02	-1.814796975648192978e-01
1.800000000000000000e+02	6.594547000000000603e-01	3.995506413661308737e-02	-1.845734390128004609e-01
1.810000000000000000e+02	6.552587000000000828e-01	3.959157049139835904e-02	-1.876393820016237779e-01
1.820000000000000000e+02	6.465543000000000262e-01	3.922211619934129478e-02	-1.906770647720489875e-01
1.830000000000000000e+02	6.377833000000000530e-01	3.884675690365961553e-02	-1.936860298210849041e-01
1.840000000000000000e+02	6.290349000000000634e-01	3.846554913691888761e-02	-1.966658239708938549e-01
1.850000000000000000e+02	6.206472000000000655e-01	3.807855031251833333e-02	-1.996159984370438345e-01
1.860000000000000000e+02	6.125654999999999850e-01	3.768581871604373412e-02	-2.025361088960999645e-01
1.870000000000000000e+02	6.047276999999999791e-01	3.728741349648913295e-02	-2.054257155525436307e-01
1.880000000000000000e+02	5.975166000000000643e-01	3.688339465734843947e-02	-2.082843832050097765e-01
1.890000000000000000e+02	5.899714999999999820e-01	3.647382304757836730e-02	-2.111116813118320557e-01
1.900000000000000000e+02	5.817157000000000577e-01	3.605876035243398697e-02	-2.139071840558866011e-01
1.910000000000000000e+02	5.726480999999999932e-01	3.563826908417840056e-02	-2.166704704087237532e-01
1.920000000000000000e+02	5.633670000000000622e-01	3.521241257266776586e-02	-2.194011241939792523e-01
1.930000000000000000e+02	5.537693000000000199e-01	3.478125495581329413e-02	-2.220987341500536838e-01
1.940000000000000000e+02	5.438487000000000737e-01	3.434486116992146315e-02	-2.247628939920526259e-01
1.950000000000000000e+02	5.342152000000000012e-01	3.390329693991401411e-02	-2.273932024729766466e-01
1.960000000000000000e+02	5.249078000000000355e-01	3.345662876942916142e-02	-2.299892634441531858e-01
1.970000000000000000e+02	5.157947999999999977e-01	3.300492393080554920e-02	-2.325506859148997185e-01
1.980000000000000000e+02	5.068063000000000429e-01	3.254825045495043923e-02	-2.350770841114107890e-01
1.990000000000000000e+02	4.982604000000000477e-01	3.208667712109354586e-02	-2.375680775348593954e-01
2.000000000000000000e+02	4.896890000000000409e-01	3.162027344642834997e-02	-2.400232910187029833e-01
2.010000000000000000e+02	4.807403000000000093e-01	3.114910967564212332e-02	-2.424423547851873306e-01
2.020000000000000000e+02	4.713249999999999940e-01	3.067325677033643297e-02	-2.448249045010385816e-01
2.030000000000000000e+02	4.612262000000000306e-01	3.019278639833967298e-02	-2.471705813323350209e-01
2.040000000000000000e+02	4.508153000000000299e-01	2.970777092291322294e-02	-2.494790319985507598e-01
2.050000000000000000e+02	4.402368000000000392e-01	2.921828339185290196e-02	-2.517499088257631468e-01
2.060000000000000000e+02	4.300149000000000332e-01	2.872439752648727959e-02	-2.539828697990154649e-01
2.070000000000000000e+02	4.197477000000000569e-01	2.822618771057452264e-02	-2.561775786138280053e-01
2.080000000000000000e+02	4.101042000000000298e-01	2.772372897909960304e-02	-2.583337047268479125e-01
2.090000000000000000e+02	4.004311000000000398e-01	2.721709700697326831e-02	-2.604509234056325839e-01
2.100000000000000000e+02	3.905990000000000295e-01	2.670636809763475214e-02	-2.625289157775572702e-01
2.110000000000000000e+02	3.805747000000000435e-01	2.619161917155972408e-02	-2.645673688778400479e-01
2.120000000000000000e+02	3.703015000000000057e-01	2.567292775467540020e-02	-2.665659756966773375e-01
2.130000000000000000e+02	3.599902000000000379e-01	2.515037196668440736e-02	-2.685244352254824163e-01
2.140000000000000000e+02	3.497871000000000175e-01	2.462403050929925022e-02	-2.704424525022199877e-01
2.150000000000000000e+02	3.394943000000000266e-01	2.409398265438904285e-02	-2.723197386558304234e-01
2.160000000000000000e+02	3.284890000000000310e-01	2.356030823204053812e-02	-2.741560109497359621e-01
2.170000000000000000e+02	3.173671000000000131e-01	2.302308761853493271e-02	-2.759509928244238686e-01
2.180000000000000000e+02	3.064807000000000503e-01	2.248240172424243594e-02	-2.777044139390986710e-01
2.190000000000000000e+02	2.963180000000000258e-01	2.193833198143646177e-02	-2.794160102123978695e-01
2.200000000000000000e+02	2.865669000000000133e-01	2.139096033202915817e-02	-2.810855238621652319e-01
2.210000000000000000e+02	2.763657000000000474e-01	2.084036921523020613e-02	-2.827127034442750708e-01
2.220000000000000000e+02	2.661260000000000292e-01	2.028664155513073761e-02	-2.842973038905018401e-01
2.230000000000000000e+02	2.551613000000000353e-01	1.972986074821411057e-02	-2.858390865454301655e-01
2.240000000000000000e+02	2.435250000000000470e-01	1.917011065079577206e-02	-2.873378192023979816e-01
2.250000000000000000e+02	2.322648000000000490e-01	1.860747556639364211e-02	-2.887932761384693348e-01
2.260000000000000000e+02	2.211025000000000351e-01	1.804204023303122503e-02	-2.902052381484302446e-01
2.270000000000000000e+02	2.100121000000000349e-01	1.747388981047530085e-02	-2.915734925778030728e-01
2.280000000000000000e+02	1.990827000000000291e-01	1.690310986741009117e-02	-2.928978333548741264e-01
2.290000000000000000e+02	1.882446000000000397e-01	1.632978636854981805e-02	-2.941780610217300529e-01
2.300000000000000000e+02	1.774077000000000293e-01	1.575400566169157801e-02	-2.954139827642980332e-01
2.310000000000000000e+02	1.666823000000000332e-01	1.517585446471065962e-02	-2.966054124413854409e-01
2.320000000000000000e+02	1.559611000000000192e-01	1.459541985249998043e-02	-2.977521706127140844e-01
2.330000000000000000e+02	1.453907000000000393e-01	1.401278924385580479e-02	-2.988540845659460876e-01
2.340000000000000000e+02	1.348019000000000300e-01	1.342805038831167835e-02	-2.999109883426953616e-01
2.350000000000000000e+02	1.236114000000000379e-01	1.284129135292254136e-02	-3.009227227635230539e-01
2.360000000000000000e+02	1.123683000000000320e-01	1.225260050900101733e-02	-3.018891354519109838e-01
2.370000000000000000e+02	1.008561000000000318e-01	1.166206651880789986e-02	-3.028100808572111169e-01
2.380000000000000000e+02	8.932810000000003525e-02	1.106977832219871449e-02	-3.036854202765669752e-01
2.390000000000000000e+02	7.828920000000003099e-02	1.047582512322868878e-02	-3.045150218758033156e-01
2.400000000000000000e+02	6.715331000000003547e-02	9.880296376717711063e-03	-3.052987607092817468e-01
2.410000000000000000e+02	5.636554000000003339e-02	9.283281774777637010e-03	-3.060365187387185659e-01
2.420000000000000000e+02	4.537029000000003531e-02	8.684871233303826168e-03	-3.067281848509624820e-01
2.430000000000000000e+02	3.437440000000002716e-02	8.085154878432986719e-03	-3.073736548747293407e-01
2.440000000000000000e+02	2.344470000000002663e-02	7.484223032969340716e-03	-3.079728315962911300e-01
2.450000000000000000e+02	1.267328000000002980e-02	6.882166202781213153e-03	-3.085256247741173241e-01
2.460000000000000000e+02	2.053620000000026813e-03	6.279075063169913158e-03	-3.090319511524662333e-01
2.470000000000000000e+02	-8.804889999999971489e-03	5.675040445213341139e-03	-3.094917344739238629e-01
2.480000000000000000e+02	-1.947821999999996972e-02	5.070153322085897869e-03	-3.099049054908890044e-01
2.490000000000000000e+02	-3.051125866999997160e-02	4.464504795357113719e-03	-3.102714019760027808e-01
2.500000000000000000e+02	-4.156133999999997441e-02	3.858186081270907099e-03	-3.105911687315204839e-01
2.510000000000000000e+02	-5.290159999999996532e-02	3.251288497007585876e-03	-3.108641575976247573e-01
2.520000000000000000e+02	-6.369786999999996202e-02	2.643903446930635261e-03	-3.110903274596792389e-01
2.530000000000000000e+02	-7.485270999999996122e-02	2.036122408820400728e-03	-3.112696442544204412e-01
2.540000000000000000e+02	-8.596370999999997098e-02	1.428036920096606476e-03	-3.114020809750883134e-01
2.550000000000000000e+02	-9.751902999999996491e-02	8.197385640321070213e-04	-3.114876176754933779e-01
2.560000000000000000e+02	-1.086626699999999751e-01	2.113189559595164875e-04	-3.115262414730211038e-01
2.570000000000000000e+02	-1.201147999999999660e-01	-3.971302705268825125e-04	-3.115179465505720224e-01
2.580000000000000000e+02	-1.311616999999999644e-01	-1.005517477372001346e-03	-3.114627341574378039e-01
2.590000000000000000e+02	-1.419326999999999672e-01	-1.613751035861480526e-03	-3.113606126091131299e-01
2.600000000000000000e+02	-1.523040999999999701e-01	-2.221739340421794839e-03	-3.112115972860433621e-01
2.610000000000000000e+02	-1.682646999999999615e-01	-2.829390822416985845e-03	-3.110157106313081177e-01
2.620000000000000000e+02	-1.740192999999999601e-01	-3.436613963939608076e-03	-3.107729821472408616e-01
2.630000000000000000e+02	-1.854201999999999795e-01	-4.043317311594255871e-03	-3.104834483909860166e-01
2.640000000000000000e+02	-1.967652999999999763e-01	-4.649409490271264739e-03	-3.101471529689927564e-01
2.650000000000000000e+02	-2.082279999999999687e-01	-5.254799216908647395e-03	-3.097641465304477593e-01
2.660000000000000000e+02	-2.193226999999999816e-01	-5.859395314240158949e-03	-3.093344867596466985e-01
2.670000000000000000e+02	-2.304253999999999747e-01	-6.463106724527433421e-03	-3.088582383673066367e-01
2.680000000000000000e+02	-2.409737999999999603e-01	-7.065842523274100395e-03	-3.083354730808199884e-01
2.690000000000000000e+02	-2.514348999999999612e-01	-7.667511932919930662e-03	-3.077662696334516057e-01
2.700000000000000000e+02	-2.612461999999999840e-01	-8.268024336512646427e-03	-3.071507137524809306e-01
2.710000000000000000e+02	-2.710998000000000019e-01	-8.867289291355759384e-03	-3.064888981462907114e-01
2.720000000000000000e+02	-2.808180999999999594e-01	-9.465216542630038379e-03	-3.057809224904040057e-01
2.730000000000000000e+02	-2.907658999999999661e-01	-1.006171603698673665e-02	-3.050268934124725773e-01
2.740000000000000000e+02	-3.009717999999999560e-01	-1.065669793611043192e-02	-3.042269244762172975e-01
2.750000000000000000e+02	-3.112020999999999815e-01	-1.125007263024952429e-02	-3.033811361643248272e-01
2.760000000000000000e+02	-3.217077999999999882e-01	-1.184175075171225652e-02	-3.024896558603015206e-01
2.770000000000000000e+02	-3.320638999999999674e-01	-1.243164318832639705e-02	-3.015526178292883275e-01
2.780000000000000000e+02	-3.421649999999999969e-01	-1.301966109686023519e-02	-3.005701631978394128e-01
2.790000000000000000e+02	-3.521852999999999789e-01	-1.360571591640325796e-02	-2.995424399326671594e-01
2.800000000000000000e+02	-3.617362999999999551e-01	-1.418971938170423414e-02	-2.984696028183568273e-01
2.810000000000000000e+02	-3.712410999999999905e-01	-1.477158353646476630e-02	-2.973518134340546459e-01
2.820000000000000000e+02	-3.808459999999999623e-01	-1.535122074658631756e-02	-2.961892401291326138e-01
2.830000000000000000e+02	-3.907154999999999934e-01	-1.592854371336872160e-02	-2.949820579978336132e-01
2.840000000000000000e+02	-4.006590999999999902e-01	-1.650346548665813234e-02	-2.937304488529002278e-01
2.850000000000000000e+02	-4.159665999999999642e-01	-1.707589947794262153e-02	-2.924346011981924232e-01
2.860000000000000000e+02	-4.257457999999999521e-01	-1.764575947339306825e-02	-2.910947102002969245e-01
2.870000000000000000e+02	-4.309539999999999482e-01	-1.821295964684783997e-02	-2.897109776591335617e-01
2.880000000000000000e+02	-4.417586999999999486e-01	-1.877741457273899781e-02	-2.882836119775620820e-01
2.890000000000000000e+02	-4.524889999999999746e-01	-1.933903923895813337e-02	-2.868128281299949234e-01
2.900000000000000000e+02	-4.629457999999999629e-01	-1.989774905966002969e-02	-2.852988476300200582e-01
2.910000000000000000e+02	-4.722929999999999628e-01	-2.045345988800199508e-02	-2.837418984970390134e-01
2.920000000000000000e+02	-4.812818999999999847e-01	-2.100608802881727757e-02	-2.821422152219248969e-01
2.930000000000000000e+02	-4.901195999999999886e-01	-2.155555025122017285e-02	-2.805000387317062027e-01
2.940000000000000000e+02	-4.986277999999999544e-01	-2.210176380114146216e-02	-2.788156163532807819e-01
2.950000000000000000e+02	-5.073832999999999815e-01	-2.264464641379190790e-02	-2.770892017761660830e-01
2.960000000000000000e+02	-5.165811999999999626e-01	-2.318411632605209272e-02	-2.753210550142913826e-01
2.970000000000000000e+02	-5.255498999999999032e-01	-2.372009228878670106e-02	-2.735114423668371653e-01
2.980000000000000000e+02	-5.345261999999999514e-01	-2.425249357908137310e-02	-2.716606363781280398e-01
2.990000000000000000e+02	-5.436372999999999900e-01	-2.478124001240031293e-02	-2.697689157965850182e-01
3.000000000000000000e+02	-5.526310999999999307e-01	-2.530625195466288876e-02	-2.678365655327434314e-01
3.010000000000000000e+02	-5.614852999999999650e-01	-2.582745033423715711e-02	-2.658638766163428091e-01
3.020000000000000000e+02	-5.702034999999999743e-01	-2.634475665384882273e-02	-2.638511461524952750e-01
3.030000000000000000e+02	-5.780649999999999400e-01	-2.685809300240367056e-02	-2.617986772769384518e-01
3.040000000000000000e+02	-5.858147000000000215e-01	-2.736738206672166551e-02	-2.597067791103807033e-01
3.050000000000000000e+02	-5.935363000000000167e-01	-2.787254714318104093e-02	-2.575757667119446537e-01
3.060000000000000000e+02	-6.013148999999999855e-01	-2.837351214927057511e-02	-2.554059610317161999e-01
3.070000000000000000e+02	-6.094826999999999328e-01	-2.887020163504828291e-02	-2.531976888624069000e-01
3.080000000000000000e+02	-6.179553999999999325e-01	-2.936254079450495436e-02	-2.509512827901353438e-01
3.090000000000000000e+02	-6.264489999999999226e-01	-2.985045547683053829e-02	-2.486670811443371376e-01
3.100000000000000000e+02	-6.349631999999999499e-01	-3.033387219758196252e-02	-2.463454279468093311e-01
3.110000000000000000e+02	-6.432036999999999338e-01	-3.081271814975059670e-02	-2.439866728598973078e-01
3.120000000000000000e+02	-6.511367000000000127e-01	-3.128692121472763377e-02	-2.415911711338326606e-01
3.130000000000000000e+02	-6.583344999999999336e-01	-3.175640997316582503e-02	-2.391592835532290184e-01
3.140000000000000000e+02	-6.655580999999999303e-01	-3.222111371573587596e-02	-2.366913763827448725e-01
3.150000000000000000e+02	-6.726035999999999682e-01	-3.268096245377594133e-02	-2.341878213119204521e-01
3.160000000000000000e+02	-6.791671999999999709e-01	-3.313588692983258227e-02	-2.316489953991978101e-01
3.170000000000000000e+02	-6.859765999999999364e-01	-3.358581862809149887e-02	-2.290752810151327201e-01
3.180000000000000000e+02	-6.933240999999999987e-01	-3.403068978469672712e-02	-2.264670657848058821e-01
3.190000000000000000e+02	-7.010640000000000205e-01	-3.447043339795645422e-02	-2.238247425294430659e-01
3.200000000000000000e+02	-7.087854999999999572e-01	-3.490498323843409939e-02	-2.211487092072525751e-01
3.210000000000000000e+02	-7.167007999999999157e-01	-3.533427385892307787e-02	-2.184393688534892186e-01
3.220000000000000000e+02	-7.241716999999999738e-01	-3.575824060430374263e-02	-2.156971295197533389e-01
3.230000000000000000e+02	-7.309025999999999579e-01	-3.617681962128110190e-02	-2.129224042125344163e-01
3.240000000000000000e+02	-7.395591000000000248e-01	-3.658994786800160576e-02	-2.101156108310088255e-01
3.250000000000000000e+02	-7.424332999999999627e-01	-3.699756312354790522e-02	-2.072771721040999882e-01
3.260000000000000000e+02	-7.504877999999999272e-01	-3.739960399730987706e-02	-2.044075155268119115e-01
3.270000000000000000e+02	-7.532866999999999758e-01	-3.779600993823060973e-02	-2.015070732958439692e-01
3.280000000000000000e+02	-7.583645999999999443e-01	-3.818672124392597650e-02	-1.985762822444986087e-01
3.290000000000000000e+02	-7.643221000000000043e-01	-3.857167906967630400e-02	-1.956155837768899786e-01
3.300000000000000000e+02	-7.697456999999999772e-01	-3.895082543728900504e-02	-1.926254238014644404e-01
3.310000000000000000e+02	-7.759127999999999581e-01	-3.932410324383056599e-02	-1.896062526638426227e-01
3.320000000000000000e+02	-7.824136999999999897e-01	-3.969145627022681311e-02	-1.865585250789933980e-01
3.330000000000000000e+02	-7.886658999999999198e-01	-4.005282918972999373e-02	-1.834827000627493598e-01
3.340000000000000000e+02	-7.947398999999999436e-01	-4.040816757625148581e-02	-1.803792408626752330e-01
3.350000000000000000e+02	-8.005706999999999685e-01	-4.075741791255897695e-02	-1.772486148882975177e-01
3.360000000000000000e+02	-8.055155999999999983e-01	-4.110052759833648928e-02	-1.740912936407097433e-01
3.370000000000000000e+02	-8.099296999999999747e-01	-4.143744495810654932e-02	-1.709077526415591353e-01
3.380000000000000000e+02	-8.140627999999999753e-01	-4.176811924901301792e-02	-1.676984713614288469e-01
3.390000000000000000e+02	-8.190493999999999275e-01	-4.209250066846338678e-02	-1.644639331476253630e-01
3.400000000000000000e+02	-8.240866000000000025e-01	-4.241054036162952845e-02	-1.612046251513818418e-01
3.410000000000000000e+02	-8.292532999999999710e-01	-4.272219042880567863e-02	-1.579210382544887770e-01
3.420000000000000000e+02	-8.347523999999999500e-01	-4.302740393262256130e-02	-1.546136669953626364e-01
3.430000000000000000e+02	-8.400259999999999394e-01	-4.332613490511661586e-02	-1.512830094945637471e-01
3.440000000000000000e+02	-8.445780999999999983e-01	-4.361833835465316750e-02	-1.479295673797748067e-01
3.450000000000000000e+02	-8.486732999999999638e-01	-4.390397027270259711e-02	-1.445538457102512331e-01
3.460000000000000000e+02	-8.523872000000000115e-01	-4.418298764046842825e-02	-1.411563529007543727e-01
3.470000000000000000e+02	-8.558567999999999731e-01	-4.445534843536634584e-02	-1.377376006449797796e-01
3.480000000000000000e+02	-8.588088999999999862e-01	-4.472101163735320295e-02	-1.342981038384913062e-01
3.490000000000000000e+02	-8.614688999999999819e-01	-4.497993723510500252e-02	-1.308383805011731349e-01
3.500000000000000000e+02	-8.640590999999999688e-01	-4.523208623204294510e-02	-1.273589516992114368e-01
3.510000000000000000e+02	-8.670535999999999799e-01	-4.547742065220676533e-02	-1.238603414666160224e-01
3.520000000000000000e+02	-8.705796999999999564e-01	-4.571590354597415001e-02	-1.203430767262975154e-01
3.530000000000000000e+02	-8.744121999999999728e-01	-4.594749899562573098e-02	-1.168076872107068620e-01
3.540000000000000000e+02	-8.782278000000000029e-01	-4.617217212075466065e-02	-1.132547053820530808e-01
3.550000000000000000e+02	-8.816566999999999599e-01	-4.638988908351986823e-02	-1.096846663521094251e-01
3.560000000000000000e+02	-8.843812999999999258e-01	-4.660061709374240663e-02	-1.060981078016207668e-01
3.570000000000000000e+02	-8.866446999999999523e-01	-4.680432441384389103e-02	-1.024955698993237907e-01
3.580000000000000000e+02	-8.881989999999999608e-01	-4.700098036362652248e-02	-9.887759522059273720e-02
3.590000000000000000e+02	-8.896266999999999925e-01	-4.719055532489379451e-02	-9.524472866572243623e-02
3.600000000000000000e+02	-8.910603999999999747e-01	-4.737302074591125123e-02	-9.159751737786142600e-02
3.610000000000000000e+02	-8.927944999999999354e-01	-4.754834914570663790e-02	-8.793651066060705068e-02
3.620000000000000000e+02	-8.946112999999999982e-01	-4.771651411820882621e-02	-8.426225989527529048e-02
3.630000000000000000e+02	-8.968713999999999853e-01	-4.787749033622477196e-02	-8.057531845785781410e-02
3.640000000000000000e+02	-8.996596999999999511e-01	-4.803125355525404705e-02	-7.687624163567821634e-02
3.650000000000000000e+02	-9.022759000000000196e-01	-4.817778061714025895e-02	-7.316558654376109638e-02
3.660000000000000000e+02	-9.048633999999999844e-01	-4.831704945355893427e-02	-6.944391204092424663e-02
3.670000000000000000e+02	-9.053945999999999383e-01	-4.844903908934114489e-02	-6.571177864561099369e-02
3.680000000000000000e+02	-9.060371999999999870e-01	-4.857372964563259898e-02	-6.196974845146990818e-02
3.690000000000000000e+02	-9.064674999999999816e-01	-4.869110234288758637e-02	-5.821838504269855052e-02
3.700000000000000000e+02	-9.068199000000000121e-01	-4.880113950369732029e-02	-5.445825340916254920e-02
3.710000000000000000e+02	-9.071507999999999239e-01	-4.890382455545234930e-02	-5.068991986130288313e-02
3.720000000000000000e+02	-9.069800000000000084e-01	-4.899914203283852604e-02	-4.691395194484437176e-02
3.730000000000000000e+02	-9.070186999999999555e-01	-4.908707758016623429e-02	-4.313091835531800838e-02
3.740000000000000000e+02	-9.075289999999999191e-01	-4.916761795353248587e-02	-3.934138885241018901e-02
3.750000000000000000e+02	-9.086139999999999217e-01	-4.924075102281556121e-02	-3.554593417415169432e-02
3.760000000000000000e+02	-9.095765999999999574e-01	-4.930646577350195070e-02	-3.174512595095924788e-02
3.770000000000000000e+02	-9.098536999999999875e-01	-4.936475230834520139e-02	-2.793953661954272708e-02
3.780000000000000000e+02	-9.095742999999999467e-01	-4.941560184885656487e-02	-2.412973933669091894e-02
3.790000000000000000e+02	-9.083911999999999543e-01	-4.945900673662711328e-02	-2.031630789294885248e-02
3.800000000000000000e+02	-9.070924999999999683e-01	-4.949496043448112920e-02	-1.649981662619962736e-02
3.810000000000000000e+02	-9.054590000000000138e-01	-4.952345752746072777e-02	-1.268084033516414001e-02
3.820000000000000000e+02	-9.038024000000000058e-01	-4.954449372364135018e-02	-8.859954192830001712e-03
3.830000000000000000e+02	-9.022264999999999313e-01	-4.955806585477818410e-02	-5.037733659826826825e-03
3.840000000000000000e+02	-9.011968999999999674e-01	-4.956417187678333058e-02	-1.214754397755483028e-03
3.850000000000000000e+02	-9.008146999999999682e-01	-4.956281087003366198e-02	2.608407817511583255e-03
3.860000000000000000e+02	-9.005276999999999310e-01	-4.955398303950932920e-02	6.431177182547489872e-03
3.870000000000000000e+02	-9.001533999999999924e-01	-4.953768971476287669e-02	1.025297795309221445e-02
3.880000000000000000e+02	-8.988035999999999248e-01	-4.951393334971900678e-02	1.407323453076498275e-02
3.890000000000000000e+02	-8.966058999999999557e-01	-4.948271752230502113e-02	1.789137154975468588e-02
3.900000000000000000e+02	-8.939572000000000074e-01	-4.944404693391189071e-02	2.170681396347526326e-02
3.910000000000000000e+02	-8.916704999999999215e-01	-4.939792740868625964e-02	2.551898713117301334e-02
3.920000000000000000e+02	-8.892683999999999589e-01	-4.934436589265320250e-02	2.932731690447279438e-02
3.930000000000000000e+02	-8.863592000000000137e-01	-4.928337045267015132e-02	3.313122971385002585e-02
3.940000000000000000e+02	-8.835459999999999425e-01	-4.921495027521190224e-02	3.693015265501557037e-02
3.950000000000000000e+02	-8.809755999999999698e-01	-4.913911566498708333e-02	4.072351357520038323e-02
3.960000000000000000e+02	-8.775864999999999361e-01	-4.905587804338615993e-02	4.451074115932670411e-02
3.970000000000000000e+02	-8.765976999999999242e-01	-4.896524994676124121e-02	4.829126501605447014e-02
3.980000000000000000e+02	-8.748464999999999714e-01	-4.886724502453803493e-02	5.206451576368588408e-02
3.990000000000000000e+02	-8.727251999999999788e-01	-4.876187803716010294e-02	5.582992511592056034e-02
4.000000000000000000e+02	-8.693839999999999346e-01	-4.864916485386577144e-02	5.958692596744449843e-02
4.010000000000000000e+02	-8.628639999999999644e-01	-4.852912245029812610e-02	6.333495247934128880e-02
4.020000000000000000e+02	-8.605852999999999975e-01	-4.840176890594830028e-02	6.707344016431271427e-02
4.030000000000000000e+02	-8.559021999999999464e-01	-4.826712340143252122e-02	7.080182597169568104e-02
4.040000000000000000e+02	-8.496427999999999203e-01	-4.812520621560335832e-02	7.451954837226286432e-02
4.050000000000000000e+02	-8.476835999999999816e-01	-4.797603872249554119e-02	7.822604744279423872e-02
4.060000000000000000e+02	-8.438032999999999229e-01	-4.781964338810681253e-02	8.192076495040649664e-02
4.070000000000000000e+02	-8.380472999999999395e-01	-4.765604376701434997e-02	8.560314443662826733e-02
4.080000000000000000e+02	-8.361124999999999252e-01	-4.748526449882724959e-02	8.927263130120774437e-02
4.090000000000000000e+02	-8.322498999999999869e-01	-4.730733130447555002e-02	9.292867288564063410e-02
4.100000000000000000e+02	-8.279946000000000250e-01	-4.712227098233642136e-02	9.657071855640562974e-02
4.110000000000000000e+02	-8.229062999999999795e-01	-4.693011140419811600e-02	1.001982197878948655e-01
4.120000000000000000e+02	-8.175335999999999714e-01	-4.673088151106218752e-02	1.038106302450266943e-01
4.130000000000000000e+02	-8.115829999999999433e-01	-4.652461130878468576e-02	1.074074058655297703e-01
4.140000000000000000e+02	-8.055721000000000132e-01	-4.631133186355709114e-02	1.109880049418822817e-01
4.150000000000000000e+02	-7.995389999999999997e-01	-4.609107529722736990e-02	1.145518882028992019e-01
4.160000000000000000e+02	-7.939377999999999158e-01	-4.586387478246215649e-02	1.180985188949511544e-01
4.170000000000000000e+02	-7.886338999999999988e-01	-4.562976453775066665e-02	1.216273628628045111e-01
4.180000000000000000e+02	-7.836581000000000241e-01	-4.538877982225104218e-02	1.251378886300700266e-01
4.190000000000000000e+02	-7.786904999999999522e-01	-4.514095693048001540e-02	1.286295674792481136e-01
4.200000000000000000e+02	-7.736416999999999877e-01	-4.488633318684663587e-02	1.321018735313585768e-01
4.210000000000000000e+02	-7.679901000000000089e-01	-4.462494694003083656e-02	1.355542838251427851e-01
4.220000000000000000e+02	-7.621087999999999196e-01	-4.435683755720779692e-02	1.389862783958265013e-01
4.230000000000000000e+02	-7.556319999999999704e-01	-4.408204541811885924e-02	1.423973403534313231e-01
4.240000000000000000e+02	-7.486694999999999878e-01	-4.380061190899001144e-02	1.457869559606231047e-01
4.250000000000000000e+02	-7.417813999999999242e-01	-4.351257941629868564e-02	1.491546147100855368e-01
4.260000000000000000e+02	-7.312250999999999612e-01	-4.321799132039001040e-02	1.524998094014071437e-01
4.270000000000000000e+02	-7.278443999999999470e-01	-4.291689198894332175e-02	1.558220362174702889e-01
4.280000000000000000e+02	-7.215193999999999219e-01	-4.260932677028990423e-02	1.591207948003314221e-01
4.290000000000000000e+02	-7.156618000000000146e-01	-4.229534198658325278e-02	1.623955883265782996e-01
4.300000000000000000e+02	-7.092703999999999676e-01	-4.197498492682244509e-02	1.656459235821570453e-01
4.310000000000000000e+02	-7.028084999999999471e-01	-4.164830383972998457e-02	1.688713110366545922e-01
4.320000000000000000e+02	-6.955554999999999932e-01	-4.131534792648512006e-02	1.720712649170262898e-01
4.330000000000000000e+02	-6.835608999999999158e-01	-4.097616733331370387e-02	1.752453032807579636e-01
4.340000000000000000e+02	-6.793369999999999687e-01	-4.063081314393564292e-02	1.783929480884507979e-01
4.350000000000000000e+02	-6.706695999999999769e-01	-4.027933737187131685e-02	1.815137252758185493e-01
4.360000000000000000e+02	-6.618148999999999837e-01	-3.992179295260779581e-02	1.846071648250859065e-01
4.370000000000000000e+02	-6.494173999999999225e-01	-3.955823373562628725e-02	1.876728008357775035e-01
4.380000000000000000e+02	-6.416246999999999368e-01	-3.918871447629191512e-02	1.907101715948869569e-01
4.390000000000000000e+02	-6.377015999999999796e-01	-3.881329082760705262e-02	1.937188196464149637e-01
4.400000000000000000e+02	-6.297825999999999702e-01	-3.843201933182945756e-02	1.966982918602663000e-01
4.410000000000000000e+02	-6.220646999999999149e-01	-3.804495741195650094e-02	1.996481395004955639e-01
4.420000000000000000e+02	-6.145543999999999452e-01	-3.765216336307673078e-02	2.025679182928909750e-01
4.430000000000000000e+02	-6.068116000000000065e-01	-3.725369634359013138e-02	2.054571884918857116e-01
4.440000000000000000e+02	-5.983983999999999970e-01	-3.684961636629819487e-02	2.083155149467886824e-01
4.450000000000000000e+02	-5.895510999999999946e-01	-3.643998428936561645e-02	2.111424671673209075e-01
4.460000000000000000e+02	-5.805002000000000217e-01	-3.602486180715439024e-02	2.139376193884521549e-01
4.470000000000000000e+02	-5.711473000000000244e-01	-3.560431144093208905e-02	2.167005506345247579e-01
4.480000000000000000e+02	-5.620233999999999508e-01	-3.517839652945558421e-02	2.194308447826567032e-01
4.490000000000000000e+02	-5.535059999999999425e-01	-3.474718121943166232e-02	2.221280906254133325e-01
4.500000000000000000e+02	-5.449005999999999572e-01	-3.431073045585590620e-02	2.247918819327389683e-01
4.510000000000000000e+02	-5.364687000000000205e-01	-3.386910997223143566e-02	2.274218175131390018e-01
4.520000000000000000e+02	-5.279359999999999609e-01	-3.342238628066877132e-02	2.300175012741030312e-01
4.530000000000000000e+02	-5.189045999999999381e-01	-3.297062666186854896e-02	2.325785422817598647e-01
4.540000000000000000e+02	-5.095186999999999911e-01	-3.251389915498840294e-02	2.351045548197561175e-01
4.550000000000000000e+02	-4.945830999999999977e-01	-3.205227254739564241e-02	2.375951584473481593e-01
4.560000000000000000e+02	-4.893378999999999923e-01	-3.158581636430728146e-02	2.400499780567004748e-01
4.570000000000000000e+02	-4.788237999999999661e-01	-3.111460085831880759e-02	2.424686439293799456e-01
4.580000000000000000e+02	-4.636110999999999427e-01	-3.063869699882363490e-02	2.448507917920389743e-01
4.590000000000000000e+02	-4.586932999999999705e-01	-3.015817646132425492e-02	2.471960628712790153e-01
4.600000000000000000e+02	-4.491970999999999603e-01	-2.967311161663748267e-02	2.495041039476839917e-01
4.610000000000000000e+02	-4.349207999999999963e-01	-2.918357551999457844e-02	2.517745674090192676e-01
4.620000000000000000e+02	-4.303250999999999604e-01	-2.868964190003853165e-02	2.540071113025849092e-01
4.630000000000000000e+02	-4.159100999999999493e-01	-2.819138514771982185e-02	2.562013993867170991e-01
4.640000000000000000e+02	-4.108637999999999457e-01	-2.768888030509245729e-02	2.583571011814289609e-01
4.650000000000000000e+02	-4.008823999999999721e-01	-2.718220305401196010e-02	2.604738920181841610e-01
4.660000000000000000e+02	-3.908003999999999922e-01	-2.667142970473697361e-02	2.625514530887947950e-01
4.670000000000000000e+02	-3.801915999999999629e-01	-2.615663718443625441e-02	2.645894714934369230e-01
4.680000000000000000e+02	-3.693327999999999611e-01	-2.563790302560269019e-02	2.665876402877762619e-01
4.690000000000000000e+02	-3.582849999999999646e-01	-2.511530535437624112e-02	2.685456585291964848e-01
4.700000000000000000e+02	-3.476109999999999478e-01	-2.458892287877740071e-02	2.704632313221243534e-01
4.710000000000000000e+02	-3.376505999999999674e-01	-2.405883487685303926e-02	2.723400698624434124e-01
4.720000000000000000e+02	-3.283256999999999426e-01	-2.352512118473640279e-02	2.741758914809906966e-01
4.730000000000000000e+02	-3.187906999999999824e-01	-2.298786218462306810e-02	2.759704196861293424e-01
4.740000000000000000e+02	-3.093139999999999779e-01	-2.244713879266467191e-02	2.777233842053905000e-01
4.750000000000000000e+02	-2.992698999999999776e-01	-2.190303244678203434e-02	2.794345210261794943e-01
4.760000000000000000e+02	-2.889008999999999605e-01	-2.135562509440010540e-02	2.811035724355376297e-01
4.770000000000000000e+02	-2.783103999999999578e-01	-2.080499918010576821e-02	2.827302870589569195e-01
4.780000000000000000e+02	-2.670511999999999331e-01	-2.025123763323094517e-02	2.843144198982389681e-01
4.790000000000000000e+02	-2.501169999999999782e-01	-1.969442385536270684e-02	2.858557323683941775e-01
4.800000000000000000e+02	-2.444134999999999780e-01	-1.913464170778220869e-02	2.873539923335746704e-01
4.810000000000000000e+02	-2.327385999999999622e-01	-1.857197549883441226e-02	2.888089741420362677e-01
4.820000000000000000e+02	-2.220047999999999744e-01	-1.800650997123046798e-02	2.902204586601235259e-01
4.830000000000000000e+02	-2.113495999999999708e-01	-1.743833028928468837e-02	2.915882333052735587e-01
4.840000000000000000e+02	-2.006843999999999573e-01	-1.686752202608802695e-02	2.929120920780325377e-01
4.850000000000000000e+02	-1.897524999999999629e-01	-1.629417115061996754e-02	2.941918355930814299e-01
4.860000000000000000e+02	-1.785694999999999644e-01	-1.571836401480079803e-02	2.954272711092651438e-01
4.870000000000000000e+02	-1.671892999999999574e-01	-1.514018734048624276e-02	2.966182125586211416e-01
4.880000000000000000e+02	-1.502515999999999852e-01	-1.455972820640634088e-02	2.977644805744029122e-01
4.890000000000000000e+02	-1.446471999999999758e-01	-1.397707403505061424e-02	2.988659025180943618e-01
4.900000000000000000e+02	-1.328006999999999660e-01	-1.339231257950128894e-02	2.999223125054108485e-01
4.910000000000000000e+02	-1.219956599999999641e-01	-1.280553191021711716e-02	3.009335514312824755e-01
4.920000000000000000e+02	-1.116577699999999757e-01	-1.221682040176898243e-02	3.018994669938173669e-01
4.930000000000000000e+02	-1.011881999999999643e-01	-1.162626671952992491e-02	3.028199137172390976e-01
4.940000000000000000e+02	-9.059414999999997054e-02	-1.103395980632131818e-02	3.036947529737973328e-01
4.950000000000000000e+02	-7.920974999999996768e-02	-1.043998886901725993e-02	3.045238530046459613e-01
4.960000000000000000e+02	-6.802877999999996927e-02	-9.844443365109194211e-03	3.053070889396872767e-01
4.970000000000000000e+02	-5.695735999999997079e-02	-9.247412989232798100e-03	3.060443428163788782e-01
4.980000000000000000e+02	-4.052701999999996918e-02	-8.648987659659128011e-03	3.067355035974994593e-01
4.990000000000000000e+02	-3.485281599999996704e-02	-8.049257504752114004e-03	3.073804671878723194e-01
5.000000000000000000e+02	-2.322668799999997105e-02	-7.448312849394398034e-03	3.079791364500430451e-01
5.010000000000000000e+02	-1.158609999999997073e-02	-6.846244201383563932e-03	3.085314212189092520e-01
5.020000000000000000e+02	-2.389999999996908486e-05	-6.243142237800842521e-03	3.090372383153001112e-01
5.030000000000000000e+02	1.111076000000003200e-02	-5.639097791354296361e-03	3.094965115585043280e-01
5.040000000000000000e+02	2.220562000000003006e-02	-5.034201836698593523e-03	3.099091717777431865e-01
5.050000000000000000e+02	3.323303000000002450e-02	-4.428545476733412173e-03	3.102751568225884937e-01
5.060000000000000000e+02	4.417198000000002733e-02	-3.822219928882344270e-03	3.105944115723233145e-01
5.070000000000000000e+02	5.493623000000003032e-02	-3.215316511354968966e-03	3.108668879442431088e-01
5.080000000000000000e+02	6.574858000000002867e-02	-2.607926629393314804e-03	3.110925449008977162e-01
5.090000000000000000e+02	7.622700000000003084e-02	-2.000141761505430747e-03	3.112713484562719124e-01
5.100000000000000000e+02	8.690450000000002340e-02	-1.392053445687884685e-03	3.114032716809043699e-01
5.110000000000000000e+02	9.816220000000003276e-02	-7.837532656392958135e-04	3.114882947059426921e-01
