0.000000000000000000e+00	1.569141999999999482e-01	2.317589833503724155e-04	3.781350369905224218e-01
1.000000000000000000e+00	1.702679999999999472e-01	9.702765020238033385e-04	3.780974111033654772e-01
2.000000000000000000e+00	1.833235999999999477e-01	1.708664923828007729e-03	3.780028434555173233e-01
3.000000000000000000e+00	1.964305999999999552e-01	2.446813046899188031e-03	3.778513482889384600e-01
4.000000000000000000e+00	2.092612999999999279e-01	3.184609705562721233e-03	3.776429484189173236e-01
5.000000000000000000e+00	2.226513999999999438e-01	3.921943787074794879e-03	3.773776752306345905e-01
6.000000000000000000e+00	2.358416999999999319e-01	4.658704248356068840e-03	3.770555686744362367e-01
7.000000000000000000e+00	2.487192999999999765e-01	5.394780132714852190e-03	3.766766772598171276e-01
8.000000000000000000e+00	2.609190999999999594e-01	6.130060586557266843e-03	3.762410580481155842e-01
9.000000000000000000e+00	2.726305999999999452e-01	6.864434876081877170e-03	3.757487766439195909e-01
1.000000000000000000e+01	2.846769999999999579e-01	7.597792403956291074e-03	3.751999071851870315e-01
1.100000000000000000e+01	2.968338999999999284e-01	8.330022725973208059e-03	3.745945323320802323e-01
1.200000000000000000e+01	3.088890999999999720e-01	9.061015567683388533e-03	3.739327432545171415e-01
1.300000000000000000e+01	3.210835999999999690e-01	9.790660841003082787e-03	3.732146396184416459e-01
1.400000000000000000e+01	3.334430999999999368e-01	1.051884866079337219e-02	3.724403295708131889e-01
1.500000000000000000e+01	3.456108999999999432e-01	1.124546936140896451e-02	3.716099297233199095e-01
1.600000000000000000e+01	3.580175999999999359e-01	1.197041351321391847e-02	3.707235651348170791e-01
1.700000000000000000e+01	3.705823999999999785e-01	1.269357193906183075e-02	3.697813692924930007e-01
1.800000000000000000e+01	3.828508999999999385e-01	1.341483573073799958e-02	3.687834840917655899e-01
1.900000000000000000e+01	3.951339999999999297e-01	1.413409626536108431e-02	3.677300598149129129e-01
2.000000000000000000e+01	4.066711999999999549e-01	1.485124522174180277e-02	3.666212551084406801e-01
2.100000000000000000e+01	4.179733999999999394e-01	1.556617459669617197e-02	3.654572369591899128e-01
2.200000000000000000e+01	4.292687999999999504e-01	1.627877672131087042e-02	3.642381806691883939e-01
2.300000000000000000e+01	4.436944999999999362e-01	1.698894427715828825e-02	3.629642698292503411e-01
2.400000000000000000e+01	4.514808999999999628e-01	1.769657031245872730e-02	3.616356962913271911e-01
2.500000000000000000e+01	4.637019999999999476e-01	1.840154825818743345e-02	3.602526601396148775e-01
2.600000000000000000e+01	4.760506999999999378e-01	1.910377194412399282e-02	3.588153696604207132e-01
2.700000000000000000e+01	4.885538999999999854e-01	1.980313561484161461e-02	3.573240413107955371e-01
2.800000000000000000e+01	5.008198999999999845e-01	2.049953394563400894e-02	3.557788996859348463e-01
2.900000000000000000e+01	5.123827999999999161e-01	2.119286205837736178e-02	3.541801774853549079e-01
3.000000000000000000e+01	5.234523999999999289e-01	2.188301553732504429e-02	3.525281154778476811e-01
3.100000000000000000e+01	5.344033999999999729e-01	2.256989044483272838e-02	3.508229624652212664e-01
3.200000000000000000e+01	5.449539999999999385e-01	2.325338333701145593e-02	3.490649752448298226e-01
3.300000000000000000e+01	5.556939999999999102e-01	2.393339127930638188e-02	3.472544185708997255e-01
3.400000000000000000e+01	5.666309999999999958e-01	2.460981186199879406e-02	3.453915651146575727e-01
3.500000000000000000e+01	5.773826999999999154e-01	2.528254321562908510e-02	3.434766954232655323e-01
3.600000000000000000e+01	5.881385999999999559e-01	2.595148402633838669e-02	3.415100978775708063e-01
3.700000000000000000e+01	5.989836999999998968e-01	2.661653355112650332e-02	3.394920686486750938e-01
3.800000000000000000e+01	6.097126999999999963e-01	2.727759163302389059e-02	3.374229116533312145e-01
3.900000000000000000e+01	6.202187999999999590e-01	2.793455871617537417e-02	3.353029385081728875e-01
4.000000000000000000e+01	6.302345999999999782e-01	2.858733586083333361e-02	3.331324684827850491e-01
4.100000000000000000e+01	6.399842000000000031e-01	2.923582475825809920e-02	3.309118284516215924e-01
4.200000000000000000e+01	6.495275999999999827e-01	2.987992774552335196e-02	3.286413528447777455e-01
4.300000000000000000e+01	6.589072999999999736e-01	3.051954782022418475e-02	3.263213835976249144e-01
4.400000000000000000e+01	6.684634999999999883e-01	3.115458865508577424e-02	3.239522700993146542e-01
4.500000000000000000e+01	6.784232000000000040e-01	3.178495461247035636e-02	3.215343691401605919e-01
4.600000000000000000e+01	6.887439999999999118e-01	3.241055075878028491e-02	3.190680448579052975e-01
4.700000000000000000e+01	6.993245999999999629e-01	3.303128287875514713e-02	3.165536686828812618e-01
4.800000000000000000e+01	7.101280999999999288e-01	3.364705748966061172e-02	3.139916192820726981e-01
4.900000000000000000e+01	7.209510999999999559e-01	3.425778185536704212e-02	3.113822825020884366e-01
5.000000000000000000e+01	7.310430999999999457e-01	3.486336400031560256e-02	3.087260513110529070e-01
5.100000000000000000e+01	7.404249999999999998e-01	3.546371272336985153e-02	3.060233257394248119e-01
5.200000000000000000e+01	7.491435999999999096e-01	3.605873761155072021e-02	3.032745128197524287e-01
5.300000000000000000e+01	7.578630999999999007e-01	3.664834905365274564e-02	3.004800265253739777e-01
5.400000000000000000e+01	7.671623999999999111e-01	3.723245825373962259e-02	2.976402877080729925e-01
5.500000000000000000e+01	7.762183999999999751e-01	3.781097724451689540e-02	2.947557240346979079e-01
5.600000000000000000e+01	7.851750999999999037e-01	3.838381890057996487e-02	2.918267699227546363e-01
5.700000000000000000e+01	7.936662999999999357e-01	3.895089695153516884e-02	2.888538664749835116e-01
5.800000000000000000e+01	8.025565000000000060e-01	3.951212599499222267e-02	2.858374614129285951e-01
5.900000000000000000e+01	8.117378999999999012e-01	4.006742150942586150e-02	2.827780090095103338e-01
6.000000000000000000e+01	8.209310999999999137e-01	4.061669986690485262e-02	2.796759700206120081e-01
6.100000000000000000e+01	8.293933000000000000e-01	4.115987834568641396e-02	2.765318116156893491e-01
6.200000000000000000e+01	8.374733999999999234e-01	4.169687514267420014e-02	2.733460073074144292e-01
6.300000000000000000e+01	8.445748999999999063e-01	4.222760938573788536e-02	2.701190368803645936e-01
6.400000000000000000e+01	8.511929999999999774e-01	4.275200114589257361e-02	2.668513863187661483e-01
6.500000000000000000e+01	8.580920999999999133e-01	4.326997144933617673e-02	2.635435477333049059e-01
6.600000000000000000e+01	8.652467999999999826e-01	4.378144228934292836e-02	2.601960192870139688e-01
6.700000000000000000e+01	8.724348999999999021e-01	4.428633663801124359e-02	2.568093051202501864e-01
6.800000000000000000e+01	8.801316999999999613e-01	4.478457845786417563e-02	2.533839152747696666e-01
6.900000000000000000e+01	8.878455999999999015e-01	4.527609271330074181e-02	2.499203656169158017e-01
7.000000000000000000e+01	8.956514999999999338e-01	4.576080538189634256e-02	2.464191777599288591e-01
7.100000000000000000e+01	9.032126999999999795e-01	4.623864346555055932e-02	2.428808789853908467e-01
7.200000000000000000e+01	9.104708999999999719e-01	4.670953500148077031e-02	2.393060021638165058e-01
7.300000000000000000e+01	9.170057999999999820e-01	4.717340907305976605e-02	2.356950856744025879e-01
7.400000000000000000e+01	9.230019999999999891e-01	4.763019582049586587e-02	2.320486733239474353e-01
7.500000000000000000e+01	9.283917999999999893e-01	4.807982645135384925e-02	2.283673142649534638e-01
7.600000000000000000e+01	9.338402999999999565e-01	4.852223325091515466e-02	2.246515629129241798e-01
7.700000000000000000e+01	9.395789999999999420e-01	4.895734959237577066e-02	2.209019788628688030e-01
7.800000000000000000e+01	9.456494999999999207e-01	4.938510994688027206e-02	2.171191268050270129e-01
7.900000000000000000e+01	9.519444999999999713e-01	4.980544989339051598e-02	2.133035764398259482e-01
8.000000000000000000e+01	9.584884999999999655e-01	5.021830612838753399e-02	2.094559023920829488e-01
8.100000000000000000e+01	9.649054999999999715e-01	5.062361647540501719e-02	2.055766841244666687e-01
8.200000000000000000e+01	9.709064999999998946e-01	5.102131989439323556e-02	2.016665058502294383e-01
8.300000000000000000e+01	9.766434999999999977e-01	5.141135649091162219e-02	1.977259564452245044e-01
8.400000000000000000e+01	9.818385000000000584e-01	5.179366752514900918e-02	1.937556293592206935e-01
8.500000000000000000e+01	9.861385000000000289e-01	5.216819542076979455e-02	1.897561225265284868e-01
8.600000000000000000e+01	9.898575000000000568e-01	5.253488377358508932e-02	1.857280382759505799e-01
8.700000000000000000e+01	9.931514999999999649e-01	5.289367736004712411e-02	1.816719832400708612e-01
8.800000000000000000e+01	9.964524999999999633e-01	5.324452214556606167e-02	1.775885682638949081e-01
8.900000000000000000e+01	1.000017500000000004e+00	5.358736529264754994e-02	1.734784083128563525e-01
9.000000000000000000e+01	1.004351499999999842e+00	5.392215516885015547e-02	1.693421223802026032e-01
9.100000000000000000e+01	1.009350500000000039e+00	5.424884135456123357e-02	1.651803333937739704e-01
9.200000000000000000e+01	1.014475499999999863e+00	5.456737465059013220e-02	1.609936681221902643e-01
9.300000000000000000e+01	1.019134500000000054e+00	5.487770708557768162e-02	1.567827570804589954e-01
9.400000000000000000e+01	1.023069499999999854e+00	5.517979192322067933e-02	1.525482344350191366e-01
9.500000000000000000e+01	1.026206500000000021e+00	5.547358366931039869e-02	1.482907379082356314e-01
9.600000000000000000e+01	1.028891499999999848e+00	5.575903807858408751e-02	1.440109086823573303e-01
9.700000000000000000e+01	1.031482499999999858e+00	5.603611216138835310e-02	1.397093913029548440e-01
9.800000000000000000e+01	1.034316499999999861e+00	5.630476419015336548e-02	1.353868335818513291e-01
9.900000000000000000e+01	1.037214499999999928e+00	5.656495370567712899e-02	1.310438864995616126e-01
1.000000000000000000e+02	1.040188499999999960e+00	5.681664152321865002e-02	1.266812041072539752e-01
1.010000000000000000e+02	1.043570499999999956e+00	5.705978973839916785e-02	1.222994434282495130e-01
1.020000000000000000e+02	1.046970500000000026e+00	5.729436173291061613e-02	1.178992643590740380e-01
1.030000000000000000e+02	1.049960499999999852e+00	5.752032218003034353e-02	1.134813295700770330e-01
1.040000000000000000e+02	1.053136499999999920e+00	5.773763704994135798e-02	1.090463044056329406e-01
1.050000000000000000e+02	1.056221499999999924e+00	5.794627361485724104e-02	1.045948567839401072e-01
1.060000000000000000e+02	1.058384500000000061e+00	5.814620045395096221e-02	1.001276570964314133e-01
1.070000000000000000e+02	1.059774499999999842e+00	5.833738745808691312e-02	9.564537810681290886e-02
1.080000000000000000e+02	1.060867499999999852e+00	5.851980583435533595e-02	9.114869484974524871e-02
1.090000000000000000e+02	1.061561500000000047e+00	5.869342811040857005e-02	8.663828452918273526e-02
1.100000000000000000e+02	1.062048499999999951e+00	5.885822813859840213e-02	8.211482641638605251e-02
1.110000000000000000e+02	1.062994499999999842e+00	5.901418109991395100e-02	7.757900174762338841e-02
1.120000000000000000e+02	1.064605499999999871e+00	5.916126350771937215e-02	7.303149362157577984e-02
1.130000000000000000e+02	1.066371500000000028e+00	5.929945321129102137e-02	6.847298689646191816e-02
1.140000000000000000e+02	1.068040499999999948e+00	5.942872939915332803e-02	6.390416808689784733e-02
1.150000000000000000e+02	1.069085499999999911e+00	5.954907260221305176e-02	5.932572526050772926e-02
1.160000000000000000e+02	1.069644499999999887e+00	5.966046469669133295e-02	5.473834793429980389e-02
1.170000000000000000e+02	1.069715500000000041e+00	5.976288890685312744e-02	5.014272697082494679e-02
1.180000000000000000e+02	1.069166499999999909e+00	5.985632980753366472e-02	4.553955447413211149e-02
1.190000000000000000e+02	1.067835499999999938e+00	5.994077332646149947e-02	4.092952368553697678e-02
1.200000000000000000e+02	1.066415499999999961e+00	6.001620674637778152e-02	3.631332887921925878e-02
1.210000000000000000e+02	1.065607500000000041e+00	6.008261870695148776e-02	3.169166525766446696e-02
1.220000000000000000e+02	1.064832499999999849e+00	6.013999920649032438e-02	2.706522884696588652e-02
1.230000000000000000e+02	1.064304499999999987e+00	6.018833960344697337e-02	2.243471639200252457e-02
1.240000000000000000e+02	1.064273499999999872e+00	6.022763261772048904e-02	1.780082525150870551e-02
1.250000000000000000e+02	1.064289499999999888e+00	6.025787233175272650e-02	1.316425329305162886e-02
1.260000000000000000e+02	1.063895499999999883e+00	6.027905419141950383e-02	8.525698787931504721e-03
1.270000000000000000e+02	1.062942499999999901e+00	6.029117500671649782e-02	3.885860306021666436e-03
1.280000000000000000e+02	1.061004499999999906e+00	6.029423295223958895e-02	-7.545633894366577049e-04
1.290000000000000000e+02	1.058296499999999973e+00	6.028822756745983585e-02	-5.394873447068629195e-03
1.300000000000000000e+02	1.055428499999999881e+00	6.027315975679281568e-02	-1.003437103261335152e-02
1.310000000000000000e+02	1.052870500000000042e+00	6.024903178946237892e-02	-1.467235743416885063e-02
1.320000000000000000e+02	1.050496499999999944e+00	6.021584729915895051e-02	-1.930813416741862867e-02
1.330000000000000000e+02	1.048599499999999907e+00	6.017361128349228011e-02	-2.394100308082400264e-02
1.340000000000000000e+02	1.046520499999999965e+00	6.012233010323878024e-02	-2.857026646076595011e-02
1.350000000000000000e+02	1.044511500000000037e+00	6.006201148138361201e-02	-3.319522713662181879e-02
1.360000000000000000e+02	1.042136500000000021e+00	5.999266450195758771e-02	-3.781518858575939890e-02
1.370000000000000000e+02	1.039506499999999889e+00	5.991429960866909155e-02	-4.242945503843387201e-02
1.380000000000000000e+02	1.036345499999999920e+00	5.982692860333128915e-02	-4.703733158257127067e-02
1.390000000000000000e+02	1.032872499999999860e+00	5.973056464408472988e-02	-5.163812426842274983e-02
1.400000000000000000e+02	1.028969499999999870e+00	5.962522224341573057e-02	-5.623114021307399485e-02
1.410000000000000000e+02	1.024385499999999949e+00	5.951091726597079745e-02	-6.081568770479384850e-02
1.420000000000000000e+02	1.019282499999999869e+00	5.938766692616737758e-02	-6.539107630720671083e-02
1.430000000000000000e+02	1.014227500000000060e+00	5.925548978560136321e-02	-6.995661696327282186e-02
1.440000000000000000e+02	1.009591499999999975e+00	5.911440575025170285e-02	-7.451162209906045386e-02
1.450000000000000000e+02	1.005596500000000004e+00	5.896443606748255628e-02	-7.905540572729559401e-02
1.460000000000000000e+02	1.001924499999999885e+00	5.880560332284340969e-02	-8.358728355067178428e-02
1.470000000000000000e+02	9.983964999999999090e-01	5.863793143666765767e-02	-8.810657306490594920e-02
1.480000000000000000e+02	9.944975000000000342e-01	5.846144566047022095e-02	-9.261259366152403694e-02
1.490000000000000000e+02	9.896104999999999485e-01	5.827617257314464394e-02	-9.710466673036118046e-02
1.500000000000000000e+02	9.834315000000000140e-01	5.808214007696025499e-02	-1.015821157617609188e-01
1.510000000000000000e+02	9.770995000000000097e-01	5.787937739336009718e-02	-1.060442664484581160e-01
1.520000000000000000e+02	9.709174999999998779e-01	5.766791505856015687e-02	-1.104904467871300061e-01
1.530000000000000000e+02	9.652555000000000440e-01	5.744778491895056322e-02	-1.149199871796006550e-01
1.540000000000000000e+02	9.593374999999999542e-01	5.721902012629952877e-02	-1.193322205336825870e-01
1.550000000000000000e+02	9.538423999999999792e-01	5.698165513276062105e-02	-1.237264823636418098e-01
1.560000000000000000e+02	9.484408999999999201e-01	5.673572568568430174e-02	-1.281021108902696271e-01
1.570000000000000000e+02	9.428238999999999370e-01	5.648126882223430956e-02	-1.324584471405470809e-01
1.580000000000000000e+02	9.373032999999999504e-01	5.621832286380982341e-02	-1.367948350468869700e-01
1.590000000000000000e+02	9.317236999999999325e-01	5.594692741027427335e-02	-1.411106215459379254e-01
1.600000000000000000e+02	9.257012000000000018e-01	5.566712333399153473e-02	-1.454051566769363757e-01
1.610000000000000000e+02	9.188086999999999227e-01	5.537895277367053948e-02	-1.496777936795911090e-01
1.620000000000000000e+02	9.109536999999999773e-01	5.508245912801912336e-02	-1.539278890914859421e-01
1.630000000000000000e+02	9.029998999999999665e-01	5.477768704920819853e-02	-1.581548028449854260e-01
1.640000000000000000e+02	8.948484999999999356e-01	5.446468243614707022e-02	-1.623578983636297657e-01
1.650000000000000000e+02	8.870877999999999819e-01	5.414349242757098696e-02	-1.665365426580038555e-01
1.660000000000000000e+02	8.799784999999999968e-01	5.381416539494211781e-02	-1.706901064210652463e-01
1.670000000000000000e+02	8.729882999999999393e-01	5.347675093516465750e-02	-1.748179641229193892e-01
1.680000000000000000e+02	8.658222999999999336e-01	5.313129986311555114e-02	-1.789194941050238352e-01
1.690000000000000000e+02	8.584652999999999867e-01	5.277786420399176864e-02	-1.829940786738110392e-01
1.700000000000000000e+02	8.505994000000000055e-01	5.241649718547516934e-02	-1.870411041937137253e-01
1.710000000000000000e+02	8.423254000000000019e-01	5.204725322971648360e-02	-1.910599611795781028e-01
1.720000000000000000e+02	8.335926999999999643e-01	5.167018794513920932e-02	-1.950500443884537471e-01
1.730000000000000000e+02	8.245394999999999808e-01	5.128535811806500533e-02	-1.990107529107426609e-01
1.740000000000000000e+02	8.151550999999999103e-01	5.089282170416156020e-02	-2.029414902606977156e-01
1.750000000000000000e+02	8.055890999999999469e-01	5.049263781971451842e-02	-2.068416644662528503e-01
1.760000000000000000e+02	7.963729999999999976e-01	5.008486673272438683e-02	-2.107106881581755076e-01
1.770000000000000000e+02	7.878735000000000044e-01	4.966956985383028794e-02	-2.145479786585240967e-01
1.780000000000000000e+02	7.793491999999999642e-01	4.924680972706132337e-02	-2.183529580684003546e-01
1.790000000000000000e+02	7.710227999999998971e-01	4.881665002041750412e-02	-2.221250533549808392e-01
1.800000000000000000e+02	7.623597999999999208e-01	4.837915551628124006e-02	-2.258636964378162582e-01
1.810000000000000000e+02	7.533881999999999524e-01	4.793439210166107467e-02	-2.295683242743853658e-01
1.820000000000000000e+02	7.441424999999999290e-01	4.748242675826908066e-02	-2.332383789448886080e-01
1.830000000000000000e+02	7.344503999999999477e-01	4.702332755243329027e-02	-2.368733077362722705e-01
1.840000000000000000e+02	7.241038999999999115e-01	4.655716362484697141e-02	-2.404725632254665901e-01
1.850000000000000000e+02	7.138980999999999799e-01	4.608400518015583897e-02	-2.440356033618290010e-01
1.860000000000000000e+02	7.036847999999999992e-01	4.560392347638534544e-02	-2.475618915487764471e-01
1.870000000000000000e+02	6.933979999999999588e-01	4.511699081420898760e-02	-2.510508967245981826e-01
1.880000000000000000e+02	6.839674999999999505e-01	4.462328052605993994e-02	-2.545020934424331305e-01
1.890000000000000000e+02	6.744500999999999413e-01	4.412286696508703476e-02	-2.579149619494031653e-01
1.900000000000000000e+02	6.644845999999999808e-01	4.361582549395711522e-02	-2.612889882648884998e-01
1.910000000000000000e+02	6.543894999999999573e-01	4.310223247350544046e-02	-2.646236642579326559e-01
1.920000000000000000e+02	6.436885999999999441e-01	4.258216525123555141e-02	-2.679184877237686391e-01
1.930000000000000000e+02	6.323591999999998992e-01	4.205570214967086634e-02	-2.711729624594500510e-01
1.940000000000000000e+02	6.209737999999999092e-01	4.152292245455903308e-02	-2.743865983385807561e-01
1.950000000000000000e+02	6.096127999999999547e-01	4.098390640293163995e-02	-2.775589113851273382e-01
1.960000000000000000e+02	5.975660999999999889e-01	4.043873517102026388e-02	-2.806894238463072400e-01
1.970000000000000000e+02	5.856502999999999570e-01	3.988749086203143696e-02	-2.837776642645377656e-01
1.980000000000000000e+02	5.742206999999999173e-01	3.933025649378175947e-02	-2.868231675484383958e-01
1.990000000000000000e+02	5.633186999999999500e-01	3.876711598619529686e-02	-2.898254750428742588e-01
2.000000000000000000e+02	5.523720999999999215e-01	3.819815414866532116e-02	-2.927841345980292109e-01
2.010000000000000000e+02	5.415681999999999441e-01	3.762345666728179189e-02	-2.956987006375004778e-01
2.020000000000000000e+02	5.302359999999999296e-01	3.704311009192712278e-02	-2.985687342254024768e-01
2.030000000000000000e+02	5.190610999999999420e-01	3.645720182324152514e-02	-3.013938031324713274e-01
2.040000000000000000e+02	5.070640999999999066e-01	3.586582009946059912e-02	-3.041734819011583379e-01
2.050000000000000000e+02	4.946465999999999363e-01	3.526905398312639439e-02	-3.069073519097048064e-01
2.060000000000000000e+02	4.817624999999999824e-01	3.466699334767470858e-02	-3.095950014351862012e-01
2.070000000000000000e+02	4.686346999999999596e-01	3.405972886389989351e-02	-3.122360257155186725e-01
2.080000000000000000e+02	4.559992999999999408e-01	3.344735198629993772e-02	-3.148300270104157916e-01
2.090000000000000000e+02	4.440390999999999644e-01	3.282995493930325470e-02	-3.173766146612888583e-01
2.100000000000000000e+02	4.325805999999999263e-01	3.220763070337956391e-02	-3.198754051500807272e-01
2.110000000000000000e+02	4.215494999999999659e-01	3.158047300103711263e-02	-3.223260221570232731e-01
2.120000000000000000e+02	4.104616999999999294e-01	3.094857628270782438e-02	-3.247280966173119454e-01
2.130000000000000000e+02	3.987961999999999341e-01	3.031203571252314918e-02	-3.270812667766868631e-01
2.140000000000000000e+02	3.865806999999999438e-01	2.967094715398211485e-02	-3.293851782459136235e-01
2.150000000000000000e+02	3.738963999999999621e-01	2.902540715551437875e-02	-3.316394840541542766e-01
2.160000000000000000e+02	3.609859999999999736e-01	2.837551293593978605e-02	-3.338438447012217480e-01
2.170000000000000000e+02	3.481444999999999679e-01	2.772136236982728277e-02	-3.359979282087083297e-01
2.180000000000000000e+02	3.351706999999999326e-01	2.706305397275488370e-02	-3.381014101699822971e-01
2.190000000000000000e+02	3.223100999999999328e-01	2.640068688647307510e-02	-3.401539737990438295e-01
2.200000000000000000e+02	3.099026999999999754e-01	2.573436086397414349e-02	-3.421553099782327356e-01
2.210000000000000000e+02	2.975843999999999712e-01	2.506417625446911990e-02	-3.441051173047825484e-01
2.220000000000000000e+02	2.856250999999999651e-01	2.439023398827530262e-02	-3.460031021362112713e-01
2.230000000000000000e+02	2.734215999999999314e-01	2.371263556161587807e-02	-3.478489786345447810e-01
2.240000000000000000e+02	2.610049999999999315e-01	2.303148302133469980e-02	-3.496424688093636157e-01
2.250000000000000000e+02	2.478430999999999274e-01	2.234687894952777643e-02	-3.513833025596692639e-01
2.260000000000000000e+02	2.342895999999999312e-01	2.165892644809450790e-02	-3.530712177145609032e-01
2.270000000000000000e+02	2.202626999999999780e-01	2.096772912321026930e-02	-3.547059600727191508e-01
2.280000000000000000e+02	2.068734999999999602e-01	2.027339106972341626e-02	-3.562872834406884404e-01
2.290000000000000000e+02	1.932700999999999447e-01	1.957601685547845707e-02	-3.578149496699542520e-01
2.300000000000000000e+02	1.803345999999999560e-01	1.887571150556795543e-02	-3.592887286928084789e-01
2.310000000000000000e+02	1.672904999999999531e-01	1.817258048651586300e-02	-3.607083985569974893e-01
2.320000000000000000e+02	1.542026999999999426e-01	1.746672969039397491e-02	-3.620737454591487769e-01
2.330000000000000000e+02	1.416276999999999398e-01	1.675826541887470711e-02	-3.633845637769695380e-01
2.340000000000000000e+02	1.293447999999999543e-01	1.604729436722177049e-02	-3.646406561002137892e-01
2.350000000000000000e+02	1.167571999999999499e-01	1.533392360822200332e-02	-3.658418332604121970e-01
2.360000000000000000e+02	1.040248999999999480e-01	1.461826057605990214e-02	-3.669879143593614002e-01
2.370000000000000000e+02	9.153979999999994899e-02	1.390041305013814572e-02	-3.680787267963669396e-01
2.380000000000000000e+02	7.870929999999995430e-02	1.318048913884585158e-02	-3.691141062942376316e-01
2.390000000000000000e+02	6.559279999999995114e-02	1.245859726327728720e-02	-3.700938969240253340e-01
2.400000000000000000e+02	5.252985999999995603e-02	1.173484614090376799e-02	-3.710179511285081055e-01
2.410000000000000000e+02	3.940063999999994515e-02	1.100934476920048880e-02	-3.718861297444127634e-01
2.420000000000000000e+02	2.645411999999995600e-02	1.028220240923165274e-02	-3.726983020233724520e-01
2.430000000000000000e+02	1.346161999999995196e-02	9.553528569195446352e-03	-3.734543456516177806e-01
2.440000000000000000e+02	4.106199999999518568e-04	8.823432987932242066e-03	-3.741541467683972000e-01
2.450000000000000000e+02	-1.263321000000004746e-02	8.092025618397623993e-03	-3.747975999831248406e-01
2.460000000000000000e+02	-2.570539000000005014e-02	7.359416611103605788e-03	-3.753846083912520393e-01
2.470000000000000000e+02	-3.839300700000004840e-02	6.625716297529663477e-03	-3.759150835888613318e-01
2.480000000000000000e+02	-5.101164000000005250e-02	5.891035173506919097e-03	-3.763889456859803029e-01
2.490000000000000000e+02	-6.399034000000004829e-02	5.155483882577300940e-03	-3.768061233186129622e-01
2.500000000000000000e+02	-7.746435000000004290e-02	4.419173199330462057e-03	-3.771665536594872026e-01
2.510000000000000000e+02	-8.380651000000005624e-02	3.682214012721231246e-03	-3.774701824275166762e-01
2.520000000000000000e+02	-9.658566000000004537e-02	2.944717309369431022e-03	-3.777169638959755882e-01
2.530000000000000000e+02	-1.097202700000000503e-01	2.206794156845428342e-03	-3.779068608993851330e-01
2.540000000000000000e+02	-1.229649500000000450e-01	1.468555686943055468e-03	-3.780398448391106836e-01
2.550000000000000000e+02	-1.423633000000000537e-01	7.301130789432914731e-04	-3.781158956876686239e-01
2.560000000000000000e+02	-1.488393000000000632e-01	-8.422457129637293252e-06	-3.781350019917428251e-01
2.570000000000000000e+02	-1.621449000000000362e-01	-7.469396972563853996e-04	-3.780971608739091550e-01
2.580000000000000000e+02	-1.750089000000000505e-01	-1.485327420172990413e-03	-3.780023780330690197e-01
2.590000000000000000e+02	-1.877539000000000569e-01	-2.223474424120961898e-03	-3.778506677435911620e-01
2.600000000000000000e+02	-2.077857000000000454e-01	-2.961269543594164787e-03	-3.776420528531616583e-01
2.610000000000000000e+02	-2.144486000000000447e-01	-3.698601666080641309e-03	-3.773765647793434486e-01
2.620000000000000000e+02	-2.275694000000000605e-01	-4.435359748796031086e-03	-3.770542435048444552e-01
2.630000000000000000e+02	-2.403385000000000382e-01	-5.171432835406909560e-03	-3.766751375714962879e-01
2.640000000000000000e+02	-2.523957000000000561e-01	-5.906710072740686650e-03	-3.762393040729438698e-01
2.650000000000000000e+02	-2.644533000000000578e-01	-6.641080727480389891e-03	-3.757468086460470924e-01
2.660000000000000000e+02	-2.766906000000000088e-01	-7.374434202841003566e-03	-3.751977254609956680e-01
2.670000000000000000e+02	-2.889912000000000591e-01	-8.106660055225508102e-03	-3.745921372101393421e-01
2.680000000000000000e+02	-3.017906000000000755e-01	-8.837648010857851108e-03	-3.739301350955339664e-01
2.690000000000000000e+02	-3.148841000000000556e-01	-9.567287982390074511e-03	-3.732118188152069860e-01
2.700000000000000000e+02	-3.275595000000000590e-01	-1.029547008548177024e-02	-3.724372965481420605e-01
2.710000000000000000e+02	-3.455897000000000552e-01	-1.102208465534852862e-02	-3.716066849379879300e-01
2.720000000000000000e+02	-3.567000000000000726e-01	-1.174702226327775482e-02	-3.707201090754914108e-01
2.730000000000000000e+02	-3.623262000000000427e-01	-1.247017373310850899e-02	-3.697777024796587986e-01
2.740000000000000000e+02	-3.734446000000000709e-01	-1.319143015767372355e-02	-3.687796070776476753e-01
2.750000000000000000e+02	-3.849473000000000478e-01	-1.391068291520149679e-02	-3.677259731833926737e-01
2.760000000000000000e+02	-3.966084000000000276e-01	-1.462782368567383355e-02	-3.666169594749679184e-01
2.770000000000000000e+02	-4.088188000000000377e-01	-1.534274446713952862e-02	-3.654527329706902528e-01
2.780000000000000000e+02	-4.215044000000000568e-01	-1.605533759197943361e-02	-3.642334690039660816e-01
2.790000000000000000e+02	-4.336132000000000319e-01	-1.676549574312134055e-02	-3.629593511968856601e-01
2.800000000000000000e+02	-4.458755000000000357e-01	-1.747311197020186974e-02	-3.616305714325701026e-01
2.810000000000000000e+02	-4.643279000000000711e-01	-1.817807970567344306e-02	-3.602473298262729440e-01
2.820000000000000000e+02	-4.705346000000000251e-01	-1.888029278085326737e-02	-3.588098346952433015e-01
2.830000000000000000e+02	-4.823922000000000487e-01	-1.957964544191258607e-02	-3.573183025273525826e-01
2.840000000000000000e+02	-4.936745000000000716e-01	-2.027603236580313370e-02	-3.557729579484916194e-01
2.850000000000000000e+02	-5.044210000000000083e-01	-2.096934867611902065e-02	-3.541740336887415630e-01
2.860000000000000000e+02	-5.149740000000000428e-01	-2.165948995889105388e-02	-3.525217705473246976e-01
2.870000000000000000e+02	-5.255719000000000918e-01	-2.234635227831163751e-02	-3.508164173563401156e-01
2.880000000000000000e+02	-5.368127000000000315e-01	-2.302983219238763368e-02	-3.490582309432888608e-01
2.890000000000000000e+02	-5.483003000000000737e-01	-2.370982676851865825e-02	-3.472474760923960346e-01
2.900000000000000000e+02	-5.601132000000000888e-01	-2.438623359899901033e-02	-3.453844255047336942e-01
2.910000000000000000e+02	-5.712476000000000775e-01	-2.505895081644011688e-02	-3.434693597571523149e-01
2.920000000000000000e+02	-5.822505000000000042e-01	-2.572787710911208711e-02	-3.415025672600250362e-01
2.930000000000000000e+02	-5.927917000000000325e-01	-2.639291173620110509e-02	-3.394843442138136824e-01
2.940000000000000000e+02	-6.033104000000000244e-01	-2.705395454298127611e-02	-3.374149945644599469e-01
2.950000000000000000e+02	-6.136183000000000609e-01	-2.771090597589782531e-02	-3.352948299576114510e-01
2.960000000000000000e+02	-6.234920999999999935e-01	-2.836366709756011489e-02	-3.331241696916873440e-01
2.970000000000000000e+02	-6.329854000000000314e-01	-2.901213960164153102e-02	-3.309033406697918789e-01
2.980000000000000000e+02	-6.427331000000000572e-01	-2.965622582768456805e-02	-3.286326773504826826e-01
2.990000000000000000e+02	-6.575579000000000285e-01	-3.029582877580863295e-02	-3.263125216974004372e-01
3.000000000000000000e+02	-6.626996000000000553e-01	-3.093085212131813089e-02	-3.239432231277698526e-01
3.010000000000000000e+02	-6.731451999999999991e-01	-3.156120022920923945e-02	-3.215251384597762052e-01
3.020000000000000000e+02	-6.834715000000000096e-01	-3.218677816857243995e-02	-3.190586318588291004e-01
3.030000000000000000e+02	-6.937777000000000527e-01	-3.280749172688931375e-02	-3.165440747827178991e-01
3.040000000000000000e+02	-7.039128000000000052e-01	-3.342324742422090461e-02	-3.139818459256711325e-01
3.050000000000000000e+02	-7.134141999999999983e-01	-3.403395252728601966e-02	-3.113723311613235123e-01
3.060000000000000000e+02	-7.221952000000000371e-01	-3.463951506342675957e-02	-3.087159234846041933e-01
3.070000000000000000e+02	-7.310742000000000074e-01	-3.523984383445977198e-02	-3.060130229525508949e-01
3.080000000000000000e+02	-7.395687000000000788e-01	-3.583484843041081364e-02	-3.032640366240607621e-01
3.090000000000000000e+02	-7.484403000000000583e-01	-3.642443924313041453e-02	-3.004693784985877358e-01
3.100000000000000000e+02	-7.577780000000000626e-01	-3.700852747978909674e-02	-2.976294694537932051e-01
3.110000000000000000e+02	-7.725947000000000786e-01	-3.758702517624949030e-02	-2.947447371821619866e-01
3.120000000000000000e+02	-7.773771000000000431e-01	-3.815984521031396542e-02	-2.918156161265910153e-01
3.130000000000000000e+02	-7.917749000000000592e-01	-3.872690131484510939e-02	-2.888425474149625694e-01
3.140000000000000000e+02	-7.963438999999999934e-01	-3.928810809075782007e-02	-2.858259787937093011e-01
3.150000000000000000e+02	-8.051772000000000373e-01	-3.984338101988031677e-02	-2.827663645603840648e-01
3.160000000000000000e+02	-8.136933000000000638e-01	-4.039263647768275706e-02	-2.796641654952416456e-01
3.170000000000000000e+02	-8.258739999999999970e-01	-4.093579174587106545e-02	-2.765198487918454906e-01
3.180000000000000000e+02	-8.335194000000000214e-01	-4.147276502484439215e-02	-2.733338879867077131e-01
3.190000000000000000e+02	-8.409682000000000546e-01	-4.200347544601429339e-02	-2.701067628879738614e-01
3.200000000000000000e+02	-8.486680000000000890e-01	-4.252784308398342705e-02	-2.668389595031642192e-01
3.210000000000000000e+02	-8.566788000000000736e-01	-4.304578896858256287e-02	-2.635309699659795779e-01
3.220000000000000000e+02	-8.605271000000001003e-01	-4.355723509676339561e-02	-2.601832924621869658e-01
3.230000000000000000e+02	-8.723891000000000284e-01	-4.406210444434598139e-02	-2.567964311545907763e-01
3.240000000000000000e+02	-8.803172000000000219e-01	-4.456032097761854216e-02	-2.533708961071072796e-01
3.250000000000000000e+02	-8.840549000000000879e-01	-4.505180966478830595e-02	-2.499072032079468209e-01
3.260000000000000000e+02	-8.946521000000000612e-01	-4.553649648728125970e-02	-2.464058740919221335e-01
3.270000000000000000e+02	-9.007450000000000179e-01	-4.601430845088938515e-02	-2.428674360618892636e-01
3.280000000000000000e+02	-9.065131000000000716e-01	-4.648517359676378885e-02	-2.392924220093346488e-01
3.290000000000000000e+02	-9.123868000000000533e-01	-4.694902101225165852e-02	-2.356813703341218980e-01
3.300000000000000000e+02	-9.183341000000000420e-01	-4.740578084157567873e-02	-2.320348248634089561e-01
3.310000000000000000e+02	-9.244838000000000777e-01	-4.785538429635455976e-02	-2.283533347697460081e-01
3.320000000000000000e+02	-9.310816000000000647e-01	-4.829776366596245929e-02	-2.246374544883704694e-01
3.330000000000000000e+02	-9.382861000000000118e-01	-4.873285232772638781e-02	-2.208877436337081668e-01
3.340000000000000000e+02	-9.416761000000000159e-01	-4.916058475695941898e-02	-2.171047669150961423e-01
3.350000000000000000e+02	-9.515338000000000962e-01	-4.958089653682903192e-02	-2.132890940517353229e-01
3.360000000000000000e+02	-9.574485000000000356e-01	-4.999372436805817749e-02	-2.094412996868910415e-01
3.370000000000000000e+02	-9.628574000000000854e-01	-5.039900607845815284e-02	-2.055619633013524017e-01
3.380000000000000000e+02	-9.679504000000000996e-01	-5.079668063229191705e-02	-2.016516691261601157e-01
3.390000000000000000e+02	-9.728978000000000348e-01	-5.118668813946605084e-02	-1.977110060546221348e-01
3.400000000000000000e+02	-9.778807999999999945e-01	-5.156896986455026394e-02	-1.937405675536253702e-01
3.410000000000000000e+02	-9.830692000000000874e-01	-5.194346823562290272e-02	-1.897409515742599362e-01
3.420000000000000000e+02	-9.882697000000000287e-01	-5.231012685294151449e-02	-1.857127604617658800e-01
3.430000000000000000e+02	-9.939739000000000768e-01	-5.266889049743652546e-02	-1.816566008648205777e-01
3.440000000000000000e+02	-9.995525000000000659e-01	-5.301970513902738713e-02	-1.775730836441762606e-01
3.450000000000000000e+02	-1.004918599999999884e+00	-5.336251794475941473e-02	-1.734628237806652706e-01
3.460000000000000000e+02	-1.010200200000000104e+00	-5.369727728676062378e-02	-1.693264402825816195e-01
3.470000000000000000e+02	-1.014642600000000172e+00	-5.402393275001687173e-02	-1.651645560924587253e-01
3.480000000000000000e+02	-1.018231000000000108e+00	-5.434243513996427771e-02	-1.609777979932547898e-01
3.490000000000000000e+02	-1.021198700000000015e+00	-5.465273648989819183e-02	-1.567667965139568631e-01
3.500000000000000000e+02	-1.023522299999999996e+00	-5.495479006819681267e-02	-1.525321858346240511e-01
3.510000000000000000e+02	-1.026448800000000050e+00	-5.524855038535914781e-02	-1.482746036908787202e-01
3.520000000000000000e+02	-1.029948800000000109e+00	-5.553397320085561029e-02	-1.439946912778644617e-01
3.530000000000000000e+02	-1.033687100000000081e+00	-5.581101552979086944e-02	-1.396930931536795595e-01
3.540000000000000000e+02	-1.037444300000000208e+00	-5.607963564937726991e-02	-1.353704571423074987e-01
3.550000000000000000e+02	-1.041107999999999922e+00	-5.633979310521836786e-02	-1.310274342360532585e-01
3.560000000000000000e+02	-1.044132500000000130e+00	-5.659144871740134225e-02	-1.266646784975049289e-01
3.570000000000000000e+02	-1.047349500000000155e+00	-5.683456458639761510e-02	-1.222828469610293539e-01
3.580000000000000000e+02	-1.050314500000000040e+00	-5.706910409877048729e-02	-1.178825995338231569e-01
3.590000000000000000e+02	-1.052544499999999994e+00	-5.729503193268910971e-02	-1.134645988965311963e-01
3.600000000000000000e+02	-1.054449500000000040e+00	-5.751231406324808920e-02	-1.090295104034445378e-01
3.610000000000000000e+02	-1.055771500000000085e+00	-5.772091776759156329e-02	-1.045780019822987322e-01
3.620000000000000000e+02	-1.056951500000000044e+00	-5.792081162984136222e-02	-1.001107440336827803e-01
3.630000000000000000e+02	-1.058474499999999985e+00	-5.811196554582817586e-02	-9.562840933007762945e-02
3.640000000000000000e+02	-1.060335500000000097e+00	-5.829435072762535752e-02	-9.113167291453411201e-02
3.650000000000000000e+02	-1.062476500000000046e+00	-5.846793970788437961e-02	-8.662121199901194613e-02
3.660000000000000000e+02	-1.064859500000000070e+00	-5.863270634397138581e-02	-8.209770586239209522e-02
3.670000000000000000e+02	-1.067118500000000081e+00	-5.878862582190435421e-02	-7.756183574817486492e-02
3.680000000000000000e+02	-1.068875500000000089e+00	-5.893567466009008715e-02	-7.301428476188540073e-02
3.690000000000000000e+02	-1.069715500000000041e+00	-5.907383071286054915e-02	-6.845573776819682821e-02
3.700000000000000000e+02	-1.069407500000000066e+00	-5.920307317380800460e-02	-6.388688128779043685e-02
3.710000000000000000e+02	-1.068782499999999969e+00	-5.932338257891850430e-02	-5.930840339396317024e-02
3.720000000000000000e+02	-1.068167500000000159e+00	-5.943474080950318650e-02	-5.472099360900449516e-02
3.730000000000000000e+02	-1.067878499999999953e+00	-5.953713109492694833e-02	-5.012534280035327999e-02
3.740000000000000000e+02	-1.067891499999999994e+00	-5.963053801513409913e-02	-4.552214307655385456e-02
3.750000000000000000e+02	-1.067945499999999992e+00	-5.971494750297066945e-02	-4.091208768302199289e-02
3.760000000000000000e+02	-1.067811500000000136e+00	-5.979034684630294555e-02	-3.629587089764258617e-02
3.770000000000000000e+02	-1.067853500000000011e+00	-5.985672468993185474e-02	-3.167418792621187751e-02
3.780000000000000000e+02	-1.067532499999999995e+00	-5.991407103730312517e-02	-2.704773479773693937e-02
3.790000000000000000e+02	-1.067062500000000025e+00	-5.996237725201278984e-02	-2.241720825961447672e-02
3.800000000000000000e+02	-1.066214500000000065e+00	-6.000163605910777825e-02	-1.778330567269949605e-02
3.810000000000000000e+02	-1.064696500000000157e+00	-6.003184154618157464e-02	-1.314672490628354326e-02
3.820000000000000000e+02	-1.062530500000000044e+00	-6.005298916426460992e-02	-8.508164232993059226e-03
3.830000000000000000e+02	-1.059918499999999986e+00	-6.006507572850934562e-02	-3.868322223630311744e-03
3.840000000000000000e+02	-1.057780500000000012e+00	-6.006809941866991798e-02	7.721023580325703760e-04
3.850000000000000000e+02	-1.055869500000000016e+00	-6.006205977937626589e-02	5.412410660486613630e-03
3.860000000000000000e+02	-1.054320499999999994e+00	-6.004695772020271494e-02	1.005190384973559010e-02
3.870000000000000000e+02	-1.053245500000000057e+00	-6.002279551553097586e-02	1.468988321453994911e-02
3.880000000000000000e+02	-1.052277499999999977e+00	-5.998957680420764077e-02	1.932565027164225013e-02
3.890000000000000000e+02	-1.051117500000000149e+00	-5.994730658899617703e-02	2.395850687096131443e-02
3.900000000000000000e+02	-1.049472500000000030e+00	-5.989599123582346057e-02	2.858775530073278878e-02
3.910000000000000000e+02	-1.046583500000000111e+00	-5.983563847282112602e-02	3.321269839258577522e-02
3.920000000000000000e+02	-1.043145500000000059e+00	-5.976625738916167829e-02	3.783263962653555385e-02
3.930000000000000000e+02	-1.039154799999999934e+00	-5.968785843368961536e-02	4.244688323588208939e-02
3.940000000000000000e+02	-1.035315699999999950e+00	-5.960045341334788832e-02	4.705473431199194700e-02
3.950000000000000000e+02	-1.031939299999999893e+00	-5.950405549139975436e-02	5.165549890895113072e-02
3.960000000000000000e+02	-1.028977199999999925e+00	-5.939867918544632086e-02	5.624848414807585850e-02
3.970000000000000000e+02	-1.025823900000000011e+00	-5.928434036524025258e-02	6.083299832225926018e-02
3.980000000000000000e+02	-1.022419600000000095e+00	-5.916105625029575293e-02	6.540835100014370795e-02
3.990000000000000000e+02	-1.018931900000000113e+00	-5.902884540729527729e-02	6.997385313009894803e-02
4.000000000000000000e+02	-1.015340300000000084e+00	-5.888772774729339465e-02	7.452881714399584023e-02
4.010000000000000000e+02	-1.011787299999999945e+00	-5.873772452271814465e-02	7.907255706075323742e-02
4.020000000000000000e+02	-1.007290800000000042e+00	-5.857885832417041722e-02	8.360438858964802655e-02
4.030000000000000000e+02	-1.002008100000000068e+00	-5.841115307702184761e-02	8.812362923336843068e-02
4.040000000000000000e+02	-9.959243000000000956e-01	-5.823463403781151126e-02	9.262959839080069091e-02
4.050000000000000000e+02	-9.899999000000000438e-01	-5.804932779044236907e-02	9.712161745952704872e-02
4.060000000000000000e+02	-9.842790000000000150e-01	-5.785526224217771296e-02	1.015990099380228301e-01
4.070000000000000000e+02	-9.787103000000000330e-01	-5.765246661943824319e-02	1.060611015275400998e-01
4.080000000000000000e+02	-9.735629000000000088e-01	-5.744097146340060300e-02	1.105072202336562504e-01
4.090000000000000000e+02	-9.686124000000000400e-01	-5.722080862539780793e-02	1.149366964674774783e-01
4.100000000000000000e+02	-9.636051000000001032e-01	-5.699201126212250640e-02	1.193488631464781347e-01
4.110000000000000000e+02	-9.584762000000000004e-01	-5.675461383063341164e-02	1.237430557949658061e-01
4.120000000000000000e+02	-9.525203000000000975e-01	-5.650865208316617483e-02	1.281186126441505591e-01
4.130000000000000000e+02	-9.460150000000000503e-01	-5.625416306174896297e-02	1.324748747318084952e-01
4.140000000000000000e+02	-9.390707000000000360e-01	-5.599118509262401150e-02	1.368111860015206460e-01
4.150000000000000000e+02	-9.319281000000000370e-01	-5.571975778047557476e-02	1.411268934014775212e-01
4.160000000000000000e+02	-9.244877000000000233e-01	-5.543992200246543323e-02	1.454213469828282979e-01
4.170000000000000000e+02	-9.171209000000000167e-01	-5.515171990207685948e-02	1.496938999975625240e-01
4.180000000000000000e+02	-9.102843999999999935e-01	-5.485519488276764666e-02	1.539439089959129259e-01
4.190000000000000000e+02	-9.036929000000000212e-01	-5.455039160143358712e-02	1.581707339232581444e-01
4.200000000000000000e+02	-8.973888000000000975e-01	-5.423735596168308137e-02	1.623737382165159060e-01
4.210000000000000000e+02	-8.909156000000000297e-01	-5.391613510692409156e-02	1.665522889000089768e-01
4.220000000000000000e+02	-8.842751000000000916e-01	-5.358677741326419580e-02	1.707057566807933247e-01
4.230000000000000000e+02	-8.770479000000001024e-01	-5.324933248222517984e-02	1.748335160434291435e-01
4.240000000000000000e+02	-8.685637999999999970e-01	-5.290385113327296385e-02	1.789349453441844429e-01
4.250000000000000000e+02	-8.597460000000000102e-01	-5.255038539616426613e-02	1.830094269046537714e-01
4.260000000000000000e+02	-8.507256000000000817e-01	-5.218898850311072535e-02	1.870563471047831383e-01
4.270000000000000000e+02	-8.421047000000000393e-01	-5.181971488076213966e-02	1.910750964752805092e-01
4.280000000000000000e+02	-8.333258000000000054e-01	-5.144262014200989830e-02	1.950650697894014685e-01
4.290000000000000000e+02	-8.249118000000000839e-01	-5.105776107761143823e-02	1.990256661540990013e-01
4.300000000000000000e+02	-8.165411000000000197e-01	-5.066519564763762029e-02	2.029562891005165515e-01
4.310000000000000000e+02	-8.084170999999999996e-01	-5.026498297274387822e-02	2.068563466738179701e-01
4.320000000000000000e+02	-8.000566000000000066e-01	-4.985718332526668795e-02	2.107252515223348166e-01
4.330000000000000000e+02	-7.913265000000000438e-01	-4.944185812014632864e-02	2.145624209860238218e-01
4.340000000000000000e+02	-7.827891000000000155e-01	-4.901906990567785061e-02	2.183672771842150584e-01
4.350000000000000000e+02	-7.735180000000000389e-01	-4.858888235409134643e-02	2.221392471026403803e-01
4.360000000000000000e+02	-7.637869999999999937e-01	-4.815136025196266323e-02	2.258777626797314753e-01
4.370000000000000000e+02	-7.538174000000000818e-01	-4.770656949045662398e-02	2.295822608921692654e-01
4.380000000000000000e+02	-7.438353000000000881e-01	-4.725457705540372227e-02	2.332521838396762470e-01
4.390000000000000000e+02	-7.335126000000000701e-01	-4.679545101721210160e-02	2.368869788290354772e-01
4.400000000000000000e+02	-7.236935000000001006e-01	-4.632926052061594330e-02	2.404860984573284621e-01
4.410000000000000000e+02	-7.145583000000000906e-01	-4.585607577426231013e-02	2.440490006943730750e-01
4.420000000000000000e+02	-7.052643000000000661e-01	-4.537596804013762503e-02	2.475751489643544800e-01
4.430000000000000000e+02	-6.962229000000000889e-01	-4.488900962283570023e-02	2.510640122266328267e-01
4.440000000000000000e+02	-6.863523000000000263e-01	-4.439527385866837844e-02	2.545150650557198024e-01
4.450000000000000000e+02	-6.757642000000000371e-01	-4.389483510462116600e-02	2.579277877204071978e-01
4.460000000000000000e+02	-6.646093000000000695e-01	-4.338776872715508631e-02	2.613016662620385455e-01
4.470000000000000000e+02	-6.534366000000000341e-01	-4.287415109085626619e-02	2.646361925719128427e-01
4.480000000000000000e+02	-6.422617000000000465e-01	-4.235405954693544084e-02	2.679308644678050633e-01
4.490000000000000000e+02	-6.310646000000000866e-01	-4.182757242157879307e-02	2.711851857695958823e-01
4.500000000000000000e+02	-6.202438000000000118e-01	-4.129476900415211815e-02	2.743986663739957366e-01
4.510000000000000000e+02	-6.096083000000001029e-01	-4.075572953525949393e-02	2.775708223283561704e-01
4.520000000000000000e+02	-5.990845000000000198e-01	-4.021053519465921794e-02	2.807011759035526466e-01
4.530000000000000000e+02	-5.885687000000000557e-01	-3.965926808903794121e-02	2.837892556659310506e-01
4.540000000000000000e+02	-5.776747000000000964e-01	-3.910201123964551079e-02	2.868345965483055648e-01
4.550000000000000000e+02	-5.664756000000000791e-01	-3.853884856979167967e-02	2.898367399199990868e-01
4.560000000000000000e+02	-5.545993000000000173e-01	-3.796986489220727928e-02	2.927952336559127011e-01
4.570000000000000000e+02	-5.421990000000000975e-01	-3.739514589627154079e-02	2.957096322046158243e-01
4.580000000000000000e+02	-5.298604000000000092e-01	-3.681477813510687647e-02	2.985794966554473073e-01
4.590000000000000000e+02	-5.173121000000000524e-01	-3.622884901254416756e-02	3.014043948046153387e-01
4.600000000000000000e+02	-5.049921000000000548e-01	-3.563744676995951599e-02	3.041839012202878223e-01
4.610000000000000000e+02	-4.933119000000000254e-01	-3.504066047298524944e-02	3.069175973066619600e-01
4.620000000000000000e+02	-4.819386000000000503e-01	-3.443857999809631781e-02	3.096050713670065457e-01
4.630000000000000000e+02	-4.707225000000000437e-01	-3.383129601907489820e-02	3.122459186656628694e-01
4.640000000000000000e+02	-4.592346000000000483e-01	-3.321889999335503330e-02	3.148397414889976820e-01
4.650000000000000000e+02	-4.476083000000000700e-01	-3.260148414824879520e-02	3.173861492053005606e-01
4.660000000000000000e+02	-4.358299000000000478e-01	-3.197914146705697208e-02	3.198847583236125725e-01
4.670000000000000000e+02	-4.236797000000000479e-01	-3.135196567506558230e-02	3.223351925514803540e-01
4.680000000000000000e+02	-4.111560000000000215e-01	-3.072005122543099501e-02	3.247370828516255581e-01
4.690000000000000000e+02	-3.987824000000000368e-01	-3.008349328495493399e-02	3.270900674975232847e-01
4.700000000000000000e+02	-3.863098000000000365e-01	-2.944238771975244209e-02	3.293937921278775049e-01
4.710000000000000000e+02	-3.732790000000000274e-01	-2.879683108081429466e-02	3.316479097999885939e-01
4.720000000000000000e+02	-3.605421000000000320e-01	-2.814692058946654737e-02	3.338520810420024243e-01
4.730000000000000000e+02	-3.483501000000000514e-01	-2.749275412272862359e-02	3.360059739040361371e-01
4.740000000000000000e+02	-3.367430000000000700e-01	-2.683443019857311221e-02	3.381092640081695966e-01
4.750000000000000000e+02	-3.251510000000000233e-01	-2.617204796108902470e-02	3.401616345972962585e-01
4.760000000000000000e+02	-3.131958000000000242e-01	-2.550570716555034673e-02	3.421627765828283985e-01
4.770000000000000000e+02	-3.004477000000000397e-01	-2.483550816339298237e-02	3.441123885912448777e-01
4.780000000000000000e+02	-2.874691000000000329e-01	-2.416155188710167323e-02	3.460101770094791696e-01
4.790000000000000000e+02	-2.741836000000000828e-01	-2.348393983500968868e-02	3.478558560291366564e-01
4.800000000000000000e+02	-2.609774000000000260e-01	-2.280277405601278604e-02	3.496491476895386974e-01
4.810000000000000000e+02	-2.479858000000000617e-01	-2.211815713420077836e-02	3.513897819195829220e-01
4.820000000000000000e+02	-2.351638000000000617e-01	-2.143019217340818780e-02	3.530774965784168051e-01
4.830000000000000000e+02	-2.222407000000000410e-01	-2.073898278168693696e-02	3.547120374949153665e-01
4.840000000000000000e+02	-2.095282000000000533e-01	-2.004463305570257370e-02	3.562931585059605499e-01
4.850000000000000000e+02	-1.966546000000000405e-01	-1.934724756505742244e-02	3.578206214935130136e-01
4.860000000000000000e+02	-1.840573000000000625e-01	-1.864693133654242441e-02	3.592941964204727778e-01
4.870000000000000000e+02	-1.715638000000000440e-01	-1.794378983831975902e-02	3.607136613653233459e-01
4.880000000000000000e+02	-1.583824000000000343e-01	-1.723792896403944855e-02	3.620788025555532474e-01
4.890000000000000000e+02	-1.451121000000000494e-01	-1.652945501689158381e-02	3.633894143998501747e-01
4.900000000000000000e+02	-1.316186300000000420e-01	-1.581847469359718567e-02	3.646452995190628266e-01
4.910000000000000000e+02	-1.182158800000000509e-01	-1.510509506833930191e-02	3.658462687759272414e-01
4.920000000000000000e+02	-1.046395500000000534e-01	-1.438942357663775332e-02	3.669921413035503455e-01
4.930000000000000000e+02	-9.126432000000005151e-02	-1.367156799916914925e-02	3.680827445326489422e-01
4.940000000000000000e+02	-7.778074000000004262e-02	-1.295163644553525527e-02	3.691179142175384231e-01
4.950000000000000000e+02	-6.488699000000004713e-02	-1.222973733798128453e-02	3.700974944608686479e-01
4.960000000000000000e+02	-5.229217000000004750e-02	-1.150597939506758233e-02	3.710213377371023302e-01
4.970000000000000000e+02	-3.985448400000005109e-02	-1.078047161529668667e-02	3.718893049147318774e-01
4.980000000000000000e+02	-2.716401000000005089e-02	-1.005332326069775274e-02	3.727012652772333512e-01
4.990000000000000000e+02	-1.437579000000004797e-02	-9.324643840371817788e-03	3.734570965427521649e-01
5.000000000000000000e+02	-1.808030000000050708e-03	-8.594543093999540417e-03	3.741566848825189084e-01
5.010000000000000000e+02	1.085697999999995361e-02	-7.863130975314536891e-03	3.747999249379918019e-01
5.020000000000000000e+02	2.384693999999995540e-02	-7.130517635543940670e-03	3.753867198367242808e-01
5.030000000000000000e+02	3.676107999999994602e-02	-6.396813406819698913e-03	3.759169812069535488e-01
5.040000000000000000e+02	4.998409999999994802e-02	-5.662128785562639023e-03	3.763906291909097090e-01
5.050000000000000000e+02	6.388489999999995284e-02	-4.926574415841296697e-03	3.768075924568424218e-01
5.060000000000000000e+02	7.792159999999995201e-02	-4.190261072709046061e-03	3.771678082097634221e-01
5.070000000000000000e+02	9.162169999999994485e-02	-3.453299645521188538e-03	3.774712222009034557e-01
5.080000000000000000e+02	1.049397999999999442e-01	-2.715801121235142043e-03	3.777177887358821873e-01
5.090000000000000000e+02	1.177384999999999404e-01	-1.977876567695400611e-03	3.779074706815900853e-01
5.100000000000000000e+02	1.304859999999999631e-01	-1.239637116906843611e-03	3.780402394717802261e-01
5.110000000000000000e+02	1.437617999999999396e-01	-5.011939482980648942e-04	3.781160751113708529e-01
