0.000000000000000000e+00	1.767795000000000893e-01	-2.675188583960578029e-03	4.600095217253559743e-01
1.000000000000000000e+00	1.919596000000000913e-01	-1.776554741974291102e-03	4.601799454469513440e-01
2.000000000000000000e+00	2.071999000000001034e-01	-8.776559412184041856e-04	4.602808360890375816e-01
3.000000000000000000e+00	2.225080000000000946e-01	2.137199491364318279e-05	4.603121784070627887e-01
4.000000000000000000e+00	2.378314000000000816e-01	9.203932235160864261e-04	4.602739676652102818e-01
5.000000000000000000e+00	2.533850000000000824e-01	1.819271902696667541e-03	4.601662096371139654e-01
6.000000000000000000e+00	2.686488000000000764e-01	2.717872212102311925e-03	4.599889206049860846e-01
7.000000000000000000e+00	2.839139000000001078e-01	3.616058373441549938e-03	4.597421273571569156e-01
8.000000000000000000e+00	2.990314000000001138e-01	4.513694671000588812e-03	4.594258671840270591e-01
9.000000000000000000e+00	3.139555000000001095e-01	5.410645472149916771e-03	4.590401878724329476e-01
1.000000000000000000e+01	3.284049000000001106e-01	6.306775247838369326e-03	4.585851476984261765e-01
1.100000000000000000e+01	3.428516000000000896e-01	7.201948593071529937e-03	4.580608154184679370e-01
1.200000000000000000e+01	3.570470000000001143e-01	8.096030247371396524e-03	4.574672702590401596e-01
1.300000000000000000e+01	3.714546000000000792e-01	8.988885115214204774e-03	4.568046019046742567e-01
1.400000000000000000e+01	3.860091000000001049e-01	9.880378286443327815e-03	4.560729104843997961e-01
1.500000000000000000e+01	4.006859000000000948e-01	1.077037505665417484e-02	4.552723065566151028e-01
1.600000000000000000e+01	4.154415000000000746e-01	1.165874094754798702e-02	4.544029110923817893e-01
1.700000000000000000e+01	4.303453000000000972e-01	1.254534172725148104e-02	4.534648554571463208e-01
1.800000000000000000e+01	4.444412000000000917e-01	1.343004343059925158e-02	4.524582813908903378e-01
1.900000000000000000e+01	4.581473000000000351e-01	1.431271237937587967e-02	4.513833409867142321e-01
2.000000000000000000e+01	4.717074000000001099e-01	1.519321520251466599e-02	4.502401966678554190e-01
2.100000000000000000e+01	4.849956000000000822e-01	1.607141885624998462e-02	4.490290211631466910e-01
2.200000000000000000e+01	4.983423000000001268e-01	1.694719064422015031e-02	4.477499974809165395e-01
2.300000000000000000e+01	5.118024000000001017e-01	1.782039823751781563e-02	4.464033188813370523e-01
2.400000000000000000e+01	5.250640000000000862e-01	1.869090969468483604e-02	4.449891888472219947e-01
2.500000000000000000e+01	5.381266000000001215e-01	1.955859348164857431e-02	4.435078210532805709e-01
2.600000000000000000e+01	5.517770000000000730e-01	2.042331849159671059e-02	4.419594393338317495e-01
2.700000000000000000e+01	5.652310000000000390e-01	2.128495406478740290e-02	4.403442776489822075e-01
2.800000000000000000e+01	5.787108000000000807e-01	2.214337000829196336e-02	4.386625800492756633e-01
2.900000000000000000e+01	5.918588000000001292e-01	2.299843661566699365e-02	4.369146006388165415e-01
3.000000000000000000e+01	6.049196000000001128e-01	2.385002468655297164e-02	4.351006035368749636e-01
3.100000000000000000e+01	6.176804000000001293e-01	2.469800554619639918e-02	4.332208628379785043e-01
3.200000000000000000e+01	6.304163000000000405e-01	2.554225106489254118e-02	4.312756625704963209e-01
3.300000000000000000e+01	6.428838000000001163e-01	2.638263367734578965e-02	4.292652966537228720e-01
3.400000000000000000e+01	6.556510000000000948e-01	2.721902640194472783e-02	4.271900688534665536e-01
3.500000000000000000e+01	6.681465000000000876e-01	2.805130285994906006e-02	4.250502927361508032e-01
3.600000000000000000e+01	6.809267000000001069e-01	2.887933729458536797e-02	4.228462916214342782e-01
3.700000000000000000e+01	6.935463000000000600e-01	2.970300459004895227e-02	4.205783985333574337e-01
3.800000000000000000e+01	7.063670000000000782e-01	3.052218029040880756e-02	4.182469561500224975e-01
3.900000000000000000e+01	7.190282000000001172e-01	3.133674061841285746e-02	4.158523167518150543e-01
4.000000000000000000e+01	7.311818000000001039e-01	3.214656249419069189e-02	4.133948421681745145e-01
4.100000000000000000e+01	7.428543000000000784e-01	3.295152355385089216e-02	4.108749037229216805e-01
4.200000000000000000e+01	7.542928000000000965e-01	3.375150216797019598e-02	4.082928821781518502e-01
4.300000000000000000e+01	7.654174000000001366e-01	3.454637745997165416e-02	4.056491676767020049e-01
4.400000000000000000e+01	7.763610000000000788e-01	3.533602932438909688e-02	4.029441596831997985e-01
4.500000000000000000e+01	7.876700000000000923e-01	3.612033844501497809e-02	4.001782669237050616e-01
4.600000000000000000e+01	7.993713000000001179e-01	3.689918631292907897e-02	3.973519073239510924e-01
4.700000000000000000e+01	8.110760000000001302e-01	3.767245524440514942e-02	3.944655079461963365e-01
4.800000000000000000e+01	8.226065000000001293e-01	3.844002839869289229e-02	3.915195049246951720e-01
4.900000000000000000e+01	8.338656000000000956e-01	3.920178979567259803e-02	3.885143433997984563e-01
5.000000000000000000e+01	8.450950000000000406e-01	3.995762433337968211e-02	3.854504774506925524e-01
5.100000000000000000e+01	8.562848000000000681e-01	4.070741780539655769e-02	3.823283700267884333e-01
5.200000000000000000e+01	8.674480000000001079e-01	4.145105691810926224e-02	3.791484928777697494e-01
5.300000000000000000e+01	8.780223000000000333e-01	4.218842930782600725e-02	3.759113264823120137e-01
5.400000000000000000e+01	8.876307000000001057e-01	4.291942355775536788e-02	3.726173599754819543e-01
5.500000000000000000e+01	8.970560000000000755e-01	4.364392921484130244e-02	3.692670910748296342e-01
5.600000000000000000e+01	9.063774000000001108e-01	4.436183680645260086e-02	3.658610260051832763e-01
5.700000000000000000e+01	9.162034000000001122e-01	4.507303785692416687e-02	3.623996794221590045e-01
5.800000000000000000e+01	9.261084000000000538e-01	4.577742490394766384e-02	3.588835743343960494e-01
5.900000000000000000e+01	9.365558000000000494e-01	4.647489151480903302e-02	3.553132420245309619e-01
6.000000000000000000e+01	9.471381000000000938e-01	4.716533230247046266e-02	3.516892219689203847e-01
6.100000000000000000e+01	9.573690000000001366e-01	4.784864294149437230e-02	3.480120617561264229e-01
6.200000000000000000e+01	9.671800000000001507e-01	4.852472018380688673e-02	3.442823170041762748e-01
6.300000000000000000e+01	9.763430000000001829e-01	4.919346187429868289e-02	3.405005512766084985e-01
6.400000000000000000e+01	9.846840000000001147e-01	4.985476696626053167e-02	3.366673359973184620e-01
6.500000000000000000e+01	9.924280000000000879e-01	5.050853553665146656e-02	3.327832503642164652e-01
6.600000000000000000e+01	1.000128000000000128e+00	5.115466880119713677e-02	3.288488812617112456e-01
6.700000000000000000e+01	1.008180000000000076e+00	5.179306912931606888e-02	3.248648231720314139e-01
6.800000000000000000e+01	1.016723000000000043e+00	5.242364005887162337e-02	3.208316780854001404e-01
6.900000000000000000e+01	1.025665000000000049e+00	5.304628631074741196e-02	3.167500554090734721e-01
7.000000000000000000e+01	1.034366000000000119e+00	5.366091380324394117e-02	3.126205718752602114e-01
7.100000000000000000e+01	1.042706000000000133e+00	5.426742966629436588e-02	3.084438514479327931e-01
7.200000000000000000e+01	1.050591000000000053e+00	5.486574225549706307e-02	3.042205252285472006e-01
7.300000000000000000e+01	1.057958000000000176e+00	5.545576116596315913e-02	2.999512313606833569e-01
7.400000000000000000e+01	1.064862000000000197e+00	5.603739724597663757e-02	2.956366149336219773e-01
7.500000000000000000e+01	1.071422000000000097e+00	5.661056261046514687e-02	2.912773278848714287e-01
7.600000000000000000e+01	1.077483000000000191e+00	5.717517065427942663e-02	2.868740289016604161e-01
7.700000000000000000e+01	1.083495000000000097e+00	5.773113606527933983e-02	2.824273833214103746e-01
7.800000000000000000e+01	1.089625999999999983e+00	5.827837483722446421e-02	2.779380630312032197e-01
7.900000000000000000e+01	1.096049000000000051e+00	5.881680428246745945e-02	2.734067463662591679e-01
8.000000000000000000e+01	1.102917000000000147e+00	5.934634304444815628e-02	2.688341180074407810e-01
8.100000000000000000e+01	1.110157999999999978e+00	5.986691110998648702e-02	2.642208688777975545e-01
8.200000000000000000e+01	1.117387000000000130e+00	6.037842982137245351e-02	2.595676960381678167e-01
8.300000000000000000e+01	1.123670000000000169e+00	6.088082188825131441e-02	2.548753025818527584e-01
8.400000000000000000e+01	1.129807000000000006e+00	6.137401139930213217e-02	2.501443975283794696e-01
8.500000000000000000e+01	1.135212000000000110e+00	6.185792383370793124e-02	2.453756957163681918e-01
8.600000000000000000e+01	1.140159000000000145e+00	6.233248607241582279e-02	2.405699176955201357e-01
8.700000000000000000e+01	1.144828000000000179e+00	6.279762640918522265e-02	2.357277896177429888e-01
8.800000000000000000e+01	1.149630000000000152e+00	6.325327456142267046e-02	2.308500431274292386e-01
8.900000000000000000e+01	1.154643000000000086e+00	6.369936168080155003e-02	2.259374152509050493e-01
9.000000000000000000e+01	1.159631000000000078e+00	6.413582036366496930e-02	2.209906482850654552e-01
9.100000000000000000e+01	1.164605000000000112e+00	6.456258466121053696e-02	2.160104896852139411e-01
9.200000000000000000e+01	1.169463000000000141e+00	6.497959008945509984e-02	2.109976919521218408e-01
9.300000000000000000e+01	1.174183000000000199e+00	6.538677363897839323e-02	2.059530125183257621e-01
9.400000000000000000e+01	1.178765000000000063e+00	6.578407378444361964e-02	2.008772136336794134e-01
9.500000000000000000e+01	1.182860000000000023e+00	6.617143049389398457e-02	1.957710622501782904e-01
9.600000000000000000e+01	1.186462000000000128e+00	6.654878523782348232e-02	1.906353299060731254e-01
9.700000000000000000e+01	1.189265000000000017e+00	6.691608099802073828e-02	1.854707926092907244e-01
9.800000000000000000e+01	1.191814000000000151e+00	6.727326227618433963e-02	1.802782307201794276e-01
9.900000000000000000e+01	1.193997000000000197e+00	6.762027510230875227e-02	1.750584288335964855e-01
1.000000000000000000e+02	1.196511000000000102e+00	6.795706704283908939e-02	1.698121756603565291e-01
1.010000000000000000e+02	1.196711999999999998e+00	6.828358720859380171e-02	1.645402639080571494e-01
1.020000000000000000e+02	1.200184000000000140e+00	6.859978626245409605e-02	1.592434901613011544e-01
1.030000000000000000e+02	1.203722000000000181e+00	6.890561642681868049e-02	1.539226547613326002e-01
1.040000000000000000e+02	1.207146000000000052e+00	6.920103149082297567e-02	1.485785616851056923e-01
1.050000000000000000e+02	1.210158000000000067e+00	6.948598681732159887e-02	1.432120184238039329e-01
1.060000000000000000e+02	1.212507000000000001e+00	6.976043934963296889e-02	1.378238358608285807e-01
1.070000000000000000e+02	1.214426000000000005e+00	7.002434761804522678e-02	1.324148281492737722e-01
1.080000000000000000e+02	1.215803000000000189e+00	7.027767174608222367e-02	1.269858125889089806e-01
1.090000000000000000e+02	1.216880000000000184e+00	7.052037345652892308e-02	1.215376095026847181e-01
1.100000000000000000e+02	1.217969000000000079e+00	7.075241607721499681e-02	1.160710421127821301e-01
1.110000000000000000e+02	1.219480000000000119e+00	7.097376454655605904e-02	1.105869364162239965e-01
1.120000000000000000e+02	1.221264000000000127e+00	7.118438541885144244e-02	1.050861210600673029e-01
1.130000000000000000e+02	1.222978000000000121e+00	7.138424686933778074e-02	9.956942721619449488e-02
1.140000000000000000e+02	1.224454000000000153e+00	7.157331869899778709e-02	9.403768845572382795e-02
1.150000000000000000e+02	1.225939000000000112e+00	7.175157233912331234e-02	8.849174062305653621e-02
1.160000000000000000e+02	1.226884000000000086e+00	7.191898085563203091e-02	8.293242170958158022e-02
1.170000000000000000e+02	1.227616000000000041e+00	7.207551895313719925e-02	7.736057172705487761e-02
1.180000000000000000e+02	1.227916000000000007e+00	7.222116297876977897e-02	7.177703258067402725e-02
1.190000000000000000e+02	1.227427000000000046e+00	7.235589092575242520e-02	6.618264794186615174e-02
1.200000000000000000e+02	1.226479000000000097e+00	7.247968243672459066e-02	6.057826312081001502e-02
1.210000000000000000e+02	1.225220000000000198e+00	7.259251880681864832e-02	5.496472493870939446e-02
1.220000000000000000e+02	1.224349000000000132e+00	7.269438298648608909e-02	4.934288159983885036e-02
1.230000000000000000e+02	1.223999000000000059e+00	7.278525958407378038e-02	4.371358256337982279e-02
1.240000000000000000e+02	1.223879000000000161e+00	7.286513486814960583e-02	3.807767841506816409e-02
1.250000000000000000e+02	1.223681000000000019e+00	7.293399676957726396e-02	3.243602073867048186e-02
1.260000000000000000e+02	1.223188000000000164e+00	7.299183488333994829e-02	2.678946198731016470e-02
1.270000000000000000e+02	1.222081000000000195e+00	7.303864047011253413e-02	2.113885535466156207e-02
1.280000000000000000e+02	1.220362000000000169e+00	7.307440645758207787e-02	1.548505464603322501e-02
1.290000000000000000e+02	1.218202000000000007e+00	7.309912744151642050e-02	9.828914149357716526e-03
1.300000000000000000e+02	1.215749000000000191e+00	7.311279968658083994e-02	4.171288506109004958e-03
1.310000000000000000e+02	1.213024000000000102e+00	7.311542112690234962e-02	-1.486967417833537147e-03
1.320000000000000000e+02	1.210355000000000070e+00	7.310699136638197648e-02	-7.144998661355587977e-03
1.330000000000000000e+02	1.207792000000000199e+00	7.308751167875449095e-02	-1.280195029729167509e-02
1.340000000000000000e+02	1.205386000000000069e+00	7.305698500739604695e-02	-1.845696756160487839e-02
1.350000000000000000e+02	1.201830000000000176e+00	7.301541596487935715e-02	-2.410919598254126009e-02
1.360000000000000000e+02	1.200688000000000200e+00	7.296281083227679209e-02	-2.975778150974075012e-02
1.370000000000000000e+02	1.198395000000000099e+00	7.289917755821129219e-02	-3.540187064328336602e-02
1.380000000000000000e+02	1.195795000000000163e+00	7.282452575765532843e-02	-4.104061056265320001e-02
1.390000000000000000e+02	1.192479999999999984e+00	7.273886671047806451e-02	-4.667314925559925415e-02
1.400000000000000000e+02	1.188579000000000052e+00	7.264221335974099802e-02	-5.229863564687462635e-02
1.410000000000000000e+02	1.183924000000000198e+00	7.253458030974228865e-02	-5.791621972683323738e-02
1.420000000000000000e+02	1.178939000000000181e+00	7.241598382381000953e-02	-6.352505267986642556e-02
1.430000000000000000e+02	1.174244000000000065e+00	7.228644182184476574e-02	-6.912428701265865838e-02
1.440000000000000000e+02	1.169718000000000035e+00	7.214597387761199909e-02	-7.471307668224386189e-02
1.450000000000000000e+02	1.165716000000000196e+00	7.199460121578446503e-02	-8.029057722384180806e-02
1.460000000000000000e+02	1.161780000000000035e+00	7.183234670873507588e-02	-8.585594587845689352e-02
1.470000000000000000e+02	1.157519000000000187e+00	7.165923487308098472e-02	-9.140834172021863879e-02
1.480000000000000000e+02	1.152802000000000104e+00	7.147529186597907647e-02	-9.694692578344576983e-02
1.490000000000000000e+02	1.147565000000000168e+00	7.128054548117367106e-02	-1.024708611894131344e-01
1.500000000000000000e+02	1.141759000000000190e+00	7.107502514479684119e-02	-1.079793132728043004e-01
1.510000000000000000e+02	1.135447000000000095e+00	7.085876191092219112e-02	-1.134714497078290613e-01
1.520000000000000000e+02	1.128875999999999991e+00	7.063178845687252683e-02	-1.189464406339880431e-01
1.530000000000000000e+02	1.122157000000000071e+00	7.039413907828238892e-02	-1.244034587814639020e-01
1.540000000000000000e+02	1.111800000000000122e+00	7.014584968391596176e-02	-1.298416795961219172e-01
1.550000000000000000e+02	1.108285000000000187e+00	6.988695779024123311e-02	-1.352602813640997603e-01
1.560000000000000000e+02	1.101409000000000082e+00	6.961750251576130644e-02	-1.406584453359686626e-01
1.570000000000000000e+02	1.094606000000000190e+00	6.933752457510361511e-02	-1.460353558504456084e-01
1.580000000000000000e+02	1.088159000000000098e+00	6.904706627286791298e-02	-1.513902004576400673e-01
1.590000000000000000e+02	1.081666000000000016e+00	6.874617149723408205e-02	-1.567221700418146846e-01
1.600000000000000000e+02	1.074799999999999978e+00	6.843488571333063153e-02	-1.620304589436429021e-01
1.610000000000000000e+02	1.066876000000000158e+00	6.811325595636492924e-02	-1.673142650819432475e-01
1.620000000000000000e+02	1.058318000000000092e+00	6.778133082451620606e-02	-1.725727900748741384e-01
1.630000000000000000e+02	1.049142000000000019e+00	6.743916047159236038e-02	-1.778052393605689396e-01
1.640000000000000000e+02	1.040232000000000046e+00	6.708679659945174234e-02	-1.830108223171940940e-01
1.650000000000000000e+02	1.031681000000000070e+00	6.672429245019100008e-02	-1.881887523824122277e-01
1.660000000000000000e+02	1.023470000000000102e+00	6.635170279810026495e-02	-1.933382471722306095e-01
1.670000000000000000e+02	1.015176999999999996e+00	6.596908394138670251e-02	-1.984585285992203629e-01
1.680000000000000000e+02	1.007038000000000100e+00	6.557649369366787273e-02	-2.035488229900848378e-01
1.690000000000000000e+02	9.988719999999999821e-01	6.517399137523616215e-02	-2.086083612025606548e-01
1.700000000000000000e+02	9.900910000000000544e-01	6.476163780409548154e-02	-2.136363787416362126e-01
1.710000000000000000e+02	9.808850000000000069e-01	6.433949528677158913e-02	-2.186321158750661464e-01
1.720000000000000000e+02	9.711570000000000480e-01	6.390762760889777405e-02	-2.235948177481661414e-01
1.730000000000000000e+02	9.609560000000001434e-01	6.346610002557664942e-02	-2.285237344978724161e-01
1.740000000000000000e+02	9.506499000000000477e-01	6.301497925152030333e-02	-2.334181213660445620e-01
1.750000000000000000e+02	9.346284000000001368e-01	6.255433345096961251e-02	-2.382772388119996088e-01
1.760000000000000000e+02	9.292992000000001029e-01	6.208423222739468256e-02	-2.431003526242557777e-01
1.770000000000000000e+02	9.185686000000000684e-01	6.160474661297776766e-02	-2.478867340314711565e-01
1.780000000000000000e+02	9.077964000000000588e-01	6.111594905788033522e-02	-2.526356598125619746e-01
1.790000000000000000e+02	8.975249000000000699e-01	6.061791341929583660e-02	-2.573464124059806069e-01
1.800000000000000000e+02	8.873887000000001413e-01	6.011071495028998818e-02	-2.620182800181384275e-01
1.810000000000000000e+02	8.773509000000000446e-01	5.959443028842989487e-02	-2.666505567309589431e-01
1.820000000000000000e+02	8.662339000000001121e-01	5.906913744420431989e-02	-2.712425426085401936e-01
1.830000000000000000e+02	8.545528000000001123e-01	5.853491578923615546e-02	-2.757935438029163189e-01
1.840000000000000000e+02	8.424651000000000778e-01	5.799184604428946066e-02	-2.803028726588974728e-01
1.850000000000000000e+02	8.304797000000000429e-01	5.744001026707264146e-02	-2.847698478179733761e-01
1.860000000000000000e+02	8.184168000000000553e-01	5.687949183983939672e-02	-2.891937943212679607e-01
1.870000000000000000e+02	8.064915000000001388e-01	5.631037545678977546e-02	-2.935740437115245127e-01
1.880000000000000000e+02	7.947912000000001420e-01	5.573274711127295528e-02	-2.979099341341092111e-01
1.890000000000000000e+02	7.832092000000000498e-01	5.514669408279350427e-02	-3.022008104370184634e-01
1.900000000000000000e+02	7.715888000000000746e-01	5.455230492382368707e-02	-3.064460242698703873e-01
1.910000000000000000e+02	7.601167000000000895e-01	5.394966944642298062e-02	-3.106449341818721122e-01
1.920000000000000000e+02	7.486738000000000559e-01	5.333887870866763081e-02	-3.147969057187420816e-01
1.930000000000000000e+02	7.369514000000000342e-01	5.272002500089183891e-02	-3.189013115185754810e-01
1.940000000000000000e+02	7.244060000000001054e-01	5.209320183174250690e-02	-3.229575314066395197e-01
1.950000000000000000e+02	7.114503000000000910e-01	5.145850391405040747e-02	-3.269649524890806402e-01
1.960000000000000000e+02	6.983459000000000749e-01	5.081602715051879160e-02	-3.309229692455334937e-01
1.970000000000000000e+02	6.850528000000001283e-01	5.016586861923270219e-02	-3.348309836206145862e-01
1.980000000000000000e+02	6.717436000000001073e-01	4.950812655899049924e-02	-3.386884051142877161e-01
1.990000000000000000e+02	6.586511000000000449e-01	4.884290035445987277e-02	-3.424946508710896009e-01
2.000000000000000000e+02	6.457482000000001054e-01	4.817029052116093835e-02	-3.462491457681983742e-01
2.010000000000000000e+02	6.331987000000001142e-01	4.749039869027842087e-02	-3.499513225023342389e-01
2.020000000000000000e+02	6.208477000000001134e-01	4.680332759330501496e-02	-3.536006216754799536e-01
2.030000000000000000e+02	6.081672000000001299e-01	4.610918104651894056e-02	-3.571964918794044430e-01
2.040000000000000000e+02	5.947822000000000386e-01	4.540806393529707441e-02	-3.607383897789815941e-01
2.050000000000000000e+02	5.807355000000000711e-01	4.470008219826692580e-02	-3.642257801942873074e-01
2.060000000000000000e+02	5.665606000000000808e-01	4.398534281129941326e-02	-3.676581361814651450e-01
2.070000000000000000e+02	5.520769000000000926e-01	4.326395377134462789e-02	-3.710349391123479168e-01
2.080000000000000000e+02	5.306198000000000858e-01	4.253602408011366437e-02	-3.743556787528218854e-01
2.090000000000000000e+02	5.164758000000000404e-01	4.180166372760851790e-02	-3.776198533399225954e-01
2.100000000000000000e+02	5.095456000000000429e-01	4.106098367550247569e-02	-3.808269696576523367e-01
2.110000000000000000e+02	4.954687000000000952e-01	4.031409584037399380e-02	-3.839765431115035321e-01
2.120000000000000000e+02	4.816325000000001300e-01	3.956111307679603672e-02	-3.870680978016819984e-01
2.130000000000000000e+02	4.677346000000001114e-01	3.880214916028371791e-02	-3.901011665950147589e-01
2.140000000000000000e+02	4.541211000000001108e-01	3.803731877010305823e-02	-3.930752911955336382e-01
2.150000000000000000e+02	4.400869000000001141e-01	3.726673747194277075e-02	-3.959900222137241466e-01
2.160000000000000000e+02	4.254624000000000739e-01	3.649052170045235383e-02	-3.988449192344278305e-01
2.170000000000000000e+02	4.104767000000000832e-01	3.570878874164896272e-02	-4.016395508833885408e-01
2.180000000000000000e+02	3.952477000000000906e-01	3.492165671519534276e-02	-4.043734948924339601e-01
2.190000000000000000e+02	3.796919000000000821e-01	3.412924455655217543e-02	-4.070463381632790645e-01
2.200000000000000000e+02	3.646142000000001104e-01	3.333167199900675254e-02	-4.096576768299460269e-01
2.210000000000000000e+02	3.501161000000000967e-01	3.252905955558141327e-02	-4.122071163197880694e-01
2.220000000000000000e+02	3.362238000000000726e-01	3.172152850082413100e-02	-4.146942714131089391e-01
2.230000000000000000e+02	3.223643000000001035e-01	3.090920085248378274e-02	-4.171187663013698477e-01
2.240000000000000000e+02	3.080253000000001129e-01	3.009219935307339694e-02	-4.194802346439742147e-01
2.250000000000000000e+02	2.931994000000001099e-01	2.927064745132385709e-02	-4.217783196236210008e-01
2.260000000000000000e+02	2.781568000000000929e-01	2.844466928353062835e-02	-4.240126740002205796e-01
2.270000000000000000e+02	2.629516000000000631e-01	2.761438965479704605e-02	-4.261829601633617126e-01
2.280000000000000000e+02	2.478093000000000656e-01	2.677993402017606744e-02	-4.282888501833251316e-01
2.290000000000000000e+02	2.328804000000000984e-01	2.594142846571412947e-02	-4.303300258606335693e-01
2.300000000000000000e+02	2.182256000000000751e-01	2.509899968939969736e-02	-4.323061787741309669e-01
2.310000000000000000e+02	2.028911000000001019e-01	2.425277498201898127e-02	-4.342170103275856952e-01
2.320000000000000000e+02	1.880056000000000782e-01	2.340288220792259566e-02	-4.360622317948075755e-01
2.330000000000000000e+02	1.729517000000000970e-01	2.254944978570505576e-02	-4.378415643632752041e-01
2.340000000000000000e+02	1.577071000000001000e-01	2.169260666880087549e-02	-4.395547391762637535e-01
2.350000000000000000e+02	1.351289000000000795e-01	2.083248232599979252e-02	-4.412014973734692536e-01
2.360000000000000000e+02	1.274444000000000965e-01	1.996920672188391352e-02	-4.427815901301228041e-01
2.370000000000000000e+02	1.118124000000000895e-01	1.910291029719016903e-02	-4.442947786945873334e-01
2.380000000000000000e+02	9.596350000000009040e-02	1.823372394910085029e-02	-4.457408344244333520e-01
2.390000000000000000e+02	7.242980000000008578e-02	1.736177901146485417e-02	-4.471195388209864841e-01
2.400000000000000000e+02	6.449850000000008354e-02	1.648720723495342155e-02	-4.484306835623426135e-01
2.410000000000000000e+02	4.887594000000008987e-02	1.561014076715242817e-02	-4.496740705348455380e-01
2.420000000000000000e+02	3.338340000000009078e-02	1.473071213259500266e-02	-4.508495118630216347e-01
2.430000000000000000e+02	1.830283000000008931e-02	1.384905421273720065e-02	-4.519568299379677634e-01
2.440000000000000000e+02	3.324450000000089833e-03	1.296530022587945481e-02	-4.529958574441880215e-01
2.450000000000000000e+02	-1.148811999999991423e-02	1.207958370703742478e-02	-4.539664373848752987e-01
2.460000000000000000e+02	-2.679892999999991185e-02	1.119203848776497562e-02	-4.548684231056329685e-01
2.470000000000000000e+02	-4.201541399999991072e-02	1.030279867593203794e-02	-4.557016783166347729e-01
2.480000000000000000e+02	-5.738420999999990779e-02	9.411998635461205770e-03	-4.564660771132179051e-01
2.490000000000000000e+02	-7.275266999999990825e-02	8.519772966025148872e-03	-4.571615039949074033e-01
2.500000000000000000e+02	-8.779531999999991287e-02	7.626256482708728551e-03	-4.577878538828680233e-01
2.510000000000000000e+02	-1.028594699999999112e-01	6.731584195638577912e-03	-4.583450321357817048e-01
2.520000000000000000e+02	-1.179377099999999179e-01	5.835891289582895158e-03	-4.588329545641480212e-01
2.530000000000000000e+02	-1.329034199999999111e-01	4.939313103525169203e-03	-4.592515474430048372e-01
2.540000000000000000e+02	-1.480810999999999100e-01	4.041985110214579326e-03	-4.596007475230684536e-01
2.550000000000000000e+02	-1.632809999999998984e-01	3.144042895695871309e-03	-4.598805020402904620e-01
2.560000000000000000e+02	-1.781181999999999210e-01	2.245622138822599319e-03	-4.600907687238303678e-01
2.570000000000000000e+02	-1.931541999999999148e-01	1.346858590755855732e-03	-4.602315158024425923e-01
2.580000000000000000e+02	-2.081632999999999123e-01	4.478880544523977420e-04	-4.603027220092773542e-01
2.590000000000000000e+02	-2.233392999999999073e-01	-4.511536358550451934e-04	-4.603043765850938218e-01
2.600000000000000000e+02	-2.386709999999999110e-01	-1.350130635182520897e-03	-4.602364792798859794e-01
2.610000000000000000e+02	-2.536514999999999187e-01	-2.248907108320739607e-03	-4.600990403529203188e-01
2.620000000000000000e+02	-2.762996999999999259e-01	-3.147347250359966257e-03	-4.598920805711858573e-01
2.630000000000000000e+02	-2.837701999999999170e-01	-4.045315307210015955e-03	-4.596156312062560367e-01
2.640000000000000000e+02	-2.987264999999998949e-01	-4.942675596112566100e-03	-4.592697340295636144e-01
2.650000000000000000e+02	-3.135866999999998850e-01	-5.839292526142981013e-03	-4.588544413060892113e-01
2.660000000000000000e+02	-3.281365999999998895e-01	-6.735030618697972551e-03	-4.583698157864637412e-01
2.670000000000000000e+02	-3.423011999999999166e-01	-7.629754527966288620e-03	-4.578159306974871612e-01
2.680000000000000000e+02	-3.563691999999998861e-01	-8.523329061379656194e-03	-4.571928697310637113e-01
2.690000000000000000e+02	-3.705515999999999255e-01	-9.415619200040092202e-03	-4.565007270315561971e-01
2.700000000000000000e+02	-3.847296999999998968e-01	-1.030649011912144856e-02	-4.557396071815605909e-01
2.710000000000000000e+02	-3.992562999999998974e-01	-1.119580720824131168e-02	-4.549096251861040052e-01
2.720000000000000000e+02	-4.135644999999998905e-01	-1.208343609180051459e-02	-4.540109064552670382e-01
2.730000000000000000e+02	-4.276443999999999246e-01	-1.296924264928743346e-02	-4.530435867852345977e-01
2.740000000000000000e+02	-4.417762999999998996e-01	-1.385309303554348691e-02	-4.520078123377770929e-01
2.750000000000000000e+02	-4.552234999999998921e-01	-1.473485370098698982e-02	-4.509037396181653778e-01
2.760000000000000000e+02	-4.681636999999999049e-01	-1.561439141179271281e-02	-4.497315354515229457e-01
2.770000000000000000e+02	-4.812087999999999366e-01	-1.649157327002320067e-02	-4.484913769576184817e-01
2.780000000000000000e+02	-4.945458999999999272e-01	-1.736626673370986196e-02	-4.471834515241032704e-01
2.790000000000000000e+02	-5.081405999999999423e-01	-1.823833963687991611e-02	-4.458079567781970121e-01
2.800000000000000000e+02	-5.220239999999999325e-01	-1.910766020952655783e-02	-4.443651005568263201e-01
2.810000000000000000e+02	-5.362846999999999476e-01	-1.997409709751956502e-02	-4.428551008752205642e-01
2.820000000000000000e+02	-5.501176999999999317e-01	-2.083751938245276616e-02	-4.412781858939697210e-01
2.830000000000000000e+02	-5.638256999999998742e-01	-2.169779660142569927e-02	-4.396345938845498957e-01
2.840000000000000000e+02	-5.773415999999998993e-01	-2.255479876675674927e-02	-4.379245731933197883e-01
2.850000000000000000e+02	-5.905770999999999660e-01	-2.340839638562397865e-02	-4.361483822039962654e-01
2.860000000000000000e+02	-6.095949999999998870e-01	-2.425846047963171534e-02	-4.343062892986121470e-01
2.870000000000000000e+02	-6.157090999999998981e-01	-2.510486260429903999e-02	-4.323985728169642551e-01
2.880000000000000000e+02	-6.282321999999999074e-01	-2.594747486846762582e-02	-4.304255210145558896e-01
2.890000000000000000e+02	-6.405400999999999456e-01	-2.678616995362629108e-02	-4.283874320190416141e-01
2.900000000000000000e+02	-6.529272999999998772e-01	-2.762082113314854454e-02	-4.262846137851804551e-01
2.910000000000000000e+02	-6.655085999999998947e-01	-2.845130229144113981e-02	-4.241173840483037916e-01
2.920000000000000000e+02	-6.785594999999998711e-01	-2.927748794300006133e-02	-4.218860702763055914e-01
2.930000000000000000e+02	-6.913783999999999486e-01	-3.009925325137123575e-02	-4.195910096201622141e-01
2.940000000000000000e+02	-7.042604999999999560e-01	-3.091647404801346061e-02	-4.172325488629891055e-01
2.950000000000000000e+02	-7.166857999999999285e-01	-3.172902685106018805e-02	-4.148110443676413794e-01
2.960000000000000000e+02	-7.286315999999999349e-01	-3.253678888397748548e-02	-4.123268620228684456e-01
2.970000000000000000e+02	-7.398648999999999365e-01	-3.333963809411575469e-02	-4.097803771880271784e-01
2.980000000000000000e+02	-7.565155999999999548e-01	-3.413745317115163269e-02	-4.071719746363662851e-01
2.990000000000000000e+02	-7.620259999999998701e-01	-3.493011356541814161e-02	-4.045020484968863683e-01
3.000000000000000000e+02	-7.733041999999998861e-01	-3.571749950611963903e-02	-4.017710021947872301e-01
3.010000000000000000e+02	-7.846004999999999230e-01	-3.649949201942907090e-02	-3.989792483905111320e-01
3.020000000000000000e+02	-7.959196999999998967e-01	-3.727597294646504272e-02	-3.961272089173888955e-01
3.030000000000000000e+02	-8.072081999999999313e-01	-3.804682496114555196e-02	-3.932153147179015540e-01
3.040000000000000000e+02	-8.184722999999999304e-01	-3.881193158791577252e-02	-3.902440057785652727e-01
3.050000000000000000e+02	-8.294926999999998607e-01	-3.957117721934778204e-02	-3.872137310634486962e-01
3.060000000000000000e+02	-8.406566999999999235e-01	-4.032444713360849170e-02	-3.841249484463354347e-01
3.070000000000000000e+02	-8.518705999999999223e-01	-4.107162751179436327e-02	-3.809781246415389067e-01
3.080000000000000000e+02	-8.625092999999999233e-01	-4.181260545512928417e-02	-3.777737351333820270e-01
3.090000000000000000e+02	-8.727851999999999277e-01	-4.254726900202348422e-02	-3.745122641043519551e-01
3.100000000000000000e+02	-8.868054999999999133e-01	-4.327550714499105167e-02	-3.711942043619397835e-01
3.110000000000000000e+02	-8.915726999999998847e-01	-4.399720984742309243e-02	-3.678200572641773802e-01
3.120000000000000000e+02	-9.012714999999998922e-01	-4.471226806021411093e-02	-3.643903326438832635e-01
3.130000000000000000e+02	-9.111188999999999538e-01	-4.542057373823951000e-02	-3.609055487316255584e-01
3.140000000000000000e+02	-9.268626999999999283e-01	-4.612201985668100412e-02	-3.573662320774187440e-01
3.150000000000000000e+02	-9.320490999999999637e-01	-4.681650042719814886e-02	-3.537729174711613522e-01
3.160000000000000000e+02	-9.421058999999999406e-01	-4.750391051394314834e-02	-3.501261478618292178e-01
3.170000000000000000e+02	-9.520516999999999452e-01	-4.818414624941654012e-02	-3.464264742754370463e-01
3.180000000000000000e+02	-9.608749999999999236e-01	-4.885710485016168947e-02	-3.426744557317771278e-01
3.190000000000000000e+02	-9.690330999999998696e-01	-4.952268463229526213e-02	-3.388706591599524032e-01
3.200000000000000000e+02	-9.767074999999999507e-01	-5.018078502687159381e-02	-3.350156593127139870e-01
3.210000000000000000e+02	-9.847134999999999083e-01	-5.083130659507877069e-02	-3.311100386796148598e-01
3.220000000000000000e+02	-9.932565999999999340e-01	-5.147415104326364538e-02	-3.271543873989972151e-01
3.230000000000000000e+02	-1.002000799999999803e+00	-5.210922123778412296e-02	-3.231493031688217887e-01
3.240000000000000000e+02	-1.010663499999999937e+00	-5.273642121968599022e-02	-3.190953911563561007e-01
3.250000000000000000e+02	-1.023604799999999759e+00	-5.335565621920218549e-02	-3.149932639067343776e-01
3.260000000000000000e+02	-1.027831099999999775e+00	-5.396683267007269108e-02	-3.108435412504008122e-01
3.270000000000000000e+02	-1.036167499999999908e+00	-5.456985822368215500e-02	-3.066468502094550352e-01
3.280000000000000000e+02	-1.044272899999999948e+00	-5.516464176301391631e-02	-3.024038249029077363e-01
3.290000000000000000e+02	-1.051991999999999816e+00	-5.575109341641766580e-02	-2.981151064508663073e-01
3.300000000000000000e+02	-1.059131999999999962e+00	-5.632912457118915278e-02	-2.937813428776607783e-01
3.310000000000000000e+02	-1.065903999999999963e+00	-5.689864788695926656e-02	-2.894031890139295848e-01
3.320000000000000000e+02	-1.072096999999999856e+00	-5.745957730889148657e-02	-2.849813063976723848e-01
3.330000000000000000e+02	-1.078220999999999874e+00	-5.801182808068452296e-02	-2.805163631742930153e-01
3.340000000000000000e+02	-1.084636999999999851e+00	-5.855531675737910002e-02	-2.760090339956429162e-01
3.350000000000000000e+02	-1.094849999999999879e+00	-5.908996121796633583e-02	-2.714599999180811185e-01
3.360000000000000000e+02	-1.098328999999999889e+00	-5.961568067779639962e-02	-2.668699482995665062e-01
3.370000000000000000e+02	-1.105319999999999858e+00	-6.013239570078475482e-02	-2.622395726957997830e-01
3.380000000000000000e+02	-1.112150999999999890e+00	-6.064002821141526584e-02	-2.575695727554248027e-01
3.390000000000000000e+02	-1.118543999999999983e+00	-6.113850150653720589e-02	-2.528606541143139652e-01
3.400000000000000000e+02	-1.124323999999999879e+00	-6.162774026695509721e-02	-2.481135282889456728e-01
3.410000000000000000e+02	-1.129581999999999864e+00	-6.210767056880947545e-02	-2.433289125688945509e-01
3.420000000000000000e+02	-1.134436000000000000e+00	-6.257821989474664226e-02	-2.385075299084502554e-01
3.430000000000000000e+02	-1.139512999999999998e+00	-6.303931714487621962e-02	-2.336501088173773555e-01
3.440000000000000000e+02	-1.144636999999999905e+00	-6.349089264751418826e-02	-2.287573832508390248e-01
3.450000000000000000e+02	-1.149938999999999822e+00	-6.393287816971028603e-02	-2.238300924984961970e-01
3.460000000000000000e+02	-1.155079999999999885e+00	-6.436520692755801076e-02	-2.188689810728007279e-01
3.470000000000000000e+02	-1.160183999999999882e+00	-6.478781359628557612e-02	-2.138747985965011589e-01
3.480000000000000000e+02	-1.165085999999999844e+00	-6.520063432012662696e-02	-2.088482996893728794e-01
3.490000000000000000e+02	-1.170021999999999895e+00	-6.560360672196867415e-02	-2.037902438541964456e-01
3.500000000000000000e+02	-1.174547000000000008e+00	-6.599666991277834682e-02	-1.987013953619968520e-01
3.510000000000000000e+02	-1.178409999999999958e+00	-6.637976450080168567e-02	-1.935825231365620458e-01
3.520000000000000000e+02	-1.181917999999999802e+00	-6.675283260053824219e-02	-1.884344006382586145e-01
3.530000000000000000e+02	-1.184877999999999876e+00	-6.711581784148748508e-02	-1.832578057471633826e-01
3.540000000000000000e+02	-1.187439999999999829e+00	-6.746866537666647290e-02	-1.780535206455238495e-01
3.550000000000000000e+02	-1.190398999999999985e+00	-6.781132189089718321e-02	-1.728223316995720626e-01
3.560000000000000000e+02	-1.193573999999999913e+00	-6.814373560886241576e-02	-1.675650293407044689e-01
3.570000000000000000e+02	-1.197106000000000003e+00	-6.846585630292904845e-02	-1.622824079460476188e-01
3.580000000000000000e+02	-1.202561999999999909e+00	-6.877763530073731368e-02	-1.569752657184294298e-01
3.590000000000000000e+02	-1.204326000000000008e+00	-6.907902549255538760e-02	-1.516444045657686091e-01
3.600000000000000000e+02	-1.207721999999999962e+00	-6.936998133839747394e-02	-1.462906299799081877e-01
3.610000000000000000e+02	-1.210512999999999950e+00	-6.965045887490496634e-02	-1.409147509149054900e-01
3.620000000000000000e+02	-1.213172999999999835e+00	-6.992041572198932908e-02	-1.355175796647989095e-01
3.630000000000000000e+02	-1.213867999999999947e+00	-7.017981108923559974e-02	-1.300999317408720601e-01
3.640000000000000000e+02	-1.215150999999999870e+00	-7.042860578206594502e-02	-1.246626257484279160e-01
3.650000000000000000e+02	-1.216555999999999971e+00	-7.066676220766190952e-02	-1.192064832630993360e-01
3.660000000000000000e+02	-1.218098999999999821e+00	-7.089424438064459433e-02	-1.137323287067086436e-01
3.670000000000000000e+02	-1.219614999999999894e+00	-7.111101792851222403e-02	-1.082409892226974812e-01
3.680000000000000000e+02	-1.221408999999999967e+00	-7.131705009683358965e-02	-1.027332945511470474e-01
3.690000000000000000e+02	-1.223320999999999881e+00	-7.151230975419743674e-02	-9.721007690340234542e-02
3.700000000000000000e+02	-1.224955000000000016e+00	-7.169676739691632772e-02	-9.167217083632669961e-02
3.710000000000000000e+02	-1.226441999999999810e+00	-7.187039515348463137e-02	-8.612041312620008493e-02
3.720000000000000000e+02	-1.227329999999999810e+00	-7.203316678878993184e-02	-8.055564264228246008e-02
3.730000000000000000e+02	-1.227916000000000007e+00	-7.218505770807713551e-02	-7.497870022006035418e-02
3.740000000000000000e+02	-1.227738999999999914e+00	-7.232604496066472044e-02	-6.939042853419846724e-02
3.750000000000000000e+02	-1.227192999999999978e+00	-7.245610724341260134e-02	-6.379167197120932942e-02
3.760000000000000000e+02	-1.226338999999999846e+00	-7.257522490394099912e-02	-5.818327650186825434e-02
3.770000000000000000e+02	-1.225959000000000021e+00	-7.268337994359995446e-02	-5.256608955338704092e-02
3.780000000000000000e+02	-1.225341000000000014e+00	-7.278055602018890236e-02	-4.694095988136745556e-02
3.790000000000000000e+02	-1.225250999999999868e+00	-7.286673845042593300e-02	-4.130873744155611621e-02
3.800000000000000000e+02	-1.225240999999999802e+00	-7.294191421216647542e-02	-3.567027326141392063e-02
3.810000000000000000e+02	-1.225049999999999972e+00	-7.300607194637097341e-02	-3.002641931152765994e-02
3.820000000000000000e+02	-1.224518999999999913e+00	-7.305920195882112389e-02	-2.437802837687701868e-02
3.830000000000000000e+02	-1.223330999999999946e+00	-7.310129622158481610e-02	-1.872595392797860372e-02
3.840000000000000000e+02	-1.221490999999999882e+00	-7.313234837422898094e-02	-1.307104999192836188e-02
3.850000000000000000e+02	-1.219105999999999801e+00	-7.315235372478084974e-02	-7.414171023355845686e-03
3.860000000000000000e+02	-1.216611999999999805e+00	-7.316130925043669297e-02	-1.756171775317954100e-03
3.870000000000000000e+02	-1.214079999999999826e+00	-7.315921359801876023e-02	3.902092829854451883e-03
3.880000000000000000e+02	-1.210569999999999924e+00	-7.314606708417961678e-02	9.559767829735521874e-03
3.890000000000000000e+02	-1.209317999999999893e+00	-7.312187169535436237e-02	1.521599835098739681e-02
3.900000000000000000e+02	-1.207008999999999999e+00	-7.308663108746045467e-02	2.086992973853381977e-02
3.910000000000000000e+02	-1.205077999999999872e+00	-7.304035058534529001e-02	2.652070768469667883e-02
3.920000000000000000e+02	-1.202932999999999808e+00	-7.298303718198166645e-02	3.216747835828209084e-02
3.930000000000000000e+02	-1.200622999999999996e+00	-7.291469953741108734e-02	3.780938853359411267e-02
3.940000000000000000e+02	-1.195703999999999878e+00	-7.283534797743528022e-02	4.344558571935731861e-02
3.950000000000000000e+02	-1.193778999999999924e+00	-7.274499449205594492e-02	4.907521828752643006e-02
3.960000000000000000e+02	-1.189535000000000009e+00	-7.264365273366309161e-02	5.469743560196951848e-02
3.970000000000000000e+02	-1.185030999999999946e+00	-7.253133801497212152e-02	6.031138814699732453e-02
3.980000000000000000e+02	-1.180356999999999879e+00	-7.240806730671010827e-02	6.591622765572524578e-02
3.990000000000000000e+02	-1.175875999999999921e+00	-7.227385923505155740e-02	7.151110723824671833e-02
4.000000000000000000e+02	-1.171831999999999985e+00	-7.212873407880393550e-02	7.709518150959640548e-02
4.010000000000000000e+02	-1.165764000000000022e+00	-7.197271376634357953e-02	8.266760671749012745e-02
4.020000000000000000e+02	-1.163608999999999893e+00	-7.180582187230233338e-02	8.822754086981396404e-02
4.030000000000000000e+02	-1.158965999999999941e+00	-7.162808361400539725e-02	9.377414386184954043e-02
4.040000000000000000e+02	-1.153865999999999836e+00	-7.143952584766101455e-02	9.930657760321399963e-02
4.050000000000000000e+02	-1.148585999999999885e+00	-7.124017706430250951e-02	1.048240061444936366e-01
4.060000000000000000e+02	-1.139704999999999968e+00	-7.103006738548330035e-02	1.103255958035581075e-01
4.070000000000000000e+02	-1.136669999999999847e+00	-7.080922855872551214e-02	1.158105152915279851e-01
4.080000000000000000e+02	-1.129848999999999881e+00	-7.057769395272295299e-02	1.212779358383827000e-01
4.090000000000000000e+02	-1.119153999999999982e+00	-7.033549855229911940e-02	1.267270313181874664e-01
4.100000000000000000e+02	-1.115572000000000008e+00	-7.008267895312098039e-02	1.321569783739211523e-01
4.110000000000000000e+02	-1.108989000000000003e+00	-6.981927335616942842e-02	1.375669565418837503e-01
4.120000000000000000e+02	-1.102811999999999903e+00	-6.954532156196706338e-02	1.429561483756704998e-01
4.130000000000000000e+02	-1.096569999999999823e+00	-6.926086496456433650e-02	1.483237395696865579e-01
4.140000000000000000e+02	-1.086703999999999892e+00	-6.896594654528495627e-02	1.536689190821883544e-01
4.150000000000000000e+02	-1.083048999999999928e+00	-6.866061086623141685e-02	1.589908792578325347e-01
4.160000000000000000e+02	-1.071620000000000017e+00	-6.834490406355171743e-02	1.642888159497108425e-01
4.170000000000000000e+02	-1.067437999999999887e+00	-6.801887384046807761e-02	1.695619286408587001e-01
4.180000000000000000e+02	-1.058645999999999976e+00	-6.768256946006910579e-02	1.748094205652118427e-01
4.190000000000000000e+02	-1.049876999999999949e+00	-6.733604173786608693e-02	1.800304988279976537e-01
4.200000000000000000e+02	-1.041174400000000055e+00	-6.697934303411483270e-02	1.852243745255418572e-01
4.210000000000000000e+02	-1.032804099999999892e+00	-6.661252724590405183e-02	1.903902628644701112e-01
4.220000000000000000e+02	-1.020477399999999868e+00	-6.623564979901144789e-02	1.955273832802923994e-01
4.230000000000000000e+02	-1.016530599999999840e+00	-6.584876763952894618e-02	2.006349595553446330e-01
4.240000000000000000e+02	-1.008541899999999991e+00	-6.545193922525817387e-02	2.057122199360753023e-01
4.250000000000000000e+02	-1.000012799999999924e+00	-6.504522451687740070e-02	2.107583972496576141e-01
4.260000000000000000e+02	-9.911158999999999386e-01	-6.462868496888170278e-02	2.157727290199076831e-01
4.270000000000000000e+02	-9.770230999999999222e-01	-6.420238352029697393e-02	2.207544575824967603e-01
4.280000000000000000e+02	-9.721965999999999664e-01	-6.376638458516992181e-02	2.257028301994324915e-01
4.290000000000000000e+02	-9.620688999999998936e-01	-6.332075404283522835e-02	2.306170991727980180e-01
4.300000000000000000e+02	-9.513530999999999516e-01	-6.286555922796105422e-02	2.354965219577287161e-01
4.310000000000000000e+02	-9.406108999999999165e-01	-6.240086892037485095e-02	2.403403612746111973e-01
4.320000000000000000e+02	-9.301933999999999481e-01	-6.192675333467083376e-02	2.451478852204844461e-01
4.330000000000000000e+02	-9.200183999999999029e-01	-6.144328410960037817e-02	2.499183673796323002e-01
4.340000000000000000e+02	-9.099535999999999181e-01	-6.095053429724756749e-02	2.546510869333434290e-01
4.350000000000000000e+02	-8.996513999999998790e-01	-6.044857835199100166e-02	2.593453287688271547e-01
4.360000000000000000e+02	-8.891338999999999215e-01	-5.993749211925370607e-02	2.640003835872670179e-01
4.370000000000000000e+02	-8.783293999999999269e-01	-5.941735282404306956e-02	2.686155480109945759e-01
4.380000000000000000e+02	-8.672615999999999659e-01	-5.888823905928198404e-02	2.731901246897713853e-01
4.390000000000000000e+02	-8.559362999999998722e-01	-5.835023077393350355e-02	2.777234224061573276e-01
4.400000000000000000e+02	-8.441769999999999552e-01	-5.780340926092067400e-02	2.822147561799533966e-01
4.410000000000000000e+02	-8.322744999999999171e-01	-5.724785714484305343e-02	2.866634473717027398e-01
4.420000000000000000e+02	-8.203712999999999145e-01	-5.668365836949237901e-02	2.910688237852315785e-01
4.430000000000000000e+02	-8.087869999999999227e-01	-5.611089818516837996e-02	2.954302197692193488e-01
4.440000000000000000e+02	-7.972449999999998704e-01	-5.552966313579769941e-02	2.997469763177779134e-01
4.450000000000000000e+02	-7.858648999999998663e-01	-5.494004104585703541e-02	3.040184411700269651e-01
4.460000000000000000e+02	-7.742395999999999168e-01	-5.434212100710295035e-02	3.082439689086505785e-01
4.470000000000000000e+02	-7.623443999999999221e-01	-5.373599336510996582e-02	3.124229210574200888e-01
4.480000000000000000e+02	-7.503000999999999143e-01	-5.312174970561969745e-02	3.165546661776664772e-01
4.490000000000000000e+02	-7.379355999999999138e-01	-5.249948284070186932e-02	3.206385799636922163e-01
4.500000000000000000e+02	-7.187565999999998567e-01	-5.186928679473070541e-02	3.246740453371025903e-01
4.510000000000000000e+02	-7.120621999999998675e-01	-5.123125679017775935e-02	3.286604525400465548e-01
4.520000000000000000e+02	-6.985848999999999531e-01	-5.058548923322382651e-02	3.325971992273509814e-01
4.530000000000000000e+02	-6.853149999999998965e-01	-4.993208169919214484e-02	3.364836905575340764e-01
4.540000000000000000e+02	-6.723073999999998884e-01	-4.927113291780451515e-02	3.403193392826872055e-01
4.550000000000000000e+02	-6.591622999999998678e-01	-4.860274275826346330e-02	3.441035658372069150e-01
4.560000000000000000e+02	-6.465937999999998853e-01	-4.792701221416195700e-02	3.478357984253674928e-01
4.570000000000000000e+02	-6.276657999999999404e-01	-4.724404338822327937e-02	3.515154731077191341e-01
4.580000000000000000e+02	-6.212546999999999375e-01	-4.655393947687350154e-02	3.551420338862985582e-01
4.590000000000000000e+02	-6.015746999999999067e-01	-4.585680475464824768e-02	3.587149327886410832e-01
4.600000000000000000e+02	-5.948394999999999655e-01	-4.515274455843703433e-02	3.622336299505786172e-01
4.610000000000000000e+02	-5.811384999999998913e-01	-4.444186527156683553e-02	3.656975936978129615e-01
4.620000000000000000e+02	-5.668954999999998856e-01	-4.372427430772751755e-02	3.691063006262519930e-01
4.630000000000000000e+02	-5.528390999999999167e-01	-4.300008009474192566e-02	3.724592356810950688e-01
4.640000000000000000e+02	-5.388372999999999635e-01	-4.226939205818207312e-02	3.757558922346588837e-01
4.650000000000000000e+02	-5.248732999999998761e-01	-4.153232060483524890e-02	3.789957721629279574e-01
4.660000000000000000e+02	-5.109763999999998862e-01	-4.078897710602144566e-02	3.821783859208213729e-01
4.670000000000000000e+02	-4.969600999999999047e-01	-4.003947388076527225e-02	3.853032526161627724e-01
4.680000000000000000e+02	-4.829660999999998983e-01	-3.928392417882441839e-02	3.883699000823432890e-01
4.690000000000000000e+02	-4.690433999999998882e-01	-3.852244216357798151e-02	3.913778649496651441e-01
4.700000000000000000e+02	-4.552522999999998876e-01	-3.775514289477594626e-02	3.943266927153576962e-01
4.710000000000000000e+02	-4.338906999999999070e-01	-3.698214231115400791e-02	3.972159378122520623e-01
4.720000000000000000e+02	-4.192145999999999373e-01	-3.620355721291516893e-02	4.000451636761061525e-01
4.730000000000000000e+02	-4.116173999999999111e-01	-3.541950524408118972e-02	4.028139428115701248e-01
4.740000000000000000e+02	-3.963540999999999315e-01	-3.463010487471682858e-02	4.055218568567794390e-01
4.750000000000000000e+02	-3.814018999999999049e-01	-3.383547538302871666e-02	4.081684966465707887e-01
4.760000000000000000e+02	-3.668256999999999213e-01	-3.303573683734267741e-02	4.107534622743060915e-01
4.770000000000000000e+02	-3.525192999999999244e-01	-3.223101007796136397e-02	4.132763631522982650e-01
4.780000000000000000e+02	-3.384568999999998939e-01	-3.142141669890526762e-02	4.157368180708292393e-01
4.790000000000000000e+02	-3.239708999999998951e-01	-3.060707902954012266e-02	4.181344552557499372e-01
4.800000000000000000e+02	-3.019821999999999229e-01	-2.978812011609261942e-02	4.204689124246562826e-01
4.810000000000000000e+02	-2.944992999999999084e-01	-2.896466370305837354e-02	4.227398368416294128e-01
4.820000000000000000e+02	-2.792734999999999523e-01	-2.813683421450411185e-02	4.249468853705338778e-01
4.830000000000000000e+02	-2.641956999999999223e-01	-2.730475673526717301e-02	4.270897245268658882e-01
4.840000000000000000e+02	-2.490791999999999173e-01	-2.646855699205543852e-02	4.291680305281421193e-01
4.850000000000000000e+02	-2.339616999999999114e-01	-2.562836133444972367e-02	4.311814893428236317e-01
4.860000000000000000e+02	-2.187647999999998982e-01	-2.478429671581259056e-02	4.331297967377660263e-01
4.870000000000000000e+02	-2.038422999999999208e-01	-2.393649067410570652e-02	4.350126583241887279e-01
4.880000000000000000e+02	-1.890569999999999196e-01	-2.308507131261886003e-02	4.368297896021570148e-01
4.890000000000000000e+02	-1.743952999999999198e-01	-2.223016728061352407e-02	4.385809160035703536e-01
4.900000000000000000e+02	-1.594113999999999254e-01	-2.137190775388424918e-02	4.402657729336487136e-01
4.910000000000000000e+02	-1.440596399999999055e-01	-2.051042241523983942e-02	4.418841058109136966e-01
4.920000000000000000e+02	-1.283286899999999120e-01	-1.964584143490857859e-02	4.434356701056553218e-01
4.930000000000000000e+02	-1.126721299999999121e-01	-1.877829545086946023e-02	4.449202313768803596e-01
4.940000000000000000e+02	-9.729510999999990695e-02	-1.790791554911276909e-02	4.463375653077364946e-01
4.950000000000000000e+02	-8.203452999999991113e-02	-1.703483324383325836e-02	4.476874577394061028e-01
4.960000000000000000e+02	-6.690477999999991376e-02	-1.615918045755803181e-02	4.489697047034662547e-01
4.970000000000000000e+02	-5.174628399999991329e-02	-1.528108950121330120e-02	4.501841124527079518e-01
4.980000000000000000e+02	-3.662586499999991030e-02	-1.440069305413221000e-02	4.513304974904111533e-01
4.990000000000000000e+02	-2.123326999999991180e-02	-1.351812414400692212e-02	4.524086865980714300e-01
5.000000000000000000e+02	-5.689989999999908732e-03	-1.263351612678844348e-02	4.534185168615727513e-01
5.010000000000000000e+02	1.750513000000009090e-02	-1.174700266653618333e-02	4.543598356958042372e-01
5.020000000000000000e+02	2.514104000000008665e-02	-1.085871771522159759e-02	4.552325008677156615e-01
5.030000000000000000e+02	4.054414000000008955e-02	-9.968795492488016427e-03	4.560363805178085927e-01
5.040000000000000000e+02	5.573480000000008427e-02	-9.077370465370096161e-03	4.567713531800604576e-01
5.050000000000000000e+02	7.121990000000008592e-02	-8.184577327975801203e-03	4.574373078002781368e-01
5.060000000000000000e+02	8.720360000000007550e-02	-7.290550981134433055e-03	4.580341437528779869e-01
5.070000000000000000e+02	1.027656000000000958e-01	-6.395426512012744764e-03	4.585617708560905115e-01
5.080000000000000000e+02	1.179470000000000796e-01	-5.499339173703573017e-03	4.590201093855870162e-01
5.090000000000000000e+02	1.324410000000000864e-01	-4.602424364789054791e-03	4.594090900865253069e-01
5.100000000000000000e+02	1.469557000000000779e-01	-3.704817608881874180e-03	4.597286541840147622e-01
5.110000000000000000e+02	1.616180000000000949e-01	-2.806654534147932055e-03	4.599787533919967863e-01
