0.000000000000000000e+00	2.136244999999999949e-01	-1.330083290437287201e-02	5.560146812229049829e-01
1.000000000000000000e+00	2.300058999999999854e-01	-1.221385005081573709e-02	5.570416454993127875e-01
2.000000000000000000e+00	2.462571000000000065e-01	-1.112494416422449284e-02	5.579838420777479824e-01
3.000000000000000000e+00	2.626266999999999907e-01	-1.003428094862874112e-02	5.588411275796396627e-01
4.000000000000000000e+00	2.789818000000000020e-01	-8.942026375479262754e-03	5.596133715477427106e-01
5.000000000000000000e+00	2.953783999999999854e-01	-7.848346658391354425e-03	5.603004564659900266e-01
6.000000000000000000e+00	3.117012000000000116e-01	-6.753408227851287991e-03	5.609022777773751134e-01
7.000000000000000000e+00	3.278280000000000083e-01	-5.657377705889802232e-03	5.614187438998637925e-01
8.000000000000000000e+00	3.438401999999999847e-01	-4.560421880726425216e-03	5.618497762403297235e-01
9.000000000000000000e+00	3.598272000000000137e-01	-3.462707681388504845e-03	5.621953092065152813e-01
1.000000000000000000e+01	3.759634000000000031e-01	-2.364402152308825097e-03	5.624552902170121271e-01
1.100000000000000000e+01	3.919897999999999993e-01	-1.265672427905654507e-03	5.626296797092634749e-01
1.200000000000000000e+01	4.080550000000000010e-01	-1.666857071490957030e-04	5.627184511455841642e-01
1.300000000000000000e+01	4.238487000000000227e-01	9.323907718823821848e-04	5.627215910171992075e-01
1.400000000000000000e+01	4.396395000000000164e-01	2.031389757451363982e-03	5.626390988462990350e-01
1.500000000000000000e+01	4.554505999999999832e-01	3.130144009612980185e-03	5.624709871861129917e-01
1.600000000000000000e+01	4.712134999999999518e-01	4.228486325664622923e-03	5.622172816189984212e-01
1.700000000000000000e+01	4.869476000000000360e-01	5.326249565589975810e-03	5.618780207525477799e-01
1.800000000000000000e+01	5.024802999999999908e-01	6.423266677493513939e-03	5.614532562137138916e-01
1.900000000000000000e+01	5.178468999999999989e-01	7.519370723021592297e-03	5.609430526409531215e-01
2.000000000000000000e+01	5.331426999999999694e-01	8.614394902766246351e-03	5.603474876743891331e-01
2.100000000000000000e+01	5.485231000000000412e-01	9.708172581647868046e-03	5.596666519439987830e-01
2.200000000000000000e+01	5.640450000000000186e-01	1.080053731427287576e-02	5.589006490558192652e-01
2.300000000000000000e+01	5.795192000000000121e-01	1.189132287026247597e-02	5.580495955761826110e-01
2.400000000000000000e+01	5.948617999999999961e-01	1.298036325954875919e-02	5.571136210139774336e-01
2.500000000000000000e+01	6.099972000000000172e-01	1.406749275763421146e-02	5.560928678009403603e-01
2.600000000000000000e+01	6.250411000000000161e-01	1.515254593081077732e-02	5.549874912699819252e-01
2.700000000000000000e+01	6.399114999999999664e-01	1.623535766133473585e-02	5.537976596315486999e-01
2.800000000000000000e+01	6.545872000000000357e-01	1.731576317255343125e-02	5.525235539480257696e-01
2.900000000000000000e+01	6.691095000000000237e-01	1.839359805398013345e-02	5.511653681061838839e-01
3.000000000000000000e+01	6.834168000000000465e-01	1.946869828631318453e-02	5.497233087876743918e-01
3.100000000000000000e+01	6.976086999999999705e-01	2.054090026639557309e-02	5.481975954375779558e-01
3.200000000000000000e+01	7.118073999999999790e-01	2.161004083211125193e-02	5.465884602310101537e-01
3.300000000000000000e+01	7.260362999999999678e-01	2.267595728721425591e-02	5.448961480377905175e-01
3.400000000000000000e+01	7.402982999999999647e-01	2.373848742608698770e-02	5.431209163851793420e-01
3.500000000000000000e+01	7.544165000000000454e-01	2.479746955842385137e-02	5.412630354186888093e-01
3.600000000000000000e+01	7.684191000000000216e-01	2.585274253383640017e-02	5.393227878609732073e-01
3.700000000000000000e+01	7.820899999999999519e-01	2.690414576637638333e-02	5.373004689688061219e-01
3.800000000000000000e+01	7.954820999999999698e-01	2.795151925897286158e-02	5.351963864881494892e-01
3.900000000000000000e+01	8.085989000000000093e-01	2.899470362777975888e-02	5.330108606073225008e-01
4.000000000000000000e+01	8.216565000000000119e-01	3.003354012643006873e-02	5.307442239082772462e-01
4.100000000000000000e+01	8.346337999999999813e-01	3.106787067019299575e-02	5.283968213159878635e-01
4.200000000000000000e+01	8.475763000000000602e-01	3.209753786003052833e-02	5.259690100459613049e-01
4.300000000000000000e+01	8.604585999999999624e-01	3.312238500654957757e-02	5.234611595498790404e-01
4.400000000000000000e+01	8.732699999999999907e-01	3.414225615384613999e-02	5.208736514593751421e-01
4.500000000000000000e+01	8.860426000000000135e-01	3.515699610323790719e-02	5.182068795279617390e-01
4.600000000000000000e+01	8.988496999999999737e-01	3.616645043688150596e-02	5.154612495711096143e-01
4.700000000000000000e+01	9.114689000000000263e-01	3.717046554127110408e-02	5.126371794044933816e-01
4.800000000000000000e+01	9.238051000000000457e-01	3.816888863061443371e-02	5.097350987804106781e-01
4.900000000000000000e+01	9.357659000000000393e-01	3.916156777008298479e-02	5.067554493223841439e-01
5.000000000000000000e+01	9.473821999999999521e-01	4.014835189893262157e-02	5.036986844579579570e-01
5.100000000000000000e+01	9.587067999999999701e-01	4.112909085349125693e-02	5.005652693496976946e-01
5.200000000000000000e+01	9.700360000000000094e-01	4.210363539000993444e-02	4.973556808244033456e-01
5.300000000000000000e+01	9.813699999999999646e-01	4.307183720737402244e-02	4.940704073005496855e-01
5.400000000000000000e+01	9.926430000000000531e-01	4.403354896967085624e-02	4.907099487139602867e-01
5.500000000000000000e+01	1.003988000000000103e+00	4.498862432861056720e-02	4.872748164417301520e-01
5.600000000000000000e+01	1.015102999999999867e+00	4.593691794579661536e-02	4.837655332244071849e-01
5.700000000000000000e+01	1.026092999999999922e+00	4.687828551484257700e-02	4.801826330864442105e-01
5.800000000000000000e+01	1.036814000000000124e+00	4.781258378333205772e-02	4.765266612549334813e-01
5.900000000000000000e+01	1.047279000000000071e+00	4.873967057461795621e-02	4.727981740766375451e-01
6.000000000000000000e+01	1.057516999999999818e+00	4.965940480945826158e-02	4.689977389333268576e-01
6.100000000000000000e+01	1.067594000000000154e+00	5.057164652748473432e-02	4.651259341554385141e-01
6.200000000000000000e+01	1.077307999999999932e+00	5.147625690850129998e-02	4.611833489340693704e-01
6.300000000000000000e+01	1.086826999999999988e+00	5.237309829360910218e-02	4.571705832313154305e-01
6.400000000000000000e+01	1.096169000000000171e+00	5.326203420615455847e-02	4.530882476889733224e-01
6.500000000000000000e+01	1.105361999999999956e+00	5.414292937249782361e-02	4.489369635356155186e-01
6.600000000000000000e+01	1.114482999999999890e+00	5.501564974259789270e-02	4.447173624920551793e-01
6.700000000000000000e+01	1.123670000000000169e+00	5.588006251041172795e-02	4.404300866752144938e-01
6.800000000000000000e+01	1.132800000000000029e+00	5.673603613410398150e-02	4.360757885004099554e-01
6.900000000000000000e+01	1.141786999999999885e+00	5.758344035606427491e-02	4.316551305820719997e-01
7.000000000000000000e+01	1.150309000000000026e+00	5.842214622272924596e-02	4.271687856329111077e-01
7.100000000000000000e+01	1.158459000000000128e+00	5.925202610420589322e-02	4.226174363615484153e-01
7.200000000000000000e+01	1.166281000000000123e+00	6.007295371369375525e-02	4.180017753686242066e-01
7.300000000000000000e+01	1.173902000000000001e+00	6.088480412670250336e-02	4.133225050414019996e-01
7.400000000000000000e+01	1.181439000000000128e+00	6.168745380006229045e-02	4.085803374468824911e-01
7.500000000000000000e+01	1.188902999999999821e+00	6.248078059072397633e-02	4.037759942234452892e-01
7.600000000000000000e+01	1.196197000000000177e+00	6.326466377434615540e-02	3.989102064710333684e-01
7.700000000000000000e+01	1.203378999999999976e+00	6.403898406366638485e-02	3.939837146398986745e-01
7.800000000000000000e+01	1.210449999999999804e+00	6.480362362665373355e-02	3.889972684179232032e-01
7.900000000000000000e+01	1.217391999999999808e+00	6.555846610443974432e-02	3.839516266165367564e-01
8.000000000000000000e+01	1.224219999999999864e+00	6.630339662902542952e-02	3.788475570552437000e-01
8.100000000000000000e+01	1.230747000000000035e+00	6.703830184076124687e-02	3.736858364447810943e-01
8.200000000000000000e+01	1.237029000000000156e+00	6.776306990559759214e-02	3.684672502689226303e-01
8.300000000000000000e+01	1.242961999999999900e+00	6.847759053210304703e-02	3.631925926649474667e-01
8.400000000000000000e+01	1.248654000000000153e+00	6.918175498824806480e-02	3.578626663027928423e-01
8.500000000000000000e+01	1.254129999999999967e+00	6.987545611795122069e-02	3.524782822629081158e-01
8.600000000000000000e+01	1.259494000000000113e+00	7.055858835738555712e-02	3.470402599128284971e-01
8.700000000000000000e+01	1.264730999999999828e+00	7.123104775104290021e-02	3.415494267824877861e-01
8.800000000000000000e+01	1.269785999999999859e+00	7.189273196755315010e-02	3.360066184382899390e-01
8.900000000000000000e+01	1.274760000000000115e+00	7.254354031525658830e-02	3.304126783559558911e-01
9.000000000000000000e+01	1.279695999999999945e+00	7.318337375752659302e-02	3.247684577921684523e-01
9.100000000000000000e+01	1.284314000000000178e+00	7.381213492784054198e-02	3.190748156550327619e-01
9.200000000000000000e+01	1.288597000000000214e+00	7.442972814459651587e-02	3.133326183733710635e-01
9.300000000000000000e+01	1.292574000000000112e+00	7.503605942567356801e-02	3.075427397648753391e-01
9.400000000000000000e+01	1.296292000000000222e+00	7.563103650273361733e-02	3.017060609031333440e-01
9.500000000000000000e+01	1.299948999999999799e+00	7.621456883526216142e-02	2.958234699835518011e-01
9.600000000000000000e+01	1.303494999999999848e+00	7.678656762434636629e-02	2.898958621881955744e-01
9.700000000000000000e+01	1.306903000000000148e+00	7.734694582618802106e-02	2.839241395495630815e-01
9.800000000000000000e+01	1.310213000000000072e+00	7.789561816534935901e-02	2.779092108133203176e-01
9.900000000000000000e+01	1.313362000000000140e+00	7.843250114772989945e-02	2.718519913000119748e-01
1.000000000000000000e+02	1.316368999999999900e+00	7.895751307327207591e-02	2.657534027657730280e-01
1.010000000000000000e+02	1.319293000000000049e+00	7.947057404839398542e-02	2.596143732620611599e-01
1.020000000000000000e+02	1.322014999999999940e+00	7.997160599814710780e-02	2.534358369944297307e-01
1.030000000000000000e+02	1.324505999999999961e+00	8.046053267809744058e-02	2.472187341803662175e-01
1.040000000000000000e+02	1.326732999999999940e+00	8.093727968592788480e-02	2.409640109062141378e-01
1.050000000000000000e+02	1.328688000000000091e+00	8.140177447276047973e-02	2.346726189832026854e-01
1.060000000000000000e+02	1.330267000000000088e+00	8.185394635419643294e-02	2.283455158026055642e-01
1.070000000000000000e+02	1.331640999999999853e+00	8.229372652107258546e-02	2.219836641900493346e-01
1.080000000000000000e+02	1.332822000000000173e+00	8.272104804993239691e-02	2.155880322589963927e-01
1.090000000000000000e+02	1.333987000000000034e+00	8.313584591320997974e-02	2.091595932634219834e-01
1.100000000000000000e+02	1.335135999999999878e+00	8.353805698912572519e-02	2.026993254497095609e-01
1.110000000000000000e+02	1.336284000000000027e+00	8.392762007129174473e-02	1.962082119077867559e-01
1.120000000000000000e+02	1.337204999999999977e+00	8.430447587802605836e-02	1.896872404215231567e-01
1.130000000000000000e+02	1.337816999999999812e+00	8.466856706137368405e-02	1.831374033184152983e-01
1.140000000000000000e+02	1.338086999999999804e+00	8.501983821583361522e-02	1.765596973185787899e-01
1.150000000000000000e+02	1.338026000000000160e+00	8.535823588679004870e-02	1.699551233830727259e-01
1.160000000000000000e+02	1.337744999999999962e+00	8.568370857864691936e-02	1.633246865615793075e-01
1.170000000000000000e+02	1.337263000000000090e+00	8.599620676266424291e-02	1.566693958394594632e-01
1.180000000000000000e+02	1.336740999999999957e+00	8.629568288449503133e-02	1.499902639842119467e-01
1.190000000000000000e+02	1.336104000000000180e+00	8.658209137142197642e-02	1.432883073913545913e-01
1.200000000000000000e+02	1.335392000000000134e+00	8.685538863929241626e-02	1.365645459297550879e-01
1.210000000000000000e+02	1.334493999999999847e+00	8.711553309915075205e-02	1.298200027864328254e-01
1.220000000000000000e+02	1.333416000000000157e+00	8.736248516356723282e-02	1.230557043108548854e-01
1.230000000000000000e+02	1.332291999999999810e+00	8.759620725266221986e-02	1.162726798587524757e-01
1.240000000000000000e+02	1.331002999999999936e+00	8.781666379982479287e-02	1.094719616354780795e-01
1.250000000000000000e+02	1.329458999999999946e+00	8.802382125712517047e-02	1.026545845389301159e-01
1.260000000000000000e+02	1.327558999999999934e+00	8.821764810041984872e-02	9.582158600206805432e-02
1.270000000000000000e+02	1.325218000000000007e+00	8.839811483414879156e-02	8.897400583504029570e-02
1.280000000000000000e+02	1.322703000000000184e+00	8.856519399582382657e-02	8.211288606695234249e-02
1.290000000000000000e+02	1.320044000000000217e+00	8.871886016020787136e-02	7.523927078729533702e-02
1.300000000000000000e+02	1.317347999999999963e+00	8.885908994318392207e-02	6.835420598706228035e-02
1.310000000000000000e+02	1.314640999999999948e+00	8.898586200531358181e-02	6.145873939957503113e-02
1.320000000000000000e+02	1.311917000000000222e+00	8.909915705508429651e-02	5.455392034104479537e-02
1.330000000000000000e+02	1.309168000000000109e+00	8.919895785184517312e-02	4.764079955089361301e-02
1.340000000000000000e+02	1.306144000000000194e+00	8.928524920843045054e-02	4.072042903185745660e-02
1.350000000000000000e+02	1.302805999999999909e+00	8.935801799347067864e-02	3.379386188989831619e-02
1.360000000000000000e+02	1.299052000000000096e+00	8.941725313339095316e-02	2.686215217394835597e-02
1.370000000000000000e+02	1.295011999999999830e+00	8.946294561409598445e-02	1.992635471550940549e-02
1.380000000000000000e+02	1.290753000000000039e+00	8.949508848234194458e-02	1.298752496813514699e-02
1.390000000000000000e+02	1.286296999999999802e+00	8.951367684679445436e-02	6.046718846816847084e-03
1.400000000000000000e+02	1.281753999999999838e+00	8.951870787877296010e-02	-8.950074326999360669e-04
1.410000000000000000e+02	1.277127000000000123e+00	8.951018081268122262e-02	-7.836597514644381632e-03
1.420000000000000000e+02	1.272362999999999911e+00	8.948809694612373800e-02	-1.477699506397200588e-02
1.430000000000000000e+02	1.267491999999999841e+00	8.945245963970840930e-02	-2.171514392711123079e-02
1.440000000000000000e+02	1.262553000000000036e+00	8.940327431653498358e-02	-2.864998829268421837e-02
1.450000000000000000e+02	1.257592999999999961e+00	8.934054846136992023e-02	-3.558047285217436073e-02
1.460000000000000000e+02	1.252294000000000018e+00	8.926429161950735769e-02	-4.250554296051727021e-02
1.470000000000000000e+02	1.246647999999999978e+00	8.917451539531652538e-02	-4.942414479659205939e-02
1.480000000000000000e+02	1.240610999999999908e+00	8.907123345047590623e-02	-5.633522552358533747e-02
1.490000000000000000e+02	1.234267000000000003e+00	8.895446150189421919e-02	-6.323773344920731454e-02
1.500000000000000000e+02	1.227729000000000070e+00	8.882421731931877673e-02	-7.013061818573249062e-02
1.510000000000000000e+02	1.221138999999999974e+00	8.868052072263130081e-02	-7.701283080984183682e-02
1.520000000000000000e+02	1.214513999999999871e+00	8.852339357883186322e-02	-8.388332402224328577e-02
1.530000000000000000e+02	1.207937999999999956e+00	8.835285979871131123e-02	-9.074105230704339331e-02
1.540000000000000000e+02	1.201299000000000117e+00	8.816894533321258109e-02	-9.758497209084930624e-02
1.550000000000000000e+02	1.194481999999999822e+00	8.797167816948169017e-02	-1.044140419015739535e-01
1.560000000000000000e+02	1.187298000000000187e+00	8.776108832660876879e-02	-1.112272225269215348e-01
1.570000000000000000e+02	1.179787000000000141e+00	8.753720785105986724e-02	-1.180234771725302417e-01
1.580000000000000000e+02	1.172038000000000135e+00	8.730007081180038431e-02	-1.248017716197452470e-01
1.590000000000000000e+02	1.164026999999999923e+00	8.704971329511053402e-02	-1.315610743830016027e-01
1.600000000000000000e+02	1.155844999999999789e+00	8.678617339909400208e-02	-1.383003568667900141e-01
1.610000000000000000e+02	1.147456000000000031e+00	8.650949122788033352e-02	-1.450185935221826594e-01
1.620000000000000000e+02	1.138923999999999825e+00	8.621970888552207835e-02	-1.517147620028968802e-01
1.630000000000000000e+02	1.130288999999999877e+00	8.591687046958768059e-02	-1.583878433208692760e-01
1.640000000000000000e+02	1.121555999999999997e+00	8.560102206445083239e-02	-1.650368220013217757e-01
1.650000000000000000e+02	1.112728999999999857e+00	8.527221173427773637e-02	-1.716606862372889175e-01
1.660000000000000000e+02	1.103877000000000219e+00	8.493048951571284533e-02	-1.782584280435915713e-01
1.670000000000000000e+02	1.094808000000000003e+00	8.457590741026453640e-02	-1.848290434102257684e-01
1.680000000000000000e+02	1.085351000000000177e+00	8.420851937639189932e-02	-1.913715324551477637e-01
1.690000000000000000e+02	1.075432000000000166e+00	8.382838132129348530e-02	-1.978848995764314334e-01
1.700000000000000000e+02	1.065209999999999990e+00	8.343555109239977896e-02	-2.043681536037726398e-01
1.710000000000000000e+02	1.054708000000000201e+00	8.303008846857012903e-02	-2.108203079493218557e-01
1.720000000000000000e+02	1.044197000000000042e+00	8.261205515099603880e-02	-2.172403807578169588e-01
1.730000000000000000e+02	1.033490000000000020e+00	8.218151475381174631e-02	-2.236273950559972135e-01
1.740000000000000000e+02	1.022820999999999980e+00	8.173853279441370412e-02	-2.299803789012740407e-01
1.750000000000000000e+02	1.012128000000000139e+00	8.128317668349062386e-02	-2.362983655296355401e-01
1.760000000000000000e+02	1.001339999999999897e+00	8.081551571476515428e-02	-2.425803935027644465e-01
1.770000000000000000e+02	9.903639999999999111e-01	8.033562105444910784e-02	-2.488255068543445137e-01
1.780000000000000000e+02	9.792750000000000066e-01	7.984356573041385963e-02	-2.550327552355344252e-01
1.790000000000000000e+02	9.678915999999999631e-01	7.933942462107722304e-02	-2.612011940595870274e-01
1.800000000000000000e+02	9.562397999999999731e-01	7.882327444400899497e-02	-2.673298846455910982e-01
1.810000000000000000e+02	9.442508000000000568e-01	7.829519374425632228e-02	-2.734178943613159163e-01
1.820000000000000000e+02	9.320479000000000402e-01	7.775526288239120731e-02	-2.794642967651335685e-01
1.830000000000000000e+02	9.196686000000000583e-01	7.720356402228163717e-02	-2.854681717470003433e-01
1.840000000000000000e+02	9.072057999999999511e-01	7.664018111858830751e-02	-2.914286056684745607e-01
1.850000000000000000e+02	8.947190000000000420e-01	7.606519990398886988e-02	-2.973446915017481373e-01
1.860000000000000000e+02	8.821809999999999929e-01	7.547870787613152055e-02	-3.032155289676749521e-01
1.870000000000000000e+02	8.696369999999999933e-01	7.488079428432015128e-02	-3.090402246727695923e-01
1.880000000000000000e+02	8.569402000000000408e-01	7.427155011593272738e-02	-3.148178922451597139e-01
1.890000000000000000e+02	8.441224999999999978e-01	7.365106808257543269e-02	-3.205476524694696461e-01
1.900000000000000000e+02	8.309725000000000028e-01	7.301944260597424685e-02	-3.262286334206138672e-01
1.910000000000000000e+02	8.174344999999999528e-01	7.237676980360630008e-02	-3.318599705964833113e-01
1.920000000000000000e+02	8.036128999999999634e-01	7.172314747407329549e-02	-3.374408070495000800e-01
1.930000000000000000e+02	7.896246000000000098e-01	7.105867508221892781e-02	-3.429702935170234057e-01
1.940000000000000000e+02	7.755965999999999694e-01	7.038345374399290755e-02	-3.484475885505861625e-01
1.950000000000000000e+02	7.614379000000000008e-01	6.969758621106375562e-02	-3.538718586439414948e-01
1.960000000000000000e+02	7.473503000000000229e-01	6.900117685518231125e-02	-3.592422783599023561e-01
1.970000000000000000e+02	7.331904000000000199e-01	6.829433165229931157e-02	-3.645580304559516982e-01
1.980000000000000000e+02	7.189788999999999763e-01	6.757715816643825035e-02	-3.698183060086062679e-01
1.990000000000000000e+02	7.045820000000000416e-01	6.684976553332701299e-02	-3.750223045365147501e-01
2.000000000000000000e+02	6.900492000000000292e-01	6.611226444379016132e-02	-3.801692341222697724e-01
2.010000000000000000e+02	6.753932999999999742e-01	6.536476712690446333e-02	-3.852583115329190622e-01
2.020000000000000000e+02	6.605421000000000209e-01	6.460738733292055447e-02	-3.902887623391531058e-01
2.030000000000000000e+02	6.456309999999999549e-01	6.384024031595303406e-02	-3.952598210331538797e-01
2.040000000000000000e+02	6.304910000000000236e-01	6.306344281644153671e-02	-4.001707311450860560e-01
2.050000000000000000e+02	6.152330999999999772e-01	6.227711304338607451e-02	-4.050207453582116979e-01
2.060000000000000000e+02	6.000256000000000478e-01	6.148137065635828763e-02	-4.098091256226144563e-01
2.070000000000000000e+02	5.848643999999999510e-01	6.067633674729244753e-02	-4.145351432675113412e-01
2.080000000000000000e+02	5.697037000000000351e-01	5.986213382205829436e-02	-4.191980791121380223e-01
2.090000000000000000e+02	5.545834000000000596e-01	5.903888578181868546e-02	-4.237972235751903960e-01
2.100000000000000000e+02	5.392974999999999852e-01	5.820671790417508706e-02	-4.283318767828042661e-01
2.110000000000000000e+02	5.238319999999999643e-01	5.736575682410331722e-02	-4.328013486750594829e-01
2.120000000000000000e+02	5.081324999999999870e-01	5.651613051468295373e-02	-4.372049591109889444e-01
2.130000000000000000e+02	4.922670999999999575e-01	5.565796826762311328e-02	-4.415420379720791932e-01
2.140000000000000000e+02	4.762452000000000352e-01	5.479140067358741206e-02	-4.458119252642457342e-01
2.150000000000000000e+02	4.602319000000000271e-01	5.391655960232152878e-02	-4.500139712182666396e-01
2.160000000000000000e+02	4.442119999999999957e-01	5.303357818258573608e-02	-4.541475363886621763e-01
2.170000000000000000e+02	4.281708000000000180e-01	5.214259078189618229e-02	-4.582119917510018015e-01
2.180000000000000000e+02	4.122437999999999936e-01	5.124373298607755312e-02	-4.622067187976255931e-01
2.190000000000000000e+02	3.962537999999999894e-01	5.033714157863022898e-02	-4.661311096317661273e-01
2.200000000000000000e+02	3.801641000000000048e-01	4.942295451991546296e-02	-4.699845670600539815e-01
2.210000000000000000e+02	3.639744000000000312e-01	4.850131092616111195e-02	-4.737665046833967608e-01
2.220000000000000000e+02	3.476585999999999843e-01	4.757235104829168892e-02	-4.774763469862136622e-01
2.230000000000000000e+02	3.314021000000000328e-01	4.663621625058579634e-02	-4.811135294240141413e-01
2.240000000000000000e+02	3.149538000000000060e-01	4.569304898916393132e-02	-4.846774985093082466e-01
2.250000000000000000e+02	2.984208999999999889e-01	4.474299279031042353e-02	-4.881677118958322459e-01
2.260000000000000000e+02	2.818824999999999803e-01	4.378619222863212174e-02	-4.915836384610810517e-01
2.270000000000000000e+02	2.653804000000000163e-01	4.282279290505794367e-02	-4.949247583871314582e-01
2.280000000000000000e+02	2.488000000000000211e-01	4.185294142468206496e-02	-4.981905632397449213e-01
2.290000000000000000e+02	2.322643999999999820e-01	4.087678537445422339e-02	-5.013805560457391675e-01
2.300000000000000000e+02	2.156753000000000142e-01	3.989447330072091319e-02	-5.044942513686139218e-01
2.310000000000000000e+02	1.991702999999999946e-01	3.890615468662012716e-02	-5.075311753824230943e-01
2.320000000000000000e+02	1.827543000000000084e-01	3.791197992933394156e-02	-5.104908659438789353e-01
2.330000000000000000e+02	1.663463000000000025e-01	3.691210031720180973e-02	-5.133728726626780592e-01
2.340000000000000000e+02	1.497206000000000092e-01	3.590666800669827657e-02	-5.161767569700403957e-01
2.350000000000000000e+02	1.330848000000000031e-01	3.489583599927871538e-02	-5.189020921854471391e-01
2.360000000000000000e+02	1.164223000000000063e-01	3.387975811809617460e-02	-5.215484635815716974e-01
2.370000000000000000e+02	9.973590000000001621e-02	3.285858898459349114e-02	-5.241154684473907643e-01
2.380000000000000000e+02	8.310000000000000719e-02	3.183248399497377173e-02	-5.266027161494660769e-01
2.390000000000000000e+02	6.651943000000000439e-02	3.080159929655299639e-02	-5.290098281913897527e-01
2.400000000000000000e+02	4.992119000000000417e-02	2.976609176399845624e-02	-5.313364382713808842e-01
2.410000000000000000e+02	3.341805999999999943e-02	2.872611897545614829e-02	-5.335821923380286158e-01
2.420000000000000000e+02	1.676075000000000481e-02	2.768183918857152620e-02	-5.357467486441693794e-01
2.430000000000000000e+02	8.833000000000451601e-05	2.663341131640665355e-02	-5.378297777988918504e-01
2.440000000000000000e+02	-1.664616999999999486e-02	2.558099490325755135e-02	-5.398309628176622965e-01
2.450000000000000000e+02	-3.338831499999999480e-02	2.452475010037577507e-02	-5.417499991705615470e-01
2.460000000000000000e+02	-5.016844999999998944e-02	2.346483764159718391e-02	-5.435865948286269234e-01
2.470000000000000000e+02	-6.695321999999999385e-02	2.240141881888245770e-02	-5.453404703082913585e-01
2.480000000000000000e+02	-8.384345999999999466e-02	2.133465545777249103e-02	-5.470113587139140421e-01
2.490000000000000000e+02	-9.234122000000000163e-02	2.026470989276257795e-02	-5.485990057783952656e-01
2.500000000000000000e+02	-1.090548400000000001e-01	1.919174494259936331e-02	-5.501031699018688048e-01
2.510000000000000000e+02	-1.256714999999999915e-01	1.811592388550367291e-02	-5.515236221884683987e-01
2.520000000000000000e+02	-1.421544999999999892e-01	1.703741043432387831e-02	-5.528601464811591093e-01
2.530000000000000000e+02	-1.586831999999999965e-01	1.595636871162284948e-02	-5.541125393946311206e-01
2.540000000000000000e+02	-1.752017999999999909e-01	1.487296322470262923e-02	-5.552806103462503140e-01
2.550000000000000000e+02	-1.918747999999999843e-01	1.378735884057070635e-02	-5.563641815850594030e-01
2.560000000000000000e+02	-2.084927000000000030e-01	1.269972076085118182e-02	-5.573630882188278513e-01
2.570000000000000000e+02	-2.249616999999999867e-01	1.161021449664540947e-02	-5.582771782391436899e-01
2.580000000000000000e+02	-2.413028999999999868e-01	1.051900584334533595e-02	-5.591063125445460136e-01
2.590000000000000000e+02	-2.575530000000000319e-01	9.426260855403567965e-03	-5.598503649616921596e-01
2.600000000000000000e+02	-2.739551999999999543e-01	8.332145821064248711e-03	-5.605092222645583488e-01
2.610000000000000000e+02	-2.905151999999999735e-01	7.236827237057927471e-03	-5.610827841916700143e-01
2.620000000000000000e+02	-3.069977999999999874e-01	6.140471783265119207e-03	-5.615709634613585965e-01
2.630000000000000000e+02	-3.234170000000000100e-01	5.043246297351783314e-03	-5.619736857850440304e-01
2.640000000000000000e+02	-3.396012999999999948e-01	3.945317749380800737e-03	-5.622908898785395904e-01
2.650000000000000000e+02	-3.556004999999999860e-01	2.846853216403494400e-03	-5.625225274713772095e-01
2.660000000000000000e+02	-3.713998000000000022e-01	1.748019857034475467e-03	-5.626685633141540466e-01
2.670000000000000000e+02	-3.952437999999999785e-01	6.489848860144774084e-04	-5.627289751838955301e-01
2.680000000000000000e+02	-4.032647999999999788e-01	-4.500844512355561453e-04	-5.627037538874379852e-01
2.690000000000000000e+02	-4.193135000000000057e-01	-1.549020904065046694e-03	-5.625929032628269599e-01
2.700000000000000000e+02	-4.353393999999999875e-01	-2.647657242044956435e-03	-5.623964401787333589e-01
2.710000000000000000e+02	-4.590376999999999930e-01	-3.745826280416282052e-03	-5.621143945318867186e-01
2.720000000000000000e+02	-4.669246999999999703e-01	-4.843360905531203520e-03	-5.617468092425255133e-01
2.730000000000000000e+02	-4.825019999999999865e-01	-5.940094100283604267e-03	-5.612937402478656024e-01
2.740000000000000000e+02	-4.980566000000000160e-01	-7.035858969524913346e-03	-5.607552564935880390e-01
2.750000000000000000e+02	-5.212305999999999884e-01	-8.130488765461171830e-03	-5.601314399233475738e-01
2.760000000000000000e+02	-5.288741000000000136e-01	-9.223816913028091632e-03	-5.594223854663027407e-01
2.770000000000000000e+02	-5.515090000000000270e-01	-1.031567703523941087e-02	-5.586282010226697459e-01
2.780000000000000000e+02	-5.589979999999999949e-01	-1.140590297850533306e-02	-5.577490074473032688e-01
2.790000000000000000e+02	-5.739891999999999772e-01	-1.249432883791694142e-02	-5.567849385313048405e-01
2.800000000000000000e+02	-5.967538000000000009e-01	-1.358078898249259064e-02	-5.557361409816640174e-01
2.810000000000000000e+02	-6.121330999999999856e-01	-1.466511808038301057e-02	-5.546027743989321301e-01
2.820000000000000000e+02	-6.273090000000000055e-01	-1.574715112403048123e-02	-5.533850112529362653e-01
2.830000000000000000e+02	-6.348325999999999691e-01	-1.682672345527885804e-02	-5.520830368565330382e-01
2.840000000000000000e+02	-6.498180999999999541e-01	-1.790367079043045026e-02	-5.506970493374087061e-01
2.850000000000000000e+02	-6.645223000000000102e-01	-1.897782924524568302e-02	-5.492272596079292857e-01
2.860000000000000000e+02	-6.789944999999999453e-01	-2.004903535988239449e-02	-5.476738913330447822e-01
2.870000000000000000e+02	-6.932869999999999866e-01	-2.111712612377014686e-02	-5.460371808962535267e-01
2.880000000000000000e+02	-7.143207999999999780e-01	-2.218193900041635913e-02	-5.443173773636299506e-01
2.890000000000000000e+02	-7.282151999999999514e-01	-2.324331195214030324e-02	-5.425147424459232370e-01
2.900000000000000000e+02	-7.352393000000000400e-01	-2.430108346473101519e-02	-5.406295504587318446e-01
2.910000000000000000e+02	-7.492933999999999983e-01	-2.535509257202589461e-02	-5.386620882807591215e-01
2.920000000000000000e+02	-7.633330999999999866e-01	-2.640517888040555886e-02	-5.366126553101577823e-01
2.930000000000000000e+02	-7.772909000000000068e-01	-2.745118259320174572e-02	-5.344815634189690190e-01
2.940000000000000000e+02	-7.909437000000000273e-01	-2.849294453501438271e-02	-5.322691369056636868e-01
2.950000000000000000e+02	-8.042692999999999648e-01	-2.953030617593389515e-02	-5.299757124457920021e-01
2.960000000000000000e+02	-8.176299000000000206e-01	-3.056310965566572460e-02	-5.276016390407500811e-01
2.970000000000000000e+02	-8.373825000000000296e-01	-3.159119780755249851e-02	-5.251472779646704225e-01
2.980000000000000000e+02	-8.503500999999999976e-01	-3.261441418249090562e-02	-5.226130027094457731e-01
2.990000000000000000e+02	-8.566601000000000354e-01	-3.363260307273932548e-02	-5.199991989278923699e-01
3.000000000000000000e+02	-8.691830000000000389e-01	-3.464560953561246492e-02	-5.173062643750637735e-01
3.010000000000000000e+02	-8.815534999999999899e-01	-3.565327941705997983e-02	-5.145346088477223967e-01
3.020000000000000000e+02	-8.939057999999999726e-01	-3.665545937512465491e-02	-5.116846541219786104e-01
3.030000000000000000e+02	-9.127389000000000197e-01	-3.765199690327725862e-02	-5.087568338891076403e-01
3.040000000000000000e+02	-9.190433999999999548e-01	-3.864274035362418730e-02	-5.057515936895514708e-01
3.050000000000000000e+02	-9.316263000000000183e-01	-3.962753895998433196e-02	-5.026693908451206338e-01
3.060000000000000000e+02	-9.438503999999999783e-01	-4.060624286083212159e-02	-4.995106943893995455e-01
3.070000000000000000e+02	-9.612990999999999620e-01	-4.157870312210249636e-02	-4.962759849963725989e-01
3.080000000000000000e+02	-9.669605000000000006e-01	-4.254477175985495185e-02	-4.929657549072770650e-01
3.090000000000000000e+02	-9.782066999999999846e-01	-4.350430176279303923e-02	-4.895805078556966228e-01
3.100000000000000000e+02	-9.949738999999999667e-01	-4.445714711463560898e-02	-4.861207589909062321e-01
3.110000000000000000e+02	-1.000478699999999943e+00	-4.540316281633700879e-02	-4.825870347994786203e-01
3.120000000000000000e+02	-1.011350300000000146e+00	-4.634220490815216947e-02	-4.789798730251664804e-01
3.130000000000000000e+02	-1.028103900000000070e+00	-4.727413049154368524e-02	-4.752998225870719851e-01
3.140000000000000000e+02	-1.032712000000000074e+00	-4.819879775092737045e-02	-4.715474434961143824e-01
3.150000000000000000e+02	-1.043172999999999906e+00	-4.911606597525291357e-02	-4.677233067698112756e-01
3.160000000000000000e+02	-1.059619999999999784e+00	-5.002579557941674165e-02	-4.638279943453832432e-01
3.170000000000000000e+02	-1.069088999999999956e+00	-5.092784812550323059e-02	-4.598620989911983425e-01
3.180000000000000000e+02	-1.079146000000000161e+00	-5.182208634385147838e-02	-4.558262242165673772e-01
3.190000000000000000e+02	-1.088795000000000179e+00	-5.270837415394433179e-02	-4.517209841799048609e-01
3.200000000000000000e+02	-1.098062000000000094e+00	-5.358657668511631472e-02	-4.475470035952704984e-01
3.210000000000000000e+02	-1.107101000000000113e+00	-5.445656029707766910e-02	-4.433049176373020095e-01
3.220000000000000000e+02	-1.115924999999999834e+00	-5.531819260025096913e-02	-4.389953718445587239e-01
3.230000000000000000e+02	-1.124722999999999917e+00	-5.617134247591747120e-02	-4.346190220212862720e-01
3.240000000000000000e+02	-1.133467000000000002e+00	-5.701588009617014619e-02	-4.301765341376199148e-01
3.250000000000000000e+02	-1.142256999999999856e+00	-5.785167694367002872e-02	-4.256685842282411647e-01
3.260000000000000000e+02	-1.150897000000000059e+00	-5.867860583120363543e-02	-4.210958582895009128e-01
3.270000000000000000e+02	-1.159285999999999817e+00	-5.949654092103740660e-02	-4.164590521750294871e-01
3.280000000000000000e+02	-1.167377999999999805e+00	-6.030535774406695776e-02	-4.117588714898453572e-01
3.290000000000000000e+02	-1.175120000000000164e+00	-6.110493321875845596e-02	-4.069960314829785819e-01
3.300000000000000000e+02	-1.182621000000000144e+00	-6.189514566987829036e-02	-4.021712569386285963e-01
3.310000000000000000e+02	-1.189826000000000050e+00	-6.267587484700903877e-02	-3.972852820658706596e-01
3.320000000000000000e+02	-1.196914000000000033e+00	-6.344700194284856598e-02	-3.923388503869272292e-01
3.330000000000000000e+02	-1.203904000000000085e+00	-6.420840961128947144e-02	-3.873327146240231333e-01
3.340000000000000000e+02	-1.210834000000000188e+00	-6.495998198527620782e-02	-3.822676365848394764e-01
3.350000000000000000e+02	-1.217744999999999855e+00	-6.570160469443717122e-02	-3.771443870465865378e-01
3.360000000000000000e+02	-1.224502999999999897e+00	-6.643316488248894591e-02	-3.719637456387102081e-01
3.370000000000000000e+02	-1.231027999999999789e+00	-6.715455122441020552e-02	-3.667265007242523356e-01
3.380000000000000000e+02	-1.237350999999999868e+00	-6.786565394338252288e-02	-3.614334492798823573e-01
3.390000000000000000e+02	-1.243510999999999811e+00	-6.856636482749574324e-02	-3.560853967746162585e-01
3.400000000000000000e+02	-1.249270999999999798e+00	-6.925657724621500644e-02	-3.506831570472453419e-01
3.410000000000000000e+02	-1.254642000000000035e+00	-6.993618616660730869e-02	-3.452275521824904603e-01
3.420000000000000000e+02	-1.259898999999999880e+00	-7.060508816932478671e-02	-3.397194123859010872e-01
3.430000000000000000e+02	-1.265022000000000091e+00	-7.126318146434257317e-02	-3.341595758575193198e-01
3.440000000000000000e+02	-1.270115999999999801e+00	-7.191036590644871163e-02	-3.285488886643266326e-01
3.450000000000000000e+02	-1.274967999999999879e+00	-7.254654301048364673e-02	-3.228882046114942006e-01
3.460000000000000000e+02	-1.279707000000000150e+00	-7.317161596632729137e-02	-3.171783851124547748e-01
3.470000000000000000e+02	-1.284396000000000093e+00	-7.378548965363100620e-02	-3.114202990578173735e-01
3.480000000000000000e+02	-1.288879999999999804e+00	-7.438807065629247928e-02	-3.056148226831452153e-01
3.490000000000000000e+02	-1.293108000000000146e+00	-7.497926727667143798e-02	-2.997628394356126602e-01
3.500000000000000000e+02	-1.297050000000000036e+00	-7.555898954954361202e-02	-2.938652398395683041e-01
3.510000000000000000e+02	-1.300701999999999803e+00	-7.612714925579125436e-02	-2.879229213610191018e-01
3.520000000000000000e+02	-1.304046000000000038e+00	-7.668365993582776374e-02	-2.819367882710587248e-01
3.530000000000000000e+02	-1.307123999999999953e+00	-7.722843690275471573e-02	-2.759077515082605792e-01
3.540000000000000000e+02	-1.310035000000000061e+00	-7.776139725524909563e-02	-2.698367285400554150e-01
3.550000000000000000e+02	-1.312834000000000056e+00	-7.828245989017873496e-02	-2.637246432231162840e-01
3.560000000000000000e+02	-1.315618000000000176e+00	-7.879154551494421677e-02	-2.575724256627707764e-01
3.570000000000000000e+02	-1.318395999999999901e+00	-7.928857665954519574e-02	-2.513810120714617957e-01
3.580000000000000000e+02	-1.321073999999999860e+00	-7.977347768836928754e-02	-2.451513446262816587e-01
3.590000000000000000e+02	-1.323723999999999901e+00	-8.024617481170205624e-02	-2.388843713255936196e-01
3.600000000000000000e+02	-1.326051000000000091e+00	-8.070659609695587933e-02	-2.325810458447722662e-01
3.610000000000000000e+02	-1.328174999999999883e+00	-8.115467147961624717e-02	-2.262423273910778299e-01
3.620000000000000000e+02	-1.329982999999999915e+00	-8.159033277390387306e-02	-2.198691805576888370e-01
3.630000000000000000e+02	-1.331433000000000089e+00	-8.201351368315076829e-02	-2.134625751769154700e-01
3.640000000000000000e+02	-1.332600999999999924e+00	-8.242414980988901907e-02	-2.070234861726154285e-01
3.650000000000000000e+02	-1.333708999999999811e+00	-8.282217866565037834e-02	-2.005528934118352147e-01
3.660000000000000000e+02	-1.334710999999999981e+00	-8.320753968047550631e-02	-1.940517815556989101e-01
3.670000000000000000e+02	-1.335659999999999847e+00	-8.358017421213112530e-02	-1.875211399095673692e-01
3.680000000000000000e+02	-1.336555999999999855e+00	-8.394002555503392304e-02	-1.809619622724923382e-01
3.690000000000000000e+02	-1.337323000000000039e+00	-8.428703894887971948e-02	-1.743752467859828736e-01
3.700000000000000000e+02	-1.337814999999999976e+00	-8.462116158697657875e-02	-1.677619957821150642e-01
3.710000000000000000e+02	-1.338086999999999804e+00	-8.494234262428071447e-02	-1.611232156310019037e-01
3.720000000000000000e+02	-1.338035999999999781e+00	-8.525053318513373113e-02	-1.544599165876490987e-01
3.730000000000000000e+02	-1.337683000000000177e+00	-8.554568637070036896e-02	-1.477731126382197113e-01
3.740000000000000000e+02	-1.337101000000000095e+00	-8.582775726610522571e-02	-1.410638213457311441e-01
3.750000000000000000e+02	-1.336307999999999829e+00	-8.609670294726771977e-02	-1.343330636952075607e-01
3.760000000000000000e+02	-1.335297000000000178e+00	-8.635248248743410127e-02	-1.275818639383117237e-01
3.770000000000000000e+02	-1.334172999999999831e+00	-8.659505696340540071e-02	-1.208112494374792983e-01
3.780000000000000000e+02	-1.332993999999999790e+00	-8.682438946146052439e-02	-1.140222505095820626e-01
3.790000000000000000e+02	-1.331802000000000152e+00	-8.704044508297370530e-02	-1.072159002691367158e-01
3.800000000000000000e+02	-1.330550000000000122e+00	-8.724319094972514399e-02	-1.003932344710929264e-01
3.810000000000000000e+02	-1.329146999999999856e+00	-8.743259620890420081e-02	-9.355529135321691281e-02
3.820000000000000000e+02	-1.327516000000000140e+00	-8.760863203780445974e-02	-8.670311147809800500e-02
3.830000000000000000e+02	-1.325524999999999842e+00	-8.777127164820984484e-02	-7.983773757480101818e-02
3.840000000000000000e+02	-1.323227000000000153e+00	-8.792049029047104003e-02	-7.296021438018937544e-02
3.850000000000000000e+02	-1.320542000000000105e+00	-8.805626525727180964e-02	-6.607158847994240580e-02
3.860000000000000000e+02	-1.317692999999999781e+00	-8.817857588708448435e-02	-5.917290814929135334e-02
3.870000000000000000e+02	-1.314864000000000033e+00	-8.828740356731408501e-02	-5.226522319349787699e-02
3.880000000000000000e+02	-1.311967000000000105e+00	-8.838273173713072361e-02	-4.534958478810210275e-02
3.890000000000000000e+02	-1.309022000000000130e+00	-8.846454588998978186e-02	-3.842704531895720088e-02
3.900000000000000000e+02	-1.306011999999999951e+00	-8.853283357583929813e-02	-3.149865822208482158e-02
3.910000000000000000e+02	-1.302856999999999932e+00	-8.858758440301474357e-02	-2.456547782336815713e-02
3.920000000000000000e+02	-1.299516000000000115e+00	-8.862879003982022941e-02	-1.762855917811012585e-02
3.930000000000000000e+02	-1.295904000000000167e+00	-8.865644421579642331e-02	-1.068895791048054232e-02
3.940000000000000000e+02	-1.291977000000000153e+00	-8.867054272267482773e-02	-3.747730052876727634e-03
3.950000000000000000e+02	-1.287739000000000189e+00	-8.867108341501798996e-02	3.194068114778001333e-03
3.960000000000000000e+02	-1.283250999999999920e+00	-8.865806621054619918e-02	1.013538022577351039e-02
3.970000000000000000e+02	-1.278573999999999877e+00	-8.863149309014989319e-02	1.707514998736573905e-02
3.980000000000000000e+02	-1.273763999999999896e+00	-8.859136809758816344e-02	2.401232134151582917e-02
3.990000000000000000e+02	-1.268810000000000215e+00	-8.853769733887351112e-02	3.094583862559854154e-02
4.000000000000000000e+02	-1.263781999999999961e+00	-8.847048898134265982e-02	3.787464673304550417e-02
4.010000000000000000e+02	-1.258693000000000062e+00	-8.838975325241359149e-02	4.479769127390632877e-02
4.020000000000000000e+02	-1.253534000000000148e+00	-8.829550243802926357e-02	5.171391873530017252e-02
4.030000000000000000e+02	-1.248254999999999892e+00	-8.818775088078799340e-02	5.862227664173389613e-02
4.040000000000000000e+02	-1.242698999999999998e+00	-8.806651497776088466e-02	6.552171371526223365e-02
4.050000000000000000e+02	-1.236756999999999884e+00	-8.793181317799654562e-02	7.241118003546584414e-02
4.060000000000000000e+02	-1.230388000000000037e+00	-8.778366597971370977e-02	7.928962719922276470e-02
4.070000000000000000e+02	-1.223739999999999828e+00	-8.762209592718182838e-02	8.615600848024930480e-02
4.080000000000000000e+02	-1.216995999999999967e+00	-8.744712760729046741e-02	9.300927898838362573e-02
4.090000000000000000e+02	-1.210173999999999861e+00	-8.725878764580774494e-02	9.984839582859444951e-02
4.100000000000000000e+02	-1.203371999999999886e+00	-8.705710470332864159e-02	1.066723182596815839e-01
4.110000000000000000e+02	-1.196416000000000146e+00	-8.684210947091346167e-02	1.134800078526508743e-01
4.120000000000000000e+02	-1.189381000000000022e+00	-8.661383466541755505e-02	1.202704286487370072e-01
4.130000000000000000e+02	-1.182047999999999988e+00	-8.637231502451254983e-02	1.270425473170502528e-01
4.140000000000000000e+02	-1.174549999999999983e+00	-8.611758730140017803e-02	1.337953333118234722e-01
4.150000000000000000e+02	-1.166850999999999861e+00	-8.584969025921938834e-02	1.405277590292350332e-01
4.160000000000000000e+02	-1.158881000000000050e+00	-8.556866466514752301e-02	1.472387999637845002e-01
4.170000000000000000e+02	-1.150596999999999870e+00	-8.527455328419664138e-02	1.539274348641966883e-01
4.180000000000000000e+02	-1.142049000000000092e+00	-8.496740087270573949e-02	1.605926458888287389e-01
4.190000000000000000e+02	-1.133157999999999888e+00	-8.464725417152990650e-02	1.672334187605626632e-01
4.200000000000000000e+02	-1.124211999999999989e+00	-8.431416189892765312e-02	1.738487429211508783e-01
4.210000000000000000e+02	-1.115212000000000092e+00	-8.396817474314711982e-02	1.804376116849982226e-01
4.220000000000000000e+02	-1.106167999999999818e+00	-8.360934535471267748e-02	1.869990223923540806e-01
4.230000000000000000e+02	-1.096973999999999894e+00	-8.323772833841278085e-02	1.935319765618919718e-01
4.240000000000000000e+02	-1.087721999999999856e+00	-8.285338024499054599e-02	2.000354800426531465e-01
4.250000000000000000e+02	-1.078165999999999958e+00	-8.245635956253816179e-02	2.065085431653314596e-01
4.260000000000000000e+02	-1.068232000000000070e+00	-8.204672670759638464e-02	2.129501808928759288e-01
4.270000000000000000e+02	-1.057904000000000178e+00	-8.162454401596076770e-02	2.193594129703890783e-01
4.280000000000000000e+02	-1.047410999999999870e+00	-8.118987573319570716e-02	2.257352640742952832e-01
4.290000000000000000e+02	-1.036748999999999921e+00	-8.074278800485784613e-02	2.320767639607629884e-01
4.300000000000000000e+02	-1.026073600000000141e+00	-8.028334886643037627e-02	2.383829476133497438e-01
4.310000000000000000e+02	-1.015222800000000092e+00	-7.981162823296983344e-02	2.446528553898535963e-01
4.320000000000000000e+02	-1.004238900000000045e+00	-7.932769788846667780e-02	2.508855331683467194e-01
4.330000000000000000e+02	-9.931075000000000319e-01	-7.883163147492169842e-02	2.570800324923684932e-01
4.340000000000000000e+02	-9.817517000000000049e-01	-7.832350448113944985e-02	2.632354107152568012e-01
4.350000000000000000e+02	-9.702941000000000482e-01	-7.780339423124084386e-02	2.693507311435950902e-01
4.360000000000000000e+02	-9.586909000000000125e-01	-7.727137987289631194e-02	2.754250631797533488e-01
4.370000000000000000e+02	-9.468683999999999434e-01	-7.672754236528150917e-02	2.814574824635023842e-01
4.380000000000000000e+02	-9.348765999999999465e-01	-7.617196446675748855e-02	2.874470710126758588e-01
4.390000000000000000e+02	-9.225128999999999690e-01	-7.560473072227683056e-02	2.933929173628673226e-01
4.400000000000000000e+02	-9.097923999999999456e-01	-7.502592745051805956e-02	2.992941167061297647e-01
4.410000000000000000e+02	-8.969418000000000113e-01	-7.443564273075013726e-02	3.051497710286654175e-01
4.420000000000000000e+02	-8.840424999999999534e-01	-7.383396638942904544e-02	3.109589892474806661e-01
4.430000000000000000e+02	-8.713024000000000324e-01	-7.322098998652842861e-02	3.167208873459863572e-01
4.440000000000000000e+02	-8.585737999999999426e-01	-7.259680680160648936e-02	3.224345885085231900e-01
4.450000000000000000e+02	-8.457949000000000161e-01	-7.196151181961113474e-02	3.280992232537902620e-01
4.460000000000000000e+02	-8.327213999999999450e-01	-7.131520171642578843e-02	3.337139295671590622e-01
4.470000000000000000e+02	-8.193114000000000230e-01	-7.065797484415753393e-02	3.392778530318500962e-01
4.480000000000000000e+02	-8.055579999999999963e-01	-6.998993121617078095e-02	3.447901469589522150e-01
4.490000000000000000e+02	-7.915862000000000176e-01	-6.931117249186732887e-02	3.502499725162699917e-01
4.500000000000000000e+02	-7.775583999999999829e-01	-6.862180196121660247e-02	3.556564988559707818e-01
4.510000000000000000e+02	-7.634552000000000005e-01	-6.792192452903750288e-02	3.610089032410193632e-01
4.520000000000000000e+02	-7.492016000000000231e-01	-6.721164669903448297e-02	3.663063711703781755e-01
4.530000000000000000e+02	-7.348561000000000121e-01	-6.649107655759042834e-02	3.715480965029531180e-01
4.540000000000000000e+02	-7.204886000000000346e-01	-6.576032375731857837e-02	3.767332815802686419e-01
4.550000000000000000e+02	-7.060549999999999882e-01	-6.501949950037619330e-02	3.818611373478507098e-01
4.560000000000000000e+02	-6.915900999999999854e-01	-6.426871652154240999e-02	3.869308834753012460e-01
4.570000000000000000e+02	-6.770188999999999790e-01	-6.350808907106272883e-02	3.919417484750452041e-01
4.580000000000000000e+02	-6.623742000000000241e-01	-6.273773289726328195e-02	3.968929698197299349e-01
4.590000000000000000e+02	-6.474480000000000235e-01	-6.195776522893652050e-02	4.017837940582646428e-01
4.600000000000000000e+02	-6.323431000000000468e-01	-6.116830475750214408e-02	4.066134769304756147e-01
4.610000000000000000e+02	-6.170145000000000213e-01	-6.036947161894522240e-02	4.113812834803639018e-01
4.620000000000000000e+02	-6.015483999999999831e-01	-5.956138737553450663e-02	4.160864881679472438e-01
4.630000000000000000e+02	-5.860225999999999491e-01	-5.874417499732372677e-02	4.207283749796688066e-01
4.640000000000000000e+02	-5.706571000000000282e-01	-5.791795884343867162e-02	4.253062375373566351e-01
4.650000000000000000e+02	-5.554219000000000239e-01	-5.708286464315282666e-02	4.298193792057165008e-01
4.660000000000000000e+02	-5.401025999999999883e-01	-5.623901947675458146e-02	4.342671131983419919e-01
4.670000000000000000e+02	-5.247484000000000037e-01	-5.538655175620871285e-02	4.386487626822269115e-01
4.680000000000000000e+02	-5.091799999999999660e-01	-5.452559120561559919e-02	4.429636608807603904e-01
4.690000000000000000e+02	-4.934452999999999756e-01	-5.365626884147010195e-02	4.472111511751958868e-01
4.700000000000000000e+02	-4.775997000000000159e-01	-5.277871695272440267e-02	4.513905872045703149e-01
4.710000000000000000e+02	-4.617157000000000067e-01	-5.189306908065689089e-02	4.555013329640646425e-01
4.720000000000000000e+02	-4.458261000000000029e-01	-5.099945999855057255e-02	4.595427629017870830e-01
4.730000000000000000e+02	-4.299501000000000017e-01	-5.009802569118395471e-02	4.635142620139673930e-01
4.740000000000000000e+02	-4.139397999999999689e-01	-4.918890333413757088e-02	4.674152259385437325e-01
4.750000000000000000e+02	-3.978299000000000141e-01	-4.827223127291933868e-02	4.712450610471325407e-01
4.760000000000000000e+02	-3.817081999999999975e-01	-4.734814900191187947e-02	4.750031845353626658e-01
4.770000000000000000e+02	-3.655572999999999739e-01	-4.641679714314488059e-02	4.786890245115646980e-01
4.780000000000000000e+02	-3.494337000000000137e-01	-4.547831742489626128e-02	4.823020200837968008e-01
4.790000000000000000e+02	-3.332524000000000042e-01	-4.453285266012429328e-02	4.858416214452004334e-01
4.800000000000000000e+02	-3.170823999999999865e-01	-4.358054672473531815e-02	4.893072899576653145e-01
4.810000000000000000e+02	-3.007052000000000058e-01	-4.262154453568943457e-02	4.926984982337976327e-01
4.820000000000000000e+02	-2.841931999999999792e-01	-4.165599202894775671e-02	4.960147302171746264e-01
4.830000000000000000e+02	-2.674330999999999792e-01	-4.068403613726465085e-02	4.992554812608754333e-01
4.840000000000000000e+02	-2.507333999999999952e-01	-3.970582476782826692e-02	5.024202582042757159e-01
4.850000000000000000e+02	-2.341383999999999965e-01	-3.872150677975279287e-02	5.055085794480942418e-01
4.860000000000000000e+02	-2.177057000000000020e-01	-3.773123196142585956e-02	5.085199750276800934e-01
4.870000000000000000e+02	-2.014820999999999973e-01	-3.673515100771444775e-02	5.114539866845299043e-01
4.880000000000000000e+02	-1.851933999999999803e-01	-3.573341549703320380e-02	5.143101679360220224e-01
4.890000000000000000e+02	-1.687161999999999829e-01	-3.472617786827762731e-02	5.170880841433614927e-01
4.900000000000000000e+02	-1.521881999999999957e-01	-3.371359139762694634e-02	5.197873125777200398e-01
4.910000000000000000e+02	-1.355985000000000107e-01	-3.269581017521933086e-02	5.224074424845652764e-01
4.920000000000000000e+02	-1.189270699999999958e-01	-3.167298908170320532e-02	5.249480751461667039e-01
4.930000000000000000e+02	-1.022528799999999904e-01	-3.064528376466837956e-02	5.274088239422710656e-01
4.940000000000000000e+02	-8.560382999999999187e-02	-2.961285061496033919e-02	5.297893144089358408e-01
4.950000000000000000e+02	-6.897670000000000190e-02	-2.857584674288156032e-02	5.320891842955132178e-01
4.960000000000000000e+02	-5.235377999999999560e-02	-2.753442995428324533e-02	5.343080836197756645e-01
4.970000000000000000e+02	-3.563825899999999158e-02	-2.648875872655119881e-02	5.364456747211745480e-01
4.980000000000000000e+02	-1.887163999999999509e-02	-2.543899218448982674e-02	5.385016323122228110e-01
4.990000000000000000e+02	-2.161849999999992944e-03	-2.438529007610695104e-02	5.404756435279964855e-01
5.000000000000000000e+02	1.450911000000000561e-02	-2.332781274830445645e-02	5.423674079737442755e-01
5.010000000000000000e+02	3.100955000000001072e-02	-2.226672112247746541e-02	5.441766377706004354e-01
5.020000000000000000e+02	4.754105000000000136e-02	-2.120217667002616962e-02	5.459030575993921719e-01
5.030000000000000000e+02	6.413421000000001093e-02	-2.013434138778392307e-02	5.475464047425367964e-01
5.040000000000000000e+02	8.094200000000000006e-02	-1.906337777336544401e-02	5.491064291240201900e-01
5.050000000000000000e+02	9.780579999999999830e-02	-1.798944880043875164e-02	5.505828933474528064e-01
5.060000000000000000e+02	1.145400000000000029e-01	-1.691271789392468847e-02	5.519755727321945526e-01
5.070000000000000000e+02	1.310757999999999923e-01	-1.583334890512768864e-02	5.532842553475463276e-01
5.080000000000000000e+02	1.474016999999999966e-01	-1.475150608680204228e-02	5.545087420449998916e-01
5.090000000000000000e+02	1.638388000000000067e-01	-1.366735406815631354e-02	5.556488464885435130e-01
5.100000000000000000e+02	1.803783999999999943e-01	-1.258105782980122739e-02	5.567043951830177306e-01
5.110000000000000000e+02	1.969888999999999946e-01	-1.149278267864370026e-02	5.576752275005169013e-01
