0.000000000000000000e+00	5.615396000000000276e-01	-1.123302534535683232e-02	6.791314904646016393e-01
1.000000000000000000e+00	5.786629000000000911e-01	-9.905736660119950077e-03	6.799948823237845774e-01
2.000000000000000000e+00	5.957493000000000372e-01	-8.576862724766400742e-03	6.807547659923686156e-01
3.000000000000000000e+00	6.131852000000000968e-01	-7.246605819254695914e-03	6.814110258015663169e-01
4.000000000000000000e+00	6.308902000000000676e-01	-5.915168434057775128e-03	6.819635618561178392e-01
5.000000000000000000e+00	6.479018000000000832e-01	-4.582753239340106935e-03	6.824122900494973276e-01
6.000000000000000000e+00	6.643451000000001327e-01	-3.249563054107419517e-03	6.827571420767150068e-01
7.000000000000000000e+00	6.815579000000000498e-01	-1.915800815333771907e-03	6.829980654447150856e-01
8.000000000000000000e+00	6.988354000000001065e-01	-5.816695470706900089e-04	6.831350234803658106e-01
9.000000000000000000e+00	7.161118000000000761e-01	7.526276704569761404e-04	6.831679953360418889e-01
1.000000000000000000e+01	7.331129000000000673e-01	2.086887731763733319e-03	6.830969759927980611e-01
1.100000000000000000e+01	7.487185000000000645e-01	3.420907537019974437e-03	6.829219762611330458e-01
1.200000000000000000e+01	7.643607000000001150e-01	4.754484022967641471e-03	6.826430227793436334e-01
1.300000000000000000e+01	7.809128000000000736e-01	6.087414193830339992e-03	6.822601580094701523e-01
1.400000000000000000e+01	7.980168000000000816e-01	7.419495152213150847e-03	6.817734402308330832e-01
1.500000000000000000e+01	8.148675000000000779e-01	8.750524129987492100e-03	6.811829435311613778e-01
1.600000000000000000e+01	8.318560000000000398e-01	1.008029851915629577e-02	6.804887577953153688e-01
1.700000000000000000e+01	8.484211000000000391e-01	1.140861590269480821e-02	6.796909886916041588e-01
1.800000000000000000e+01	8.646399000000001278e-01	1.273527408536232440e-02	6.787897576557010426e-01
1.900000000000000000e+01	8.806417000000000828e-01	1.406007112448015572e-02	6.777852018721588490e-01
2.000000000000000000e+01	8.961034000000001054e-01	1.538280536067115553e-02	6.766774742535278664e-01
2.100000000000000000e+01	9.107958000000000442e-01	1.670327544855613328e-02	6.754667434170790186e-01
2.200000000000000000e+01	9.253629000000000993e-01	1.802128038740245450e-02	6.741531936591380614e-01
2.300000000000000000e+01	9.401002000000000525e-01	1.933661955172017582e-02	6.727370249270311353e-01
2.400000000000000000e+01	9.552302000000000293e-01	2.064909272180108848e-02	6.712184527886502217e-01
2.500000000000000000e+01	9.700121000000000437e-01	2.195850011419598485e-02	6.695977083996380586e-01
2.600000000000000000e+01	9.842910000000000270e-01	2.326464241212545733e-02	6.678750384682030639e-01
2.700000000000000000e+01	9.984300000000001507e-01	2.456732079581979561e-02	6.660507052175652642e-01
2.800000000000000000e+01	1.012575000000000003e+00	2.586633697278305569e-02	6.641249863460410019e-01
2.900000000000000000e+01	1.026977000000000029e+00	2.716149320797705408e-02	6.620981749847714148e-01
3.000000000000000000e+01	1.041428000000000020e+00	2.845259235392032585e-02	6.599705796531031288e-01
3.100000000000000000e+01	1.054919000000000162e+00	2.973943788069779992e-02	6.577425242116250459e-01
3.200000000000000000e+01	1.067468000000000083e+00	3.102183390587634829e-02	6.554143478128708900e-01
3.300000000000000000e+01	1.079621000000000164e+00	3.229958522432187229e-02	6.529864048496939466e-01
3.400000000000000000e+01	1.091783000000000170e+00	3.357249733791321106e-02	6.504590649013211046e-01
3.500000000000000000e+01	1.104416999999999982e+00	3.484037648514849012e-02	6.478327126770964117e-01
3.600000000000000000e+01	1.116864999999999997e+00	3.610302967063929586e-02	6.451077479579205853e-01
3.700000000000000000e+01	1.129334000000000060e+00	3.736026469448827658e-02	6.422845855353970235e-01
3.800000000000000000e+01	1.141948000000000185e+00	3.861189018154562863e-02	6.393636551486925335e-01
3.900000000000000000e+01	1.154793000000000180e+00	3.985771561054000933e-02	6.363454014191227692e-01
4.000000000000000000e+01	1.166992000000000029e+00	4.109755134307958857e-02	6.332302837824722586e-01
4.100000000000000000e+01	1.178811999999999971e+00	4.233120865251851356e-02	6.300187764190599005e-01
4.200000000000000000e+01	1.189305000000000057e+00	4.355849975268483165e-02	6.267113681815591475e-01
4.300000000000000000e+01	1.199817000000000133e+00	4.477923782646502093e-02	6.233085625205859737e-01
4.400000000000000000e+01	1.210387000000000102e+00	4.599323705424118031e-02	6.198108774080635097e-01
4.500000000000000000e+01	1.220994000000000135e+00	4.720031264217627864e-02	6.162188452583770015e-01
4.600000000000000000e+01	1.230976000000000070e+00	4.840028085034336208e-02	6.125330128473301938e-01
4.700000000000000000e+01	1.241049000000000069e+00	4.959295902069419532e-02	6.087539412289159069e-01
4.800000000000000000e+01	1.251122999999999985e+00	5.077816560486335395e-02	6.048822056499124633e-01
4.900000000000000000e+01	1.261380000000000168e+00	5.195572019180336870e-02	6.009183954623203983e-01
5.000000000000000000e+01	1.271912000000000154e+00	5.312544353524664004e-02	5.968631140336517760e-01
5.100000000000000000e+01	1.281330000000000080e+00	5.428715758099023070e-02	5.927169786550863240e-01
5.200000000000000000e+01	1.289656000000000136e+00	5.544068549399904650e-02	5.884806204475075964e-01
5.300000000000000000e+01	1.296973000000000154e+00	5.658585168532357518e-02	5.841546842654347094e-01
5.400000000000000000e+01	1.303676999999999975e+00	5.772248183882778411e-02	5.797398285988629718e-01
5.500000000000000000e+01	1.310273000000000021e+00	5.885040293772340891e-02	5.752367254730290647e-01
5.600000000000000000e+01	1.316775000000000029e+00	5.996944329090642123e-02	5.706460603461162018e-01
5.700000000000000000e+01	1.323191000000000006e+00	6.107943255909167868e-02	5.659685320049143709e-01
5.800000000000000000e+01	1.330033000000000021e+00	6.218020178074178117e-02	5.612048524584511977e-01
5.900000000000000000e+01	1.337345000000000006e+00	6.327158339778624074e-02	5.563557468296111974e-01
6.000000000000000000e+01	1.344580000000000108e+00	6.435341128112714859e-02	5.514219532447577343e-01
6.100000000000000000e+01	1.351329000000000002e+00	6.542552075592696081e-02	5.464042227213765646e-01
6.200000000000000000e+01	1.357426000000000021e+00	6.648774862667532204e-02	5.413033190537561712e-01
6.300000000000000000e+01	1.363140000000000018e+00	6.753993320203048600e-02	5.361200186967240988e-01
6.400000000000000000e+01	1.368521000000000098e+00	6.858191431943184979e-02	5.308551106474554970e-01
6.500000000000000000e+01	1.372996000000000105e+00	6.961353336947966042e-02	5.255093963253727463e-01
6.600000000000000000e+01	1.376387000000000027e+00	7.063463332007846596e-02	5.200836894501543739e-01
6.700000000000000000e+01	1.379630000000000134e+00	7.164505874034043931e-02	5.145788159178710242e-01
6.800000000000000000e+01	1.384004000000000012e+00	7.264465582424478596e-02	5.089956136752681326e-01
6.900000000000000000e+01	1.388883000000000090e+00	7.363327241405008550e-02	5.033349325922156225e-01
7.000000000000000000e+01	1.394241000000000064e+00	7.461075802345552843e-02	4.975976343323400553e-01
7.100000000000000000e+01	1.399404000000000092e+00	7.557696386050784254e-02	4.917845922218636590e-01
7.200000000000000000e+01	1.403741000000000128e+00	7.653174285025021728e-02	4.858966911166677227e-01
7.300000000000000000e+01	1.407305000000000028e+00	7.747494965710995107e-02	4.799348272676000060e-01
7.400000000000000000e+01	1.410869000000000151e+00	7.840644070702132429e-02	4.738999081840486460e-01
7.500000000000000000e+01	1.413499000000000061e+00	7.932607420928024233e-02	4.677928524958019918e-01
7.600000000000000000e+01	1.415287000000000184e+00	8.023371017812755412e-02	4.616145898132152370e-01
7.700000000000000000e+01	1.416803000000000035e+00	8.112921045405746545e-02	4.553660605857064447e-01
7.800000000000000000e+01	1.418570000000000109e+00	8.201243872484820230e-02	4.490482159586019484e-01
7.900000000000000000e+01	1.420611999999999986e+00	8.288326054631114936e-02	4.426620176283538322e-01
8.000000000000000000e+01	1.422796000000000172e+00	8.374154336275593802e-02	4.362084376961516963e-01
8.100000000000000000e+01	1.425183000000000089e+00	8.458715652716791711e-02	4.296884585199501339e-01
8.200000000000000000e+01	1.427191000000000098e+00	8.541997132109512003e-02	4.231030725649348456e-01
8.300000000000000000e+01	1.428564000000000167e+00	8.623986097424170272e-02	4.164532822524509292e-01
8.400000000000000000e+01	1.428058000000000050e+00	8.704670068376473002e-02	4.097400998074151035e-01
8.500000000000000000e+01	1.428738999999999981e+00	8.784036763327157660e-02	4.029645471042357374e-01
8.600000000000000000e+01	1.428730999999999973e+00	8.862074101151497241e-02	3.961276555112639985e-01
8.700000000000000000e+01	1.428208000000000144e+00	8.938770203078273691e-02	3.892304657338001017e-01
8.800000000000000000e+01	1.427415000000000100e+00	9.014113394497950960e-02	3.822740276556779171e-01
8.900000000000000000e+01	1.426479000000000052e+00	9.088092206739777079e-02	3.752594001794528067e-01
9.000000000000000000e+01	1.426098000000000088e+00	9.160695378817539092e-02	3.681876510652159484e-01
9.100000000000000000e+01	1.426204000000000027e+00	9.231911859143683563e-02	3.610598567680622373e-01
9.200000000000000000e+01	1.426767000000000118e+00	9.301730807211602836e-02	3.538771022742310812e-01
9.300000000000000000e+01	1.427614000000000161e+00	9.370141595245742860e-02	3.466404809359533989e-01
9.400000000000000000e+01	1.428038000000000141e+00	9.437133809819372998e-02	3.393510943050201401e-01
9.500000000000000000e+01	1.427688999999999986e+00	9.502697253439690295e-02	3.320100519651070781e-01
9.600000000000000000e+01	1.426530000000000076e+00	9.566821946100091678e-02	3.246184713628734730e-01
9.700000000000000000e+01	1.424896000000000162e+00	9.629498126799308777e-02	3.171774776378659122e-01
9.800000000000000000e+01	1.423086999999999991e+00	9.690716255027215231e-02	3.096882034512516424e-01
9.900000000000000000e+01	1.421464000000000061e+00	9.750467012217088614e-02	3.021517888134039320e-01
1.000000000000000000e+02	1.420186000000000170e+00	9.808741303164056347e-02	2.945693809103727134e-01
1.010000000000000000e+02	1.418823000000000167e+00	9.865530257409578507e-02	2.869421339292593243e-01
1.020000000000000000e+02	1.417254000000000014e+00	9.920825230591681643e-02	2.792712088825289318e-01
1.030000000000000000e+02	1.415582000000000118e+00	9.974617805760813138e-02	2.715577734312801805e-01
1.040000000000000000e+02	1.413723999999999981e+00	1.002689979466104414e-01	2.638030017075073674e-01
1.050000000000000000e+02	1.411962000000000161e+00	1.007766323897649613e-01	2.560080741353729650e-01
1.060000000000000000e+02	1.409943000000000168e+00	1.012690041154273579e-01	2.481741772515253519e-01
1.070000000000000000e+02	1.407226000000000088e+00	1.017460381752299942e-01	2.403025035244864549e-01
1.080000000000000000e+02	1.404155000000000042e+00	1.022076619554905252e-01	2.323942511731329486e-01
1.090000000000000000e+02	1.400572000000000150e+00	1.026538051882650432e-01	2.244506239843069850e-01
1.100000000000000000e+02	1.396675000000000111e+00	1.030843999620442847e-01	2.164728311295745500e-01
1.110000000000000000e+02	1.393394000000000021e+00	1.034993807320909315e-01	2.084620869811687482e-01
1.120000000000000000e+02	1.390240000000000142e+00	1.038986843304169072e-01	2.004196109271372817e-01
1.130000000000000000e+02	1.387423999999999991e+00	1.042822499753986443e-01	1.923466271857289245e-01
1.140000000000000000e+02	1.384749000000000008e+00	1.046500192810292384e-01	1.842443646190454198e-01
1.150000000000000000e+02	1.381801999999999975e+00	1.050019362658059369e-01	1.761140565459828611e-01
1.160000000000000000e+02	1.378275000000000139e+00	1.053379473612515438e-01	1.679569405544995009e-01
1.170000000000000000e+02	1.374026000000000192e+00	1.056580014200686202e-01	1.597742583132289729e-01
1.180000000000000000e+02	1.369317000000000117e+00	1.059620497239250336e-01	1.515672553824768121e-01
1.190000000000000000e+02	1.364400999999999975e+00	1.062500459908698458e-01	1.433371810246206191e-01
1.200000000000000000e+02	1.359472000000000014e+00	1.065219463823782881e-01	1.350852880139491174e-01
1.210000000000000000e+02	1.354694000000000065e+00	1.067777095100248264e-01	1.268128324459671386e-01
1.220000000000000000e+02	1.349882000000000026e+00	1.070172964417832884e-01	1.185210735461916381e-01
1.230000000000000000e+02	1.345212000000000074e+00	1.072406707079529981e-01	1.102112734784760351e-01
1.240000000000000000e+02	1.340988000000000069e+00	1.074477983067102793e-01	1.018846971528825224e-01
1.250000000000000000e+02	1.337099000000000038e+00	1.076386477092840244e-01	9.354261203314076512e-02
1.260000000000000000e+02	1.332784000000000191e+00	1.078131898647551323e-01	8.518628794371392587e-02
1.270000000000000000e+02	1.327746000000000093e+00	1.079713982044784998e-01	7.681699687650785091e-02
1.280000000000000000e+02	1.322140000000000093e+00	1.081132486461273134e-01	6.843601279725063102e-02
1.290000000000000000e+02	1.315884999999999971e+00	1.082387195973588401e-01	6.004461145156866214e-02
1.300000000000000000e+02	1.309460999999999986e+00	1.083477919591012278e-01	5.164407017079612056e-02
1.310000000000000000e+02	1.302917000000000103e+00	1.084404491284606808e-01	4.323566767753846823e-02
1.320000000000000000e+02	1.296178000000000052e+00	1.085166770012487431e-01	3.482068389102881828e-02
1.330000000000000000e+02	1.289418000000000175e+00	1.085764639741293308e-01	2.640039973229775516e-02
1.340000000000000000e+02	1.282696000000000058e+00	1.086198009463848341e-01	1.797609692919360444e-02
1.350000000000000000e+02	1.276336000000000137e+00	1.086466813213015081e-01	9.549057821279911817e-03
1.360000000000000000e+02	1.270345999999999975e+00	1.086571010071736149e-01	1.120565164636805723e-03
1.370000000000000000e+02	1.264267000000000030e+00	1.086510584179262162e-01	-7.308098063396538738e-03
1.380000000000000000e+02	1.257361000000000173e+00	1.086285544733566755e-01	-1.573564885951794085e-02
1.390000000000000000e+02	1.249705000000000066e+00	1.085895925989945332e-01	-2.416080438975735933e-02
1.400000000000000000e+02	1.241550000000000153e+00	1.085341787255802160e-01	-3.258228218475082288e-02
1.410000000000000000e+02	1.233300000000000063e+00	1.084623212881621473e-01	-4.099880033495578724e-02
1.420000000000000000e+02	1.224644000000000066e+00	1.083740312248128446e-01	-4.940907768578135795e-02
1.430000000000000000e+02	1.216369000000000034e+00	1.082693219749638891e-01	-5.781183403260654885e-02
1.440000000000000000e+02	1.208041000000000142e+00	1.081482094773602298e-01	-6.620579031564938211e-02
1.450000000000000000e+02	1.199743000000000004e+00	1.080107121676339849e-01	-7.458966881466667920e-02
1.460000000000000000e+02	1.192018000000000022e+00	1.078568509754981586e-01	-8.296219334344497043e-02
1.470000000000000000e+02	1.184516000000000124e+00	1.076866493215607873e-01	-9.132208944406254580e-02
1.480000000000000000e+02	1.176916999999999991e+00	1.075001331137598465e-01	-9.966808458088527445e-02
1.490000000000000000e+02	1.168778000000000095e+00	1.072973307434195861e-01	-1.079989083342700190e-01
1.500000000000000000e+02	1.160023000000000026e+00	1.070782730809287930e-01	-1.163132925939486806e-01
1.510000000000000000e+02	1.150611000000000050e+00	1.068429934710418000e-01	-1.246099717520565281e-01
1.520000000000000000e+02	1.141013000000000055e+00	1.065915277278026707e-01	-1.328876828957840928e-01
1.530000000000000000e+02	1.131312000000000095e+00	1.063239141290937689e-01	-1.411451659996143526e-01
1.540000000000000000e+02	1.121776000000000106e+00	1.060401934108089611e-01	-1.493811641171246263e-01
1.550000000000000000e+02	1.112271000000000010e+00	1.057404087606529791e-01	-1.575944235723169273e-01
1.560000000000000000e+02	1.103245000000000031e+00	1.054246058115673457e-01	-1.657836941504505501e-01
1.570000000000000000e+02	1.094111000000000056e+00	1.050928326347842084e-01	-1.739477292883504222e-01
1.580000000000000000e+02	1.085029000000000021e+00	1.047451397325089711e-01	-1.820852862641557934e-01
1.590000000000000000e+02	1.075260000000000105e+00	1.043815800302328872e-01	-1.901951263864883612e-01
1.600000000000000000e+02	1.065152000000000099e+00	1.040022088686767959e-01	-1.982760151830022244e-01
1.610000000000000000e+02	1.054337999999999997e+00	1.036070839953672496e-01	-2.063267225882964850e-01
1.620000000000000000e+02	1.042914000000000119e+00	1.031962655558460867e-01	-2.143460231311536679e-01
1.630000000000000000e+02	1.031175000000000175e+00	1.027698160845153946e-01	-2.223326961210787545e-01
1.640000000000000000e+02	1.019413000000000125e+00	1.023278004951183318e-01	-2.302855258341135747e-01
1.650000000000000000e+02	1.007788000000000128e+00	1.018702860708581154e-01	-2.382033016978921669e-01
1.660000000000000000e+02	9.961690000000000822e-01	1.013973424541563390e-01	-2.460848184759121537e-01
1.670000000000000000e+02	9.847850000000000215e-01	1.009090416360518272e-01	-2.539288764509966545e-01
1.680000000000000000e+02	9.732830000000001203e-01	1.004054579452424850e-01	-2.617342816079120671e-01
1.690000000000000000e+02	9.620339000000001084e-01	9.988666803677083428e-02	-2.694998458151218745e-01
1.700000000000000000e+02	9.504548000000000441e-01	9.935275088035583346e-02	-2.772243870056409487e-01
1.710000000000000000e+02	9.383916000000001034e-01	9.880378774837204892e-02	-2.849067293569705894e-01
1.720000000000000000e+02	9.252475000000001115e-01	9.823986220347852294e-02	-2.925457034700802428e-01
1.730000000000000000e+02	9.115402000000001337e-01	9.766106008589890697e-02	-3.001401465474116681e-01
1.740000000000000000e+02	8.971974000000000338e-01	9.706746950035495536e-02	-3.076889025698805180e-01
1.750000000000000000e+02	8.828941000000001260e-01	9.645918080265532268e-02	-3.151908224728425245e-01
1.760000000000000000e+02	8.688680000000000847e-01	9.583628658594164906e-02	-3.226447643210053062e-01
1.770000000000000000e+02	8.552800000000000402e-01	9.519888166659419559e-02	-3.300495934822503807e-01
1.780000000000000000e+02	8.418167000000000844e-01	9.454706306979882013e-02	-3.374041828003477295e-01
1.790000000000000000e+02	8.282495000000000829e-01	9.388093001477805510e-02	-3.447074127665296639e-01
1.800000000000000000e+02	8.142607000000000594e-01	9.320058389968804979e-02	-3.519581716899005674e-01
1.810000000000000000e+02	7.999737000000001208e-01	9.250612828618369476e-02	-3.591553558666596979e-01
1.820000000000000000e+02	7.854858000000001228e-01	9.179766888365469002e-02	-3.662978697481030221e-01
1.830000000000000000e+02	7.703681000000001111e-01	9.107531353313449984e-02	-3.733846261073896500e-01
1.840000000000000000e+02	7.549779000000000906e-01	9.033917219088495598e-02	-3.804145462050357307e-01
1.850000000000000000e+02	7.391440000000001342e-01	8.958935691165871573e-02	-3.873865599531214898e-01
1.860000000000000000e+02	7.224113000000000895e-01	8.882598183164244765e-02	-3.942996060781776557e-01
1.870000000000000000e+02	7.058093000000000838e-01	8.804916315108317348e-02	-4.011526322827313473e-01
1.880000000000000000e+02	6.895069000000000337e-01	8.725901911660027821e-02	-4.079445954054873869e-01
1.890000000000000000e+02	6.732626000000000444e-01	8.645567000318622741e-02	-4.146744615801151168e-01
1.900000000000000000e+02	6.572159000000000750e-01	8.563923809589826797e-02	-4.213412063926249562e-01
1.910000000000000000e+02	6.409676000000000817e-01	8.480984767124449819e-02	-4.279438150373013894e-01
1.920000000000000000e+02	6.247467000000000992e-01	8.396762497826647242e-02	-4.344812824711776211e-01
1.930000000000000000e+02	6.081933000000000478e-01	8.311269821932168456e-02	-4.409526135670217561e-01
1.940000000000000000e+02	5.909580000000000943e-01	8.224519753056887261e-02	-4.473568232648131859e-01
1.950000000000000000e+02	5.729369000000000822e-01	8.136525496215862852e-02	-4.536929367216891440e-01
1.960000000000000000e+02	5.548013000000000527e-01	8.047300445813301839e-02	-4.599599894603326189e-01
1.970000000000000000e+02	5.364510000000001222e-01	7.956858183603651713e-02	-4.661570275157861376e-01
1.980000000000000000e+02	5.182933000000000678e-01	7.865212476624233728e-02	-4.722831075806613321e-01
1.990000000000000000e+02	5.001446000000000502e-01	7.772377275099590088e-02	-4.783372971487302450e-01
2.000000000000000000e+02	4.822842000000000517e-01	7.678366710318047794e-02	-4.843186746568691747e-01
2.010000000000000000e+02	4.648958000000000812e-01	7.583195092480617128e-02	-4.902263296253390190e-01
2.020000000000000000e+02	4.477790000000000936e-01	7.486876908522735463e-02	-4.960593627963771901e-01
2.030000000000000000e+02	4.300562000000000551e-01	7.389426819909081234e-02	-5.018168862710816747e-01
2.040000000000000000e+02	4.118097000000000563e-01	7.290859660401792508e-02	-5.074980236445669757e-01
2.050000000000000000e+02	3.929053000000000684e-01	7.191190433802521764e-02	-5.131019101393682336e-01
2.060000000000000000e+02	3.733033000000000601e-01	7.090434311668536438e-02	-5.186276927370790935e-01
2.070000000000000000e+02	3.535906000000000882e-01	6.988606631003346781e-02	-5.240745303081945083e-01
2.080000000000000000e+02	3.344719000000000997e-01	6.885722891922105293e-02	-5.294415937401490968e-01
2.090000000000000000e+02	3.159078000000000719e-01	6.781798755292188507e-02	-5.347280660635229665e-01
2.100000000000000000e+02	2.977363000000000648e-01	6.676850040349342763e-02	-5.399331425763996828e-01
2.110000000000000000e+02	2.795049000000000561e-01	6.570892722289652099e-02	-5.450560309668579517e-01
2.120000000000000000e+02	2.607019000000000974e-01	6.463942929837855622e-02	-5.500959514335759248e-01
2.130000000000000000e+02	2.420972000000000679e-01	6.356016942792203084e-02	-5.550521368045328030e-01
2.140000000000000000e+02	2.233935000000000781e-01	6.247131189546398233e-02	-5.599238326537854249e-01
2.150000000000000000e+02	2.047533000000000825e-01	6.137302244588853373e-02	-5.647102974163084044e-01
2.160000000000000000e+02	1.861404000000000669e-01	6.026546825979749167e-02	-5.694108025008728369e-01
2.170000000000000000e+02	1.674261000000000776e-01	5.914881792806238325e-02	-5.740246324009522505e-01
2.180000000000000000e+02	1.481665000000000898e-01	5.802324142616144265e-02	-5.785510848036365950e-01
2.190000000000000000e+02	1.286921000000000870e-01	5.688891008830639778e-02	-5.829894706965371709e-01
2.200000000000000000e+02	1.086977000000000915e-01	5.574599658136185354e-02	-5.873391144726682889e-01
2.210000000000000000e+02	8.932150000000008139e-02	5.459467487856235063e-02	-5.915993540332862288e-01
2.220000000000000000e+02	7.042574000000008383e-02	5.343512023303013947e-02	-5.957695408886748423e-01
2.230000000000000000e+02	5.155100000000008287e-02	5.226750915109835277e-02	-5.998490402568569246e-01
2.240000000000000000e+02	3.274057000000007989e-02	5.109201936544353201e-02	-6.038372311602204778e-01
2.250000000000000000e+02	1.417876000000008185e-02	4.990882980803103275e-02	-6.077335065200436537e-01
2.260000000000000000e+02	-4.580149999999918314e-03	4.871812058287848524e-02	-6.115372732489028351e-01
2.270000000000000000e+02	-2.311077499999992027e-02	4.752007293864022458e-02	-6.152479523409533080e-01
2.280000000000000000e+02	-4.165932999999991809e-02	4.631486924101807512e-02	-6.188649789600630946e-01
2.290000000000000000e+02	-6.029604999999992054e-02	4.510269294500157677e-02	-6.223878025257938429e-01
2.300000000000000000e+02	-7.912806999999991153e-02	4.388372856694272572e-02	-6.258158867972081207e-01
2.310000000000000000e+02	-9.809152999999991296e-02	4.265816165646917762e-02	-6.291487099544960104e-01
2.320000000000000000e+02	-1.171737999999999252e-01	4.142617876823981304e-02	-6.323857646784064590e-01
2.330000000000000000e+02	-1.356354999999999089e-01	4.018796743354784845e-02	-6.355265582274698399e-01
2.340000000000000000e+02	-1.538314999999999266e-01	3.894371613177468466e-02	-6.385706125130041766e-01
2.350000000000000000e+02	-1.722973999999999062e-01	3.769361426170007856e-02	-6.415174641718880411e-01
2.360000000000000000e+02	-1.907435999999999299e-01	3.643785211267174667e-02	-6.443666646370935780e-01
2.370000000000000000e+02	-2.090117999999999143e-01	3.517662083563982689e-02	-6.471177802059677742e-01
2.380000000000000000e+02	-2.273595999999999118e-01	3.391011241406015342e-02	-6.497703921062486510e-01
2.390000000000000000e+02	-2.454308999999999241e-01	3.263851963467047368e-02	-6.523240965598120500e-01
2.400000000000000000e+02	-2.635267999999999500e-01	3.136203605814491535e-02	-6.547785048441335798e-01
2.410000000000000000e+02	-2.822155999999998999e-01	3.008085598963005508e-02	-6.571332433514595062e-01
2.420000000000000000e+02	-3.011791999999999248e-01	2.879517444916828914e-02	-6.593879536456769275e-01
2.430000000000000000e+02	-3.207285999999999193e-01	2.750518714201176732e-02	-6.615422925168754631e-01
2.440000000000000000e+02	-3.397557999999999412e-01	2.621109042883246198e-02	-6.635959320335892420e-01
2.450000000000000000e+02	-3.579139999999998989e-01	2.491308129583245934e-02	-6.655485595927146392e-01
2.460000000000000000e+02	-3.754687999999999359e-01	2.361135732475856674e-02	-6.673998779670949899e-01
2.470000000000000000e+02	-3.932238999999999041e-01	2.230611666282699898e-02	-6.691496053507633990e-01
2.480000000000000000e+02	-4.108556999999999348e-01	2.099755799256119299e-02	-6.707974754018399821e-01
2.490000000000000000e+02	-4.285830999999999391e-01	1.968588050154893715e-02	-6.723432372830727699e-01
2.500000000000000000e+02	-4.458439999999999070e-01	1.837128385212187520e-02	-6.737866557000214973e-01
2.510000000000000000e+02	-4.632966999999998947e-01	1.705396815096323765e-02	-6.751275109368728433e-01
2.520000000000000000e+02	-4.809727999999999226e-01	1.573413391864793981e-02	-6.763655988898855664e-01
2.530000000000000000e+02	-4.993120999999999254e-01	1.441198205911917510e-02	-6.775007310984592079e-01
2.540000000000000000e+02	-5.177403999999998785e-01	1.308771382910739640e-02	-6.785327347738214776e-01
2.550000000000000000e+02	-5.362798999999999205e-01	1.176153080749482195e-02	-6.794614528253295482e-01
2.560000000000000000e+02	-5.544634999999998870e-01	1.043363486463165686e-02	-6.802867438843824832e-01
2.570000000000000000e+02	-5.719373999999999292e-01	9.104228131607253541e-03	-6.810084823259403564e-01
2.580000000000000000e+02	-5.887479999999999380e-01	7.773512969482039570e-03	-6.816265582876469553e-01
2.590000000000000000e+02	-6.053529999999999189e-01	6.441691938484451867e-03	-6.821408776865520718e-01
2.600000000000000000e+02	-6.216891999999999419e-01	5.108967767177069116e-03	-6.825513622334338226e-01
2.610000000000000000e+02	-6.385936999999999308e-01	3.775543321597843536e-03	-6.828579494447147846e-01
2.620000000000000000e+02	-6.556842999999998867e-01	2.441621574379634722e-03	-6.830605926519740523e-01
2.630000000000000000e+02	-6.734271999999998926e-01	1.107405573854290583e-03	-6.831592610090504447e-01
2.640000000000000000e+02	-6.913721999999998813e-01	-2.269015868555210487e-04	-6.831539394967381940e-01
2.650000000000000000e+02	-7.087597999999999399e-01	-1.561096800750812977e-03	-6.830446289250727832e-01
2.660000000000000000e+02	-7.253081999999999585e-01	-2.894976977872894264e-03	-6.828313459332082669e-01
2.670000000000000000e+02	-7.420559999999999379e-01	-4.228339076217871653e-03	-6.825141229868837423e-01
2.680000000000000000e+02	-7.586480999999999364e-01	-5.560980132643130944e-03	-6.820930083734823013e-01
2.690000000000000000e+02	-7.749583999999999362e-01	-6.892697293762582549e-03	-6.815680661946798002e-01
2.700000000000000000e+02	-7.911450999999999345e-01	-8.223287846824432756e-03	-6.809393763566881086e-01
2.710000000000000000e+02	-8.070883999999999281e-01	-9.552549250568261041e-03	-6.802070345580915056e-01
2.720000000000000000e+02	-8.228719999999999368e-01	-1.088027916605553355e-02	-6.793711522752796661e-01
2.730000000000000000e+02	-8.389824999999999644e-01	-1.220627548746928623e-02	-6.784318567454787896e-01
2.740000000000000000e+02	-8.556179999999998786e-01	-1.353033637287883416e-02	-6.773892909473836488e-01
2.750000000000000000e+02	-8.811285999999999285e-01	-1.485226027496357008e-02	-6.762436135793935543e-01
2.760000000000000000e+02	-8.891428999999999583e-01	-1.617184597169270960e-02	-6.749949990354552343e-01
2.770000000000000000e+02	-9.046455999999999387e-01	-1.748889259695471377e-02	-6.736436373785172904e-01
2.780000000000000000e+02	-9.196726999999998986e-01	-1.880319967113330479e-02	-6.721897343115981194e-01
2.790000000000000000e+02	-9.344942999999998889e-01	-2.011456713162412813e-02	-6.706335111464748477e-01
2.800000000000000000e+02	-9.485754999999999049e-01	-2.142279536328794282e-02	-6.689752047699949467e-01
2.810000000000000000e+02	-9.689936999999999578e-01	-2.272768522883622522e-02	-6.672150676080176313e-01
2.820000000000000000e+02	-9.756743999999999417e-01	-2.402903809914323785e-02	-6.653533675869901520e-01
2.830000000000000000e+02	-9.896564999999999390e-01	-2.532665588348157262e-02	-6.633903880931636410e-01
2.840000000000000000e+02	-1.004536299999999827e+00	-2.662034105967496164e-02	-6.613264279294569503e-01
2.850000000000000000e+02	-1.019494200000000017e+00	-2.790989670416524002e-02	-6.591618012699728135e-01
2.860000000000000000e+02	-1.034282999999999841e+00	-2.919512652198773608e-02	-6.568968376121746555e-01
2.870000000000000000e+02	-1.048892999999999853e+00	-3.047583487665094654e-02	-6.545318817267306022e-01
2.880000000000000000e+02	-1.062993999999999994e+00	-3.175182681991650657e-02	-6.520672936050332380e-01
2.890000000000000000e+02	-1.076025999999999927e+00	-3.302290812147362642e-02	-6.495034484044016621e-01
2.900000000000000000e+02	-1.088635999999999937e+00	-3.428888529850503131e-02	-6.468407363909753904e-01
2.910000000000000000e+02	-1.100570999999999966e+00	-3.554956564513835765e-02	-6.440795628803087647e-01
2.920000000000000000e+02	-1.112569999999999837e+00	-3.680475726178000784e-02	-6.412203481756737489e-01
2.930000000000000000e+02	-1.124560999999999922e+00	-3.805426908432574945e-02	-6.382635275040819955e-01
2.940000000000000000e+02	-1.136616999999999988e+00	-3.929791091324424251e-02	-6.352095509500351733e-01
2.950000000000000000e+02	-1.148930000000000007e+00	-4.053549344252928982e-02	-6.320588833870129930e-01
2.960000000000000000e+02	-1.161561999999999983e+00	-4.176682828851548818e-02	-6.288120044067112557e-01
2.970000000000000000e+02	-1.173702000000000023e+00	-4.299172801855417198e-02	-6.254694082460381388e-01
2.980000000000000000e+02	-1.185822999999999849e+00	-4.421000617954390366e-02	-6.220316037118827079e-01
2.990000000000000000e+02	-1.203206999999999915e+00	-4.542147732631247187e-02	-6.184991141036639828e-01
3.000000000000000000e+02	-1.208536999999999972e+00	-4.662595704984502654e-02	-6.148724771336750994e-01
3.010000000000000000e+02	-1.218442999999999943e+00	-4.782326200535459010e-02	-6.111522448452341161e-01
3.020000000000000000e+02	-1.227925999999999851e+00	-4.901320994019087857e-02	-6.073389835286505667e-01
3.030000000000000000e+02	-1.236826999999999899e+00	-5.019561972158231161e-02	-6.034332736350274118e-01
3.040000000000000000e+02	-1.246066999999999814e+00	-5.137031136420820016e-02	-5.994357096879036062e-01
3.050000000000000000e+02	-1.256340000000000012e+00	-5.253710605759560892e-02	-5.953469001927574888e-01
3.060000000000000000e+02	-1.266405000000000003e+00	-5.369582619333803514e-02	-5.911674675443797655e-01
3.070000000000000000e+02	-1.276094999999999979e+00	-5.484629539213064370e-02	-5.868980479321334043e-01
3.080000000000000000e+02	-1.285108999999999835e+00	-5.598833853061845750e-02	-5.825392912431142101e-01
3.090000000000000000e+02	-1.293871999999999911e+00	-5.712178176805375596e-02	-5.780918609632242910e-01
3.100000000000000000e+02	-1.302144999999999886e+00	-5.824645257275758159e-02	-5.735564340761780677e-01
3.110000000000000000e+02	-1.309668999999999972e+00	-5.936217974838278733e-02	-5.689337009604515938e-01
3.120000000000000000e+02	-1.316348999999999991e+00	-6.046879345997292765e-02	-5.642243652841943957e-01
3.130000000000000000e+02	-1.322783999999999960e+00	-6.156612525981475931e-02	-5.594291438981172648e-01
3.140000000000000000e+02	-1.328757999999999884e+00	-6.265400811307902940e-02	-5.545487667263739873e-01
3.150000000000000000e+02	-1.334872999999999976e+00	-6.373227642324624798e-02	-5.495839766554535544e-01
3.160000000000000000e+02	-1.341405999999999876e+00	-6.480076605731394102e-02	-5.445355294210978414e-01
3.170000000000000000e+02	-1.348310999999999815e+00	-6.585931437078045014e-02	-5.394041934932648497e-01
3.180000000000000000e+02	-1.355160999999999838e+00	-6.690776023240292691e-02	-5.341907499591522779e-01
3.190000000000000000e+02	-1.362272999999999845e+00	-6.794594404872419946e-02	-5.288959924043019623e-01
3.200000000000000000e+02	-1.368427999999999978e+00	-6.897370778836625638e-02	-5.235207267918001728e-01
3.210000000000000000e+02	-1.373851999999999851e+00	-6.999089500608536574e-02	-5.180657713395957487e-01
3.220000000000000000e+02	-1.378328999999999915e+00	-7.099735086658627570e-02	-5.125319563959502833e-01
3.230000000000000000e+02	-1.382083999999999868e+00	-7.199292216809095868e-02	-5.069201243130442291e-01
3.240000000000000000e+02	-1.385446999999999873e+00	-7.297745736565877661e-02	-5.012311293187551309e-01
3.250000000000000000e+02	-1.389506999999999826e+00	-7.395080659425469494e-02	-4.954658373866269727e-01
3.260000000000000000e+02	-1.393378000000000005e+00	-7.491282169156152082e-02	-4.896251261040527880e-01
3.270000000000000000e+02	-1.397046000000000010e+00	-7.586335622053297367e-02	-4.837098845386894053e-01
3.280000000000000000e+02	-1.400878999999999985e+00	-7.680226549168411854e-02	-4.777210131031247031e-01
3.290000000000000000e+02	-1.404663999999999913e+00	-7.772940658511627576e-02	-4.716594234178157485e-01
3.300000000000000000e+02	-1.408737999999999824e+00	-7.864463837227166076e-02	-4.655260381723255736e-01
3.310000000000000000e+02	-1.412223000000000006e+00	-7.954782153741607464e-02	-4.593217909848702485e-01
3.320000000000000000e+02	-1.415230999999999906e+00	-8.043881859884537133e-02	-4.530476262602053383e-01
3.330000000000000000e+02	-1.417284999999999906e+00	-8.131749392981295343e-02	-4.467044990458680642e-01
3.340000000000000000e+02	-1.418817999999999913e+00	-8.218371377917448040e-02	-4.402933748868028685e-01
3.350000000000000000e+02	-1.420051999999999870e+00	-8.303734629174742976e-02	-4.338152296783863715e-01
3.360000000000000000e+02	-1.421343999999999941e+00	-8.387826152838222249e-02	-4.272710495178758117e-01
3.370000000000000000e+02	-1.422351999999999839e+00	-8.470633148574106819e-02	-4.206618305543087799e-01
3.380000000000000000e+02	-1.423189999999999955e+00	-8.552143011578271226e-02	-4.139885788368687924e-01
3.390000000000000000e+02	-1.424559999999999826e+00	-8.632343334494924081e-02	-4.072523101617464558e-01
3.400000000000000000e+02	-1.426063999999999998e+00	-8.711221909305275068e-02	-4.004540499175137103e-01
3.410000000000000000e+02	-1.427679999999999838e+00	-8.788766729185783222e-02	-3.935948329290429593e-01
3.420000000000000000e+02	-1.428738999999999981e+00	-8.864965990335849089e-02	-3.866757032999859067e-01
3.430000000000000000e+02	-1.428690999999999933e+00	-8.939808093774592734e-02	-3.796977142538393579e-01
3.440000000000000000e+02	-1.427794999999999925e+00	-9.013281647106406724e-02	-3.726619279736274049e-01
3.450000000000000000e+02	-1.426601999999999926e+00	-9.085375466255113386e-02	-3.655694154402151508e-01
3.460000000000000000e+02	-1.425123999999999835e+00	-9.156078577166391896e-02	-3.584212562692859483e-01
3.470000000000000000e+02	-1.424416999999999822e+00	-9.225380217478257316e-02	-3.512185385470008581e-01
3.480000000000000000e+02	-1.424220999999999959e+00	-9.293269838159259888e-02	-3.439623586643749675e-01
3.490000000000000000e+02	-1.423803999999999848e+00	-9.359737105114271372e-02	-3.366538211503836697e-01
3.500000000000000000e+02	-1.423356999999999983e+00	-9.424771900757546172e-02	-3.292940385038308215e-01
3.510000000000000000e+02	-1.423306999999999878e+00	-9.488364325552776923e-02	-3.218841310240086462e-01
3.520000000000000000e+02	-1.423106999999999900e+00	-9.550504699520009910e-02	-3.144252266401643681e-01
3.530000000000000000e+02	-1.422787999999999942e+00	-9.611183563709128908e-02	-3.069184607398089959e-01
3.540000000000000000e+02	-1.421356999999999982e+00	-9.670391681639685377e-02	-2.993649759958877388e-01
3.550000000000000000e+02	-1.419235999999999942e+00	-9.728120040706852989e-02	-2.917659221928463054e-01
3.560000000000000000e+02	-1.416450999999999905e+00	-9.784359853553326047e-02	-2.841224560516106279e-01
3.570000000000000000e+02	-1.413035999999999959e+00	-9.839102559406938397e-02	-2.764357410535095427e-01
3.580000000000000000e+02	-1.409749999999999837e+00	-9.892339825383751617e-02	-2.687069472631747891e-01
3.590000000000000000e+02	-1.407019999999999937e+00	-9.944063547756491761e-02	-2.609372511504321479e-01
3.600000000000000000e+02	-1.404428999999999927e+00	-9.994265853188084858e-02	-2.531278354112214690e-01
3.610000000000000000e+02	-1.402266000000000012e+00	-1.004293909993014683e-01	-2.452798887875659029e-01
3.620000000000000000e+02	-1.399990999999999985e+00	-1.009007587898617803e-01	-2.373946058866255315e-01
3.630000000000000000e+02	-1.397776999999999825e+00	-1.013566901523936248e-01	-2.294731869988540784e-01
3.640000000000000000e+02	-1.395173999999999914e+00	-1.017971156854477477e-01	-2.215168379152899769e-01
3.650000000000000000e+02	-1.391950000000000021e+00	-1.022219683478577945e-01	-2.135267697440153267e-01
3.660000000000000000e+02	-1.387871999999999995e+00	-1.026311834689453278e-01	-2.055041987258000302e-01
3.670000000000000000e+02	-1.383128999999999831e+00	-1.030246987583639390e-01	-1.974503460489677176e-01
3.680000000000000000e+02	-1.378275999999999835e+00	-1.034024543155811632e-01	-1.893664376635054158e-01
3.690000000000000000e+02	-1.373661999999999939e+00	-1.037643926389962418e-01	-1.812537040944539046e-01
3.700000000000000000e+02	-1.369222999999999857e+00	-1.041104586346930788e-01	-1.731133802545967715e-01
3.710000000000000000e+02	-1.365510999999999919e+00	-1.044405996248266993e-01	-1.649467052564812797e-01
3.720000000000000000e+02	-1.361993000000000009e+00	-1.047547653556416131e-01	-1.567549222238052986e-01
3.730000000000000000e+02	-1.358872999999999998e+00	-1.050529080051215147e-01	-1.485392781021878938e-01
3.740000000000000000e+02	-1.355671999999999988e+00	-1.053349821902686834e-01	-1.403010234693615466e-01
3.750000000000000000e+02	-1.349164999999999948e+00	-1.056009449740121786e-01	-1.320414123448080401e-01
3.760000000000000000e+02	-1.346824999999999939e+00	-1.058507558717436126e-01	-1.237617019988762335e-01
3.770000000000000000e+02	-1.341615000000000002e+00	-1.060843768574797064e-01	-1.154631527613999287e-01
3.780000000000000000e+02	-1.335946999999999996e+00	-1.063017723696506184e-01	-1.071470278298496531e-01
3.790000000000000000e+02	-1.330136999999999903e+00	-1.065029093165129753e-01	-9.881459307705368900e-02
3.800000000000000000e+02	-1.324330999999999925e+00	-1.066877570811872455e-01	-9.046711685850547524e-02
3.810000000000000000e+02	-1.318941999999999837e+00	-1.068562875263179834e-01	-8.210586981929711425e-02
3.820000000000000000e+02	-1.313652999999999960e+00	-1.070084749983571393e-01	-7.373212470070041047e-02
3.830000000000000000e+02	-1.308516999999999930e+00	-1.071442963314687691e-01	-6.534715614643507586e-02
3.840000000000000000e+02	-1.303002999999999911e+00	-1.072637308510554499e-01	-5.695224050864172716e-02
3.850000000000000000e+02	-1.297516999999999809e+00	-1.073667603769053597e-01	-4.854865565359507001e-02
3.860000000000000000e+02	-1.291625999999999941e+00	-1.074533692259595635e-01	-4.013768076719179817e-02
3.870000000000000000e+02	-1.285466999999999915e+00	-1.075235442146993681e-01	-3.172059616023173434e-02
3.880000000000000000e+02	-1.278678999999999899e+00	-1.075772746611530217e-01	-2.329868307353131704e-02
3.890000000000000000e+02	-1.271291999999999867e+00	-1.076145523865217890e-01	-1.487322348289185810e-02
3.900000000000000000e+02	-1.263676999999999939e+00	-1.076353717164248852e-01	-6.445499903962041005e-03
3.910000000000000000e+02	-1.256124999999999936e+00	-1.076397294817631883e-01	1.983204802987863832e-03
3.920000000000000000e+02	-1.248701999999999979e+00	-1.076276250192017003e-01	1.041160762834057903e-02
3.930000000000000000e+02	-1.241744999999999877e+00	-1.075990601712705080e-01	1.883842560843278571e-02
3.940000000000000000e+02	-1.235092999999999996e+00	-1.075540392860842714e-01	2.726237602084301964e-02
3.950000000000000000e+02	-1.228619999999999823e+00	-1.074925692166804198e-01	3.568217657964830453e-02
3.960000000000000000e+02	-1.222099999999999964e+00	-1.074146593199758748e-01	4.409654563061437410e-02
3.970000000000000000e+02	-1.215117000000000003e+00	-1.073203214553429541e-01	5.250420234628420252e-02
3.980000000000000000e+02	-1.207493999999999845e+00	-1.072095699828039123e-01	6.090386692094684751e-02
3.990000000000000000e+02	-1.199473000000000011e+00	-1.070824217608452450e-01	6.929426076544704938e-02
4.000000000000000000e+02	-1.190939999999999888e+00	-1.069388961438514224e-01	7.767410670181329468e-02
4.010000000000000000e+02	-1.182335999999999832e+00	-1.067790149791588011e-01	8.604212915766511205e-02
4.020000000000000000e+02	-1.173653999999999975e+00	-1.066028026037300763e-01	9.439705436038119124e-02
4.030000000000000000e+02	-1.165343000000000018e+00	-1.064102858404496477e-01	1.027376105309938392e-01
4.040000000000000000e+02	-1.157379999999999853e+00	-1.062014939940407604e-01	1.110625280777742391e-01
4.050000000000000000e+02	-1.149640999999999913e+00	-1.059764588466047125e-01	1.193705397894910397e-01
4.060000000000000000e+02	-1.141896000000000022e+00	-1.057352146527830578e-01	1.276603810283028495e-01
4.070000000000000000e+02	-1.133908999999999834e+00	-1.054777981345432769e-01	1.359307899222625127e-01
4.080000000000000000e+02	-1.125344999999999818e+00	-1.052042484755891932e-01	1.441805075573946993e-01
4.090000000000000000e+02	-1.116175999999999835e+00	-1.049146073153962855e-01	1.524082781693283095e-01
4.100000000000000000e+02	-1.106485999999999859e+00	-1.046089187428734246e-01	1.606128493344494979e-01
4.110000000000000000e+02	-1.096290999999999904e+00	-1.042872292896517283e-01	1.687929721605409827e-01
4.120000000000000000e+02	-1.085968999999999962e+00	-1.039495879230015740e-01	1.769474014768895598e-01
4.130000000000000000e+02	-1.075695999999999986e+00	-1.035960460383787834e-01	1.850748960238235985e-01
4.140000000000000000e+02	-1.065485999999999933e+00	-1.032266574516012558e-01	1.931742186416589568e-01
4.150000000000000000e+02	-1.055896999999999863e+00	-1.028414783906572427e-01	2.012441364590146775e-01
4.160000000000000000e+02	-1.046737999999999946e+00	-1.024405674871463473e-01	2.092834210804811190e-01
4.170000000000000000e+02	-1.037414999999999976e+00	-1.020239857673545802e-01	2.172908487736073258e-01
4.180000000000000000e+02	-1.027891599999999794e+00	-1.015917966429651792e-01	2.252652006551724151e-01
4.190000000000000000e+02	-1.017155499999999879e+00	-1.011440659014059829e-01	2.332052628767256330e-01
4.200000000000000000e+02	-1.005704799999999954e+00	-1.006808616958354274e-01	2.411098268093559149e-01
4.210000000000000000e+02	-9.938189999999998969e-01	-1.002022545347682342e-01	2.489776892276704123e-01
4.220000000000000000e+02	-9.816192999999999724e-01	-9.970831727134278621e-02	2.568076524929451820e-01
4.230000000000000000e+02	-9.694906999999999275e-01	-9.919912509223144381e-02	2.645985247354302183e-01
4.240000000000000000e+02	-9.576137999999999595e-01	-9.867475550619561608e-02	2.723491200357763264e-01
4.250000000000000000e+02	-9.459787999999998975e-01	-9.813528833228758741e-02	2.800582586055516132e-01
4.260000000000000000e+02	-9.341895999999999534e-01	-9.758080568770045871e-02	2.877247669668295815e-01
4.270000000000000000e+02	-9.228309999999999569e-01	-9.701139197526843783e-02	2.953474781308143005e-01
4.280000000000000000e+02	-9.111426999999999721e-01	-9.642713387061881136e-02	3.029252317754800305e-01
4.290000000000000000e+02	-8.990259999999998808e-01	-9.582812030897872035e-02	3.104568744221914978e-01
4.300000000000000000e+02	-8.862301999999999680e-01	-9.521444247163722563e-02	3.179412596112864975e-01
4.310000000000000000e+02	-8.729416999999999316e-01	-9.458619377206574363e-02	3.253772480765911301e-01
4.320000000000000000e+02	-8.587618999999999669e-01	-9.394346984169893444e-02	3.327637079188341951e-01
4.330000000000000000e+02	-8.370579999999999687e-01	-9.328636851537765173e-02	3.400995147779461436e-01
4.340000000000000000e+02	-8.296243999999999286e-01	-9.261498981645668871e-02	3.473835520042068969e-01
4.350000000000000000e+02	-8.149035999999999502e-01	-9.192943594157905463e-02	3.546147108282236560e-01
4.360000000000000000e+02	-8.000641999999998921e-01	-9.122981124512011264e-02	3.617918905297033971e-01
4.370000000000000000e+02	-7.854788999999998689e-01	-9.051622222330263368e-02	3.689139986050049003e-01
4.380000000000000000e+02	-7.710377999999998844e-01	-8.978877749798587493e-02	3.759799509334405543e-01
4.390000000000000000e+02	-7.496060999999999419e-01	-8.904758780013159736e-02	3.829886719422970209e-01
4.400000000000000000e+02	-7.420333999999999541e-01	-8.829276595294849317e-02	3.899390947705596577e-01
4.410000000000000000e+02	-7.266661999999999288e-01	-8.752442685471843731e-02	3.968301614313084480e-01
4.420000000000000000e+02	-7.105833999999998651e-01	-8.674268746130654739e-02	4.036608229727656205e-01
4.430000000000000000e+02	-6.940689999999999360e-01	-8.594766676835866037e-02	4.104300396379632621e-01
4.440000000000000000e+02	-6.773699999999999166e-01	-8.513948579318768306e-02	4.171367810230154349e-01
4.450000000000000000e+02	-6.604870999999998826e-01	-8.431826755635229986e-02	4.237800262339669333e-01
4.460000000000000000e+02	-6.434877999999999432e-01	-8.348413706293128511e-02	4.303587640421899785e-01
4.470000000000000000e+02	-6.262917999999999541e-01	-8.263722128349507146e-02	4.368719930383140881e-01
4.480000000000000000e+02	-6.091329999999999245e-01	-8.177764913477852948e-02	4.433187217846591976e-01
4.490000000000000000e+02	-5.919402999999999748e-01	-8.090555146005713738e-02	4.496979689661528834e-01
4.500000000000000000e+02	-5.751071999999999296e-01	-8.002106100923055132e-02	4.560087635397025441e-01
4.510000000000000000e+02	-5.582441999999999682e-01	-7.912431241861528353e-02	4.622501448820081627e-01
4.520000000000000000e+02	-5.412141999999998676e-01	-7.821544219045030444e-02	4.684211629357887818e-01
4.530000000000000000e+02	-5.236590999999999330e-01	-7.729458867211928819e-02	4.745208783543967690e-01
4.540000000000000000e+02	-5.055521999999998961e-01	-7.636189203509111123e-02	4.805483626448056600e-01
4.550000000000000000e+02	-4.867390999999999246e-01	-7.541749425358325321e-02	4.865026983089441037e-01
4.560000000000000000e+02	-4.676817999999999254e-01	-7.446153908295038981e-02	4.923829789833583104e-01
4.570000000000000000e+02	-4.492262999999999118e-01	-7.349417203780245211e-02	4.981883095771747483e-01
4.580000000000000000e+02	-4.309446999999999028e-01	-7.251554036985431717e-02	5.039178064083518205e-01
4.590000000000000000e+02	-4.136381999999999004e-01	-7.152579304551109907e-02	5.095705973381943199e-01
4.600000000000000000e+02	-3.963607999999999021e-01	-7.052508072319303711e-02	5.151458219041069597e-01
4.610000000000000000e+02	-3.785455999999999266e-01	-6.951355573040211844e-02	5.206426314505746555e-01
4.620000000000000000e+02	-3.600737999999999439e-01	-6.849137204053511174e-02	5.260601892583438577e-01
4.630000000000000000e+02	-3.407775999999999028e-01	-6.745868524944549638e-02	5.313976706717878917e-01
4.640000000000000000e+02	-3.217612999999999168e-01	-6.641565255175935212e-02	5.366542632244341027e-01
4.650000000000000000e+02	-3.025293999999998928e-01	-6.536243271694705537e-02	5.418291667626365937e-01
4.660000000000000000e+02	-2.833813999999998945e-01	-6.429918606515530599e-02	5.469215935673770179e-01
4.670000000000000000e+02	-2.644305999999999601e-01	-6.322607444280385625e-02	5.519307684741676656e-01
4.680000000000000000e+02	-2.455750999999999074e-01	-6.214326119794900266e-02	5.568559289910479659e-01
4.690000000000000000e+02	-2.261416999999999178e-01	-6.105091115541916996e-02	5.616963254146497553e-01
4.700000000000000000e+02	-2.071913999999999145e-01	-5.994919059172499481e-02	5.664512209443171020e-01
4.710000000000000000e+02	-1.918882999999999284e-01	-5.883826720974941887e-02	5.711198917942603703e-01
4.720000000000000000e+02	-1.732656999999999115e-01	-5.771831011321984506e-02	5.757016273037305343e-01
4.730000000000000000e+02	-1.549149999999999139e-01	-5.658948978096707549e-02	5.801957300451964228e-01
4.740000000000000000e+02	-1.365340999999999361e-01	-5.545197804097572875e-02	5.846015159305045783e-01
4.750000000000000000e+02	-1.181090699999999133e-01	-5.430594804422830130e-02	5.889183143150120703e-01
4.760000000000000000e+02	-9.920504999999991969e-02	-5.315157423834857703e-02	5.931454680996702811e-01
4.770000000000000000e+02	-8.019118999999991226e-02	-5.198903234104694515e-02	5.972823338310495611e-01
4.780000000000000000e+02	-6.063106999999991892e-02	-5.081849931337337201e-02	6.013282817992829932e-01
4.790000000000000000e+02	-4.090865999999991620e-02	-4.964015333278028186e-02	6.052826961339214940e-01
4.800000000000000000e+02	-2.183391099999992119e-02	-4.845417376600026638e-02	6.091449748976813794e-01
4.810000000000000000e+02	-2.853899999999919695e-03	-4.726074114174361879e-02	6.129145301780695165e-01
4.820000000000000000e+02	1.628013000000008009e-02	-4.606003712321803112e-02	6.165907881768758481e-01
4.830000000000000000e+02	3.508994000000008329e-02	-4.485224448047617912e-02	6.201731892975153038e-01
4.840000000000000000e+02	5.421987000000008661e-02	-4.363754706259427574e-02	6.236611882302111054e-01
4.850000000000000000e+02	7.306160000000008758e-02	-4.241612976968728299e-02	6.270542540349989258e-01
4.860000000000000000e+02	9.115960000000007668e-02	-4.118817852476330116e-02	6.303518702225473502e-01
4.870000000000000000e+02	1.090973000000000914e-01	-3.995388024542228383e-02	6.335535348327777649e-01
4.880000000000000000e+02	1.274026000000000880e-01	-3.871342281540413738e-02	6.366587605112710158e-01
4.890000000000000000e+02	1.456551000000000928e-01	-3.746699505598891089e-02	6.396670745834530658e-01
4.900000000000000000e+02	1.643433000000000810e-01	-3.621478669725472499e-02	6.425780191265445529e-01
4.910000000000000000e+02	1.827179000000000719e-01	-3.495698834919690190e-02	6.453911510392660311e-01
4.920000000000000000e+02	2.006727000000000927e-01	-3.369379147271403530e-02	6.481060421092854629e-01
4.930000000000000000e+02	2.190923000000000731e-01	-3.242538835046371304e-02	6.507222790784008559e-01
4.940000000000000000e+02	2.377778000000000946e-01	-3.115197205759315247e-02	6.532394637054466102e-01
4.950000000000000000e+02	2.567026000000000585e-01	-2.987373643235001833e-02	6.556572128269120281e-01
4.960000000000000000e+02	2.755350000000000854e-01	-2.859087604657620241e-02	6.579751584152672139e-01
4.970000000000000000e+02	2.939882000000000883e-01	-2.730358617609044553e-02	6.601929476349833736e-01
4.980000000000000000e+02	3.121281000000000749e-01	-2.601206277096326791e-02	6.623102428962419630e-01
4.990000000000000000e+02	3.304138000000000908e-01	-2.471650242569018233e-02	6.643267219063209161e-01
5.000000000000000000e+02	3.486784000000000550e-01	-2.341710234926599327e-02	6.662420777186545129e-01
5.010000000000000000e+02	3.666512000000000659e-01	-2.211406033516553904e-02	6.680560187795568927e-01
5.020000000000000000e+02	3.841349000000000569e-01	-2.080757473123632031e-02	6.697682689726013328e-01
5.030000000000000000e+02	4.013138000000000538e-01	-1.949784440950578374e-02	6.713785676606506270e-01
5.040000000000000000e+02	4.192925000000000679e-01	-1.818506873590941542e-02	6.728866697255313500e-01
5.050000000000000000e+02	4.382160000000001054e-01	-1.686944753994305823e-02	6.742923456053454556e-01
5.060000000000000000e+02	4.569109000000000642e-01	-1.555118108424561295e-02	6.755953813294134358e-01
5.070000000000000000e+02	4.753736000000000628e-01	-1.423047003411495592e-02	6.767955785508454891e-01
5.080000000000000000e+02	4.928042000000000256e-01	-1.290751542696258643e-02	6.778927545767331475e-01
5.090000000000000000e+02	5.097047000000001216e-01	-1.158251864171245746e-02	6.788867423959589198e-01
5.100000000000000000e+02	5.271338000000000967e-01	-1.025568136814688190e-02	6.797773907046184005e-01
5.110000000000000000e+02	5.442116000000001286e-01	-8.927205576205698295e-03	6.805645639290516247e-01
