0.000000000000000000e+00	9.237714000000000203e-01	-7.575843387196213967e-03	8.284370961009783763e-01
1.000000000000000000e+00	9.436674000000000451e-01	-5.957247432416227541e-03	8.289841793835566186e-01
2.000000000000000000e+00	9.617324000000000428e-01	-4.337705923423448677e-03	8.294053313574524244e-01
3.000000000000000000e+00	9.877609000000000528e-01	-2.717464885397568360e-03	8.297004880453056064e-01
4.000000000000000000e+00	9.966800000000000104e-01	-1.096770449784004479e-03	8.298696046097494561e-01
5.000000000000000000e+00	1.015008499999999980e+00	5.241311830960224474e-04	8.299126553602206302e-01
6.000000000000000000e+00	1.032547099999999940e+00	2.144993781445874142e-03	8.298296337568631387e-01
7.000000000000000000e+00	1.050402999999999976e+00	3.765571119398664242e-03	8.296205524115208840e-01
8.000000000000000000e+00	1.068959999999999910e+00	5.385617014421520063e-03	8.292854430858223047e-01
9.000000000000000000e+00	1.088411000000000017e+00	7.004885364713275830e-03	8.288243566863550127e-01
1.000000000000000000e+01	1.107542999999999944e+00	8.623130186589887322e-03	8.282373632569334232e-01
1.100000000000000000e+01	1.124106999999999967e+00	1.024010565185190340e-02	8.275245519679571560e-01
1.200000000000000000e+01	1.146873999999999949e+00	1.185556612512833792e-02	8.266860311028659813e-01
1.300000000000000000e+01	1.154063000000000061e+00	1.346926620119121877e-02	8.257219280416903118e-01
1.400000000000000000e+01	1.174714999999999954e+00	1.508096074223520822e-02	8.246323892417005696e-01
1.500000000000000000e+01	1.187791999999999959e+00	1.669040491511655441e-02	8.234175802151590950e-01
1.600000000000000000e+01	1.194428000000000045e+00	1.829735422854582294e-02	8.220776855041769249e-01
1.700000000000000000e+01	1.208474000000000048e+00	1.990156457022864214e-02	8.206129086526802174e-01
1.800000000000000000e+01	1.223980999999999986e+00	2.150279224394890595e-02	8.190234721754892089e-01
1.900000000000000000e+01	1.239000000000000101e+00	2.310079400658875473e-02	8.173096175245164741e-01
2.000000000000000000e+01	1.253937000000000079e+00	2.469532710507972573e-02	8.154716050520880444e-01
2.100000000000000000e+01	1.268518000000000034e+00	2.628614931327949433e-02	8.135097139713921566e-01
2.200000000000000000e+01	1.282138000000000000e+00	2.787301896876849192e-02	8.114242423140651805e-01
2.300000000000000000e+01	1.292602999999999946e+00	2.945569500956099138e-02	8.092155068849165023e-01
2.400000000000000000e+01	1.303150000000000031e+00	3.103393701072490463e-02	8.068838432138031314e-01
2.500000000000000000e+01	1.313790999999999931e+00	3.260750522090481024e-02	8.044296055046589178e-01
2.600000000000000000e+01	1.324596000000000107e+00	3.417616059874269835e-02	8.018531665816877041e-01
2.700000000000000000e+01	1.335145000000000026e+00	3.573966484919082615e-02	7.991549178327267411e-01
2.800000000000000000e+01	1.345682000000000045e+00	3.729778045971122308e-02	7.963352691497916913e-01
2.900000000000000000e+01	1.364473999999999965e+00	3.885027073635628075e-02	7.933946488668093266e-01
3.000000000000000000e+01	1.370486000000000093e+00	4.039689983972506032e-02	7.903335036945486891e-01
3.100000000000000000e+01	1.381175999999999959e+00	4.193743282078975232e-02	7.871522986527621502e-01
3.200000000000000000e+01	1.391102000000000061e+00	4.347163565658680034e-02	7.838515169995432519e-01
3.300000000000000000e+01	1.401065000000000005e+00	4.499927528576753294e-02	7.804316601579148749e-01
3.400000000000000000e+01	1.409666000000000086e+00	4.652011964400250971e-02	7.768932476396582798e-01
3.500000000000000000e+01	1.416214000000000084e+00	4.803393769923453710e-02	7.732368169663933477e-01
3.600000000000000000e+01	1.422501999999999933e+00	4.954049948677486520e-02	7.694629235879241191e-01
3.700000000000000000e+01	1.429386999999999963e+00	5.103957614423717398e-02	7.655721407978592907e-01
3.800000000000000000e+01	1.435640999999999945e+00	5.253093994630415181e-02	7.615650596465239897e-01
3.900000000000000000e+01	1.441902999999999935e+00	5.401436433932135794e-02	7.574422888511721519e-01
4.000000000000000000e+01	1.448496999999999924e+00	5.548962397571305383e-02	7.532044547035167126e-01
4.100000000000000000e+01	1.456167999999999907e+00	5.695649474821486147e-02	7.488522009745892660e-01
4.200000000000000000e+01	1.464013000000000009e+00	5.841475382391798921e-02	7.443861888169439611e-01
4.300000000000000000e+01	1.471707000000000098e+00	5.986417967811979990e-02	7.398070966642226187e-01
4.400000000000000000e+01	1.477883999999999975e+00	6.130455212797582265e-02	7.351156201280926172e-01
4.500000000000000000e+01	1.482712999999999948e+00	6.273565236594771943e-02	7.303124718925769754e-01
4.600000000000000000e+01	1.484782999999999964e+00	6.415726299304250202e-02	7.253983816057893996e-01
4.700000000000000000e+01	1.487028999999999934e+00	6.556916805183757302e-02	7.203740957690945024e-01
4.800000000000000000e+01	1.490628999999999982e+00	6.697115305928710849e-02	7.152403776237049593e-01
4.900000000000000000e+01	1.497851999999999961e+00	6.836300503930403671e-02	7.099980070347384764e-01
5.000000000000000000e+01	1.500229999999999952e+00	6.974451255511343595e-02	7.046477803727473344e-01
5.100000000000000000e+01	1.505710000000000104e+00	7.111546574137202203e-02	6.991905103927420484e-01
5.200000000000000000e+01	1.511681000000000052e+00	7.247565633604871604e-02	6.936270261107246871e-01
5.300000000000000000e+01	1.517835000000000045e+00	7.382487771206201754e-02	6.879581726777536099e-01
5.400000000000000000e+01	1.521760999999999919e+00	7.516292490866856302e-02	6.821848112515559448e-01
5.500000000000000000e+01	1.524583999999999939e+00	7.648959466259906692e-02	6.763078188657081213e-01
5.600000000000000000e+01	1.527392000000000083e+00	7.780468543893587219e-02	6.703280882964062215e-01
5.700000000000000000e+01	1.529894000000000087e+00	7.910799746172832159e-02	6.642465279268437994e-01
5.800000000000000000e+01	1.531341999999999981e+00	8.039933274434084287e-02	6.580640616092187090e-01
5.900000000000000000e+01	1.532092000000000009e+00	8.167849511952902930e-02	6.517816285243906993e-01
6.000000000000000000e+01	1.533201999999999954e+00	8.294529026923967707e-02	6.454001830392097627e-01
6.100000000000000000e+01	1.537255000000000038e+00	8.419952575412949225e-02	6.389206945615384381e-01
6.200000000000000000e+01	1.538203999999999905e+00	8.544101104279883119e-02	6.323441473929879431e-01
6.300000000000000000e+01	1.540318000000000076e+00	8.666955754073525642e-02	6.256715405793932261e-01
6.400000000000000000e+01	1.542831000000000063e+00	8.788497861896309160e-02	6.189038877590469223e-01
6.500000000000000000e+01	1.545674999999999910e+00	8.908708964239425709e-02	6.120422170087177483e-01
6.600000000000000000e+01	1.547274000000000038e+00	9.027570799787623668e-02	6.050875706874746518e-01
6.700000000000000000e+01	1.547687000000000035e+00	9.145065312193299822e-02	5.980410052783414754e-01
6.800000000000000000e+01	1.547190999999999983e+00	9.261174652819434416e-02	5.909035912278066682e-01
6.900000000000000000e+01	1.546694999999999931e+00	9.375881183450997247e-02	5.836764127832108073e-01
7.000000000000000000e+01	1.547023000000000037e+00	9.489167478974362691e-02	5.763605678280387945e-01
7.100000000000000000e+01	1.546664999999999957e+00	9.601016330024378376e-02	5.689571677151390450e-01
7.200000000000000000e+01	1.546696999999999989e+00	9.711410745598636485e-02	5.614673370978986444e-01
7.300000000000000000e+01	1.547096999999999944e+00	9.820333955638585466e-02	5.538922137593955686e-01
7.400000000000000000e+01	1.548677000000000081e+00	9.927769413577083868e-02	5.462329484395587187e-01
7.500000000000000000e+01	1.550442000000000098e+00	1.003370079885198551e-01	5.384907046603576442e-01
7.600000000000000000e+01	1.551760000000000028e+00	1.013811201938540629e-01	5.306666585490521504e-01
7.700000000000000000e+01	1.551284000000000107e+00	1.024098721402827983e-01	5.227619986595261059e-01
7.800000000000000000e+01	1.549604999999999899e+00	1.034231075496983010e-01	5.147779257917335372e-01
7.900000000000000000e+01	1.547141000000000099e+00	1.044206725011159603e-01	5.067156528092848777e-01
8.000000000000000000e+01	1.546416999999999931e+00	1.054024154540565555e-01	4.985764044552005170e-01
8.100000000000000000e+01	1.543765000000000054e+00	1.063681872715667581e-01	4.903614171658593479e-01
8.200000000000000000e+01	1.542956999999999912e+00	1.073178412428746620e-01	4.820719388831713470e-01
8.300000000000000000e+01	1.541546000000000083e+00	1.082512331056765947e-01	4.737092288650022187e-01
8.400000000000000000e+01	1.540764999999999940e+00	1.091682210680521709e-01	4.652745574938789153e-01
8.500000000000000000e+01	1.540743999999999891e+00	1.100686658300038256e-01	4.567692060840058410e-01
8.600000000000000000e+01	1.540672999999999959e+00	1.109524306046180270e-01	4.481944666866192195e-01
8.700000000000000000e+01	1.539676000000000045e+00	1.118193811388445980e-01	4.395516418937113756e-01
8.800000000000000000e+01	1.537336000000000036e+00	1.126693857338911392e-01	4.308420446401536319e-01
8.900000000000000000e+01	1.530013999999999985e+00	1.135023152652294698e-01	4.220669980042479064e-01
9.000000000000000000e+01	1.527174000000000031e+00	1.143180432022109366e-01	4.132278350067369876e-01
9.100000000000000000e+01	1.522661999999999960e+00	1.151164456272878167e-01	4.043258984083049068e-01
9.200000000000000000e+01	1.518612999999999991e+00	1.158974012548375926e-01	3.953625405055983255e-01
9.300000000000000000e+01	1.515743000000000062e+00	1.166607914495875337e-01	3.863391229257976955e-01
9.400000000000000000e+01	1.512871999999999995e+00	1.174065002446366551e-01	3.772570164197722176e-01
9.500000000000000000e+01	1.509816999999999965e+00	1.181344143590722512e-01	3.681176006538489642e-01
9.600000000000000000e+01	1.505948000000000064e+00	1.188444232151784768e-01	3.589222640002270315e-01
9.700000000000000000e+01	1.501945000000000086e+00	1.195364189552341888e-01	3.496724033260689701e-01
9.800000000000000000e+01	1.496968000000000076e+00	1.202102964578977695e-01	3.403694237813024159e-01
9.900000000000000000e+01	1.491759999999999975e+00	1.208659533541760062e-01	3.310147385851638369e-01
1.000000000000000000e+02	1.485678000000000054e+00	1.215032900429751372e-01	3.216097688115146513e-01
1.010000000000000000e+02	1.479241000000000028e+00	1.221222097062312079e-01	3.121559431729663547e-01
1.020000000000000000e+02	1.472061999999999982e+00	1.227226183236177909e-01	3.026546978038435198e-01
1.030000000000000000e+02	1.462001000000000106e+00	1.233044246868285759e-01	2.931074760420209202e-01
1.040000000000000000e+02	1.458960000000000035e+00	1.238675404134329527e-01	2.835157282096646414e-01
1.050000000000000000e+02	1.453896999999999995e+00	1.244118799603022019e-01	2.738809113929131511e-01
1.060000000000000000e+02	1.448924000000000101e+00	1.249373606366042944e-01	2.642044892205319129e-01
1.070000000000000000e+02	1.444873000000000074e+00	1.254439026163655935e-01	2.544879316415714632e-01
1.080000000000000000e+02	1.439721999999999946e+00	1.259314289505972240e-01	2.447327147020676164e-01
1.090000000000000000e+02	1.434007000000000032e+00	1.263998655789843606e-01	2.349403203208146329e-01
1.100000000000000000e+02	1.422250999999999932e+00	1.268491413411368396e-01	2.251122360642467957e-01
1.110000000000000000e+02	1.418166999999999955e+00	1.272791879873991505e-01	2.152499549204608398e-01
1.120000000000000000e+02	1.408849999999999936e+00	1.276899401892181707e-01	2.053549750724158185e-01
1.130000000000000000e+02	1.400017000000000067e+00	1.280813355490674210e-01	1.954287996703441277e-01
1.140000000000000000e+02	1.392082000000000042e+00	1.284533146099257617e-01	1.854729366034064408e-01
1.150000000000000000e+02	1.384238000000000079e+00	1.288058208643095559e-01	1.754888982706283573e-01
1.160000000000000000e+02	1.377124000000000015e+00	1.291388007628568035e-01	1.654782013511507388e-01
1.170000000000000000e+02	1.370309999999999917e+00	1.294522037224617728e-01	1.554423665738313420e-01
1.180000000000000000e+02	1.362916000000000016e+00	1.297459821339591035e-01	1.453829184862291124e-01
1.190000000000000000e+02	1.351985999999999910e+00	1.300200913693562443e-01	1.353013852230103009e-01
1.200000000000000000e+02	1.347990999999999939e+00	1.302744897886127518e-01	1.251992982738086013e-01
1.210000000000000000e+02	1.339148999999999923e+00	1.305091387459659524e-01	1.150781922505766525e-01
1.220000000000000000e+02	1.329401000000000055e+00	1.307240025958015806e-01	1.049396046544614491e-01
1.230000000000000000e+02	1.318626000000000076e+00	1.309190486980687795e-01	9.478507564224261661e-02
1.240000000000000000e+02	1.303142000000000023e+00	1.310942474232383581e-01	8.461614779236691086e-02
1.250000000000000000e+02	1.298156000000000088e+00	1.312495721568039675e-01	7.443436587061362519e-02
1.260000000000000000e+02	1.289393000000000011e+00	1.313849993033249508e-01	6.424127659542930302e-02
1.270000000000000000e+02	1.281560000000000032e+00	1.315005082900109201e-01	5.403842840296471661e-02
1.280000000000000000e+02	1.273978000000000055e+00	1.315960815698468123e-01	4.382737121185212303e-02
1.290000000000000000e+02	1.266629000000000005e+00	1.316717046242585898e-01	3.360965618775540315e-02
1.300000000000000000e+02	1.257732000000000072e+00	1.317273659653186713e-01	2.338683550773241332e-02
1.310000000000000000e+02	1.248099000000000069e+00	1.317630571374910908e-01	1.316046212444376730e-02
1.320000000000000000e+02	1.232223999999999986e+00	1.317787727189160540e-01	2.932089530242036179e-03
1.330000000000000000e+02	1.227138000000000062e+00	1.317745103222335012e-01	-7.296728478819109083e-03
1.340000000000000000e+02	1.216860999999999970e+00	1.317502705949457065e-01	-1.752443803902304503e-02
1.350000000000000000e+02	1.206742999999999899e+00	1.317060572193191337e-01	-2.774948545503747380e-02
1.360000000000000000e+02	1.196933000000000025e+00	1.316418769118247734e-01	-3.797031743593803910e-02
1.370000000000000000e+02	1.187176000000000009e+00	1.315577394221181251e-01	-4.818538133116873762e-02
1.380000000000000000e+02	1.177845999999999949e+00	1.314536575315578826e-01	-5.839312536640516027e-02
1.390000000000000000e+02	1.169051000000000062e+00	1.313296470512645142e-01	-6.859199887928624229e-02
1.400000000000000000e+02	1.160770999999999997e+00	1.311857268197182125e-01	-7.878045255497520549e-02
1.410000000000000000e+02	1.152713000000000099e+00	1.310219186998972385e-01	-8.895693866151699325e-02
1.420000000000000000e+02	1.143720000000000070e+00	1.308382475759567454e-01	-9.911991128495403758e-02
1.430000000000000000e+02	1.133204000000000100e+00	1.306347413494485243e-01	-1.092678265641678359e-01
1.440000000000000000e+02	1.121399999999999952e+00	1.304114309350824230e-01	-1.193991429254066816e-01
1.450000000000000000e+02	1.109340999999999910e+00	1.301683502560302685e-01	-1.295123213164671161e-01
1.460000000000000000e+02	1.098452999999999902e+00	1.299055362387724344e-01	-1.396058254404913268e-01
1.470000000000000000e+02	1.088222999999999940e+00	1.296230288074883552e-01	-1.496781219893474346e-01
1.480000000000000000e+02	1.078330000000000011e+00	1.293208708779916283e-01	-1.597276808765546452e-01
1.490000000000000000e+02	1.068453000000000097e+00	1.289991083512107284e-01	-1.697529754697185977e-01
1.500000000000000000e+02	1.057968000000000020e+00	1.286577901062160578e-01	-1.797524828224438820e-01
1.510000000000000000e+02	1.047352000000000061e+00	1.282969679927947748e-01	-1.897246839056845047e-01
1.520000000000000000e+02	1.036436000000000135e+00	1.279166968235742885e-01	-1.996680638385007200e-01
1.530000000000000000e+02	1.019694700000000065e+00	1.275170343656956418e-01	-2.095811121181843928e-01
1.540000000000000000e+02	1.013686300000000040e+00	1.270980413320380309e-01	-2.194623228497210865e-01
1.550000000000000000e+02	1.001462300000000027e+00	1.266597813719959054e-01	-2.293101949745507684e-01
1.560000000000000000e+02	9.884832000000000063e-01	1.262023210618100633e-01	-2.391232324985934632e-01
1.570000000000000000e+02	9.688868000000000480e-01	1.257257298944539359e-01	-2.488999447195076042e-01
1.580000000000000000e+02	9.564848999999999712e-01	1.252300802690768100e-01	-2.586388464531421683e-01
1.590000000000000000e+02	9.504217000000000359e-01	1.247154474800058060e-01	-2.683384582591522016e-01
1.600000000000000000e+02	9.383000000000000229e-01	1.241819097053078608e-01	-2.779973066657404623e-01
1.610000000000000000e+02	9.275141999999999554e-01	1.236295479949135329e-01	-2.876139243934939804e-01
1.620000000000000000e+02	9.165925999999999796e-01	1.230584462583047545e-01	-2.971868505782786496e-01
1.630000000000000000e+02	9.046650000000000524e-01	1.224686912517682358e-01	-3.067146309931590986e-01
1.640000000000000000e+02	8.914976000000000012e-01	1.218603725652160352e-01	-3.161958182693118680e-01
1.650000000000000000e+02	8.769278000000000350e-01	1.212335826085761403e-01	-3.256289721158951989e-01
1.660000000000000000e+02	8.617369000000000279e-01	1.205884165977542943e-01	-3.350126595388442929e-01
1.670000000000000000e+02	8.463947000000000553e-01	1.199249725401698025e-01	-3.443454550585579033e-01
1.680000000000000000e+02	8.311847999999999459e-01	1.192433512198671636e-01	-3.536259409264438380e-01
1.690000000000000000e+02	8.161787000000000347e-01	1.185436561822058726e-01	-3.628527073402887382e-01
1.700000000000000000e+02	8.013538000000000050e-01	1.178259937181308920e-01	-3.720243526584230409e-01
1.710000000000000000e+02	7.868336000000000219e-01	1.170904728480259005e-01	-3.811394836126441032e-01
1.720000000000000000e+02	7.724472999999999479e-01	1.163372053051519445e-01	-3.901967155198681203e-01
1.730000000000000000e+02	7.499202999999999841e-01	1.155663055186740562e-01	-3.991946724924781420e-01
1.740000000000000000e+02	7.418924999999999548e-01	1.147778905962782287e-01	-4.081319876473353814e-01
1.750000000000000000e+02	7.164795000000000469e-01	1.139720803063815208e-01	-4.170073033134236717e-01
1.760000000000000000e+02	7.074922000000000155e-01	1.131489970599381389e-01	-4.258192712380922118e-01
1.770000000000000000e+02	6.885780000000000234e-01	1.123087658918437148e-01	-4.345665527918710636e-01
1.780000000000000000e+02	6.692915000000000392e-01	1.114515144419413323e-01	-4.432478191718218774e-01
1.790000000000000000e+02	6.418673999999999769e-01	1.105773729356317459e-01	-4.518617516033969217e-01
1.800000000000000000e+02	6.323630000000000084e-01	1.096864741640907054e-01	-4.604070415407746086e-01
1.810000000000000000e+02	6.144625999999999699e-01	1.087789534640966060e-01	-4.688823908656414852e-01
1.820000000000000000e+02	5.961092000000000057e-01	1.078549486974714894e-01	-4.772865120843899356e-01
1.830000000000000000e+02	5.769568000000000474e-01	1.069146002301384207e-01	-4.856181285237006762e-01
1.840000000000000000e+02	5.469889000000000001e-01	1.059580509107982405e-01	-4.938759745244846178e-01
1.850000000000000000e+02	5.369954000000000116e-01	1.049854460492296443e-01	-5.020587956341482361e-01
1.860000000000000000e+02	5.165622999999999188e-01	1.039969333942148966e-01	-5.101653487971583578e-01
1.870000000000000000e+02	4.960572999999999788e-01	1.029926631110953950e-01	-5.181944025438752766e-01
1.880000000000000000e+02	4.750360000000000138e-01	1.019727877589599319e-01	-5.261447371776258874e-01
1.890000000000000000e+02	4.535823999999999967e-01	1.009374622674693162e-01	-5.340151449599880307e-01
1.900000000000000000e+02	4.321359000000000172e-01	9.988684391332118551e-02	-5.418044302942578438e-01
1.910000000000000000e+02	4.106847000000000136e-01	9.882109229635779868e-02	-5.495114099070751434e-01
1.920000000000000000e+02	3.900267000000000039e-01	9.774036931532119332e-02	-5.571349130281734174e-01
1.930000000000000000e+02	3.699939999999999896e-01	9.664483914325922020e-02	-5.646737815682322248e-01
1.940000000000000000e+02	3.503070999999999824e-01	9.553466820258581238e-02	-5.721268702948036911e-01
1.950000000000000000e+02	3.297522999999999982e-01	9.441002513979983302e-02	-5.794930470062842343e-01
1.960000000000000000e+02	3.086126000000000147e-01	9.327108079986569378e-02	-5.867711927039088726e-01
1.970000000000000000e+02	2.867853999999999681e-01	9.211800820026054548e-02	-5.939602017617371388e-01
1.980000000000000000e+02	2.643111000000000210e-01	9.095098250469085821e-02	-6.010589820946109496e-01
1.990000000000000000e+02	2.301601000000000063e-01	8.977018099648330363e-02	-6.080664553240526793e-01
2.000000000000000000e+02	2.188881000000000021e-01	8.857578305165365873e-02	-6.149815569420821193e-01
2.010000000000000000e+02	1.853127999999999997e-01	8.736797011165764459e-02	-6.218032364729266792e-01
2.020000000000000000e+02	1.744175000000000031e-01	8.614692565582809936e-02	-6.285304576325990711e-01
2.030000000000000000e+02	1.528935000000000155e-01	8.491283517350255161e-02	-6.351621984863202730e-01
2.040000000000000000e+02	1.321455400000000058e-01	8.366588613584560741e-02	-6.416974516037605714e-01
2.050000000000000000e+02	1.109523099999999984e-01	8.240626796736988391e-02	-6.481352242120811402e-01
2.060000000000000000e+02	7.852595000000001102e-02	8.113417201716055516e-02	-6.544745383467441835e-01
2.070000000000000000e+02	6.789306999999999981e-02	7.984979152980758998e-02	-6.607144310000773180e-01
2.080000000000000000e+02	4.623062600000000383e-02	7.855332161604965113e-02	-6.668539542675638865e-01
2.090000000000000000e+02	2.406690000000000218e-02	7.724495922313494300e-02	-6.728921754918396614e-01
2.100000000000000000e+02	1.899980000000002500e-03	7.592490310490268568e-02	-6.788281774043732897e-01
2.110000000000000000e+02	-3.075906000000000473e-02	7.459335379159066914e-02	-6.846610582648080534e-01
2.120000000000000000e+02	-4.140886000000000566e-02	7.325051355937217679e-02	-6.903899319979471816e-01
2.130000000000000000e+02	-6.298869999999999469e-02	7.189658639962850928e-02	-6.960139283283566236e-01
2.140000000000000000e+02	-8.441799999999999304e-02	7.053177798796038400e-02	-7.015321929125695188e-01
2.150000000000000000e+02	-1.061566999999999927e-01	6.915629565294373338e-02	-7.069438874688692698e-01
2.160000000000000000e+02	-1.245408000000000071e-01	6.777034834463430135e-02	-7.122481899046338993e-01
2.170000000000000000e+02	-1.461152000000000006e-01	6.637414660282602019e-02	-7.174442944412202650e-01
2.180000000000000000e+02	-1.674387999999999987e-01	6.496790252506787211e-02	-7.225314117363698108e-01
2.190000000000000000e+02	-1.884572999999999943e-01	6.355182973444387096e-02	-7.275087690041180943e-01
2.200000000000000000e+02	-2.108190999999999815e-01	6.212614334712166647e-02	-7.323756101321896583e-01
2.210000000000000000e+02	-2.327500000000000124e-01	6.069105993967412183e-02	-7.371311957968580408e-01
2.220000000000000000e+02	-2.533886000000000194e-01	5.924679751617906859e-02	-7.417748035752580460e-01
2.230000000000000000e+02	-2.728723000000000121e-01	5.779357547510224902e-02	-7.463057280551282924e-01
2.240000000000000000e+02	-2.930198999999999998e-01	5.633161457596832372e-02	-7.507232809419712716e-01
2.250000000000000000e+02	-3.135989000000000138e-01	5.486113690582543334e-02	-7.550267911636118212e-01
2.260000000000000000e+02	-3.333655999999999842e-01	5.338236584550755393e-02	-7.592156049721405786e-01
2.270000000000000000e+02	-3.534262000000000237e-01	5.189552603570084938e-02	-7.632890860432252067e-01
2.280000000000000000e+02	-3.734308000000000072e-01	5.040084334281833695e-02	-7.672466155727737380e-01
2.290000000000000000e+02	-3.945501000000000147e-01	4.889854482468845853e-02	-7.710875923709382684e-01
2.300000000000000000e+02	-4.169229999999999881e-01	4.738885869606260931e-02	-7.748114329534414590e-01
2.310000000000000000e+02	-4.386523999999999979e-01	4.587201429394700131e-02	-7.784175716302139669e-01
2.320000000000000000e+02	-4.595420999999999534e-01	4.434824204276384407e-02	-7.819054605913289269e-01
2.330000000000000000e+02	-4.798198999999999659e-01	4.281777341934781683e-02	-7.852745699902191623e-01
2.340000000000000000e+02	-4.989350999999999647e-01	4.128084091778189829e-02	-7.885243880241674663e-01
2.350000000000000000e+02	-5.176939000000000402e-01	3.973767801407935424e-02	-7.916544210120540770e-01
2.360000000000000000e+02	-5.373955000000000259e-01	3.818851913071630994e-02	-7.946641934693517983e-01
2.370000000000000000e+02	-5.572871000000000352e-01	3.663359960102043067e-02	-7.975532481803578877e-01
2.380000000000000000e+02	-5.783827000000000274e-01	3.507315563342144893e-02	-8.003211462676487198e-01
2.390000000000000000e+02	-6.000664999999999472e-01	3.350742427556852726e-02	-8.029674672587511219e-01
2.400000000000000000e+02	-6.210128000000000315e-01	3.193664337832050060e-02	-8.054918091500151700e-01
2.410000000000000000e+02	-6.415920000000000512e-01	3.036105155961354302e-02	-8.078937884676837822e-01
2.420000000000000000e+02	-6.624607000000000134e-01	2.878088816821281273e-02	-8.101730403261457880e-01
2.430000000000000000e+02	-6.822137000000000340e-01	2.719639324735287009e-02	-8.123292184833660334e-01
2.440000000000000000e+02	-7.009969999999999812e-01	2.560780749827258618e-02	-8.143619953934831956e-01
2.450000000000000000e+02	-7.199178999999999995e-01	2.401537224365013143e-02	-8.162710622565674257e-01
2.460000000000000000e+02	-7.384450999999999654e-01	2.241932939094352234e-02	-8.180561290655298246e-01
2.470000000000000000e+02	-7.586741000000000179e-01	2.081992139564255162e-02	-8.197169246501782025e-01
2.480000000000000000e+02	-7.793425999999999965e-01	1.921739122443696587e-02	-8.212531967184102388e-01
2.490000000000000000e+02	-7.988412000000000290e-01	1.761198231830753136e-02	-8.226647118945391579e-01
2.500000000000000000e+02	-8.181414000000000186e-01	1.600393855554473749e-02	-8.239512557547465921e-01
2.510000000000000000e+02	-8.388613000000000319e-01	1.439350421470118879e-02	-8.251126328596547488e-01
2.520000000000000000e+02	-8.590052000000000243e-01	1.278092393748312024e-02	-8.261486667840166609e-01
2.530000000000000000e+02	-8.782978000000000174e-01	1.116644269158673965e-02	-8.270592001435164153e-01
2.540000000000000000e+02	-8.956697000000000131e-01	9.550305733485323079e-03	-8.278440946186776950e-01
2.550000000000000000e+02	-9.123645999999999701e-01	7.932758571171850959e-03	-8.285032309758759705e-01
2.560000000000000000e+02	-9.303126000000000451e-01	6.314046926864039753e-03	-8.290365090854511232e-01
2.570000000000000000e+02	-9.486940000000000373e-01	4.694416699676508438e-03	-8.294438479369184991e-01
2.580000000000000000e+02	-9.672890000000000654e-01	3.074113928266165603e-03	-8.297251856512749546e-01
2.590000000000000000e+02	-9.861580000000000901e-01	1.453384753456369617e-03	-8.298804794903987814e-01
2.600000000000000000e+02	-1.004682000000000075e+00	-1.675246191544725420e-04	-8.299097058635428459e-01
2.610000000000000000e+02	-1.022853000000000012e+00	-1.788367956593859805e-03	-8.298128603309172791e-01
2.620000000000000000e+02	-1.041630999999999974e+00	-3.408899035920896423e-03	-8.295899576043647139e-01
2.630000000000000000e+02	-1.060240999999999989e+00	-5.028871681629876536e-03	-8.292410315451247405e-01
2.640000000000000000e+02	-1.078391000000000099e+00	-6.648039803046966283e-03	-8.287661351586905756e-01
2.650000000000000000e+02	-1.095847999999999933e+00	-8.266157431713926432e-03	-8.281653405867569484e-01
2.660000000000000000e+02	-1.111067999999999945e+00	-9.882978758753279552e-03	-8.274387390962604227e-01
2.670000000000000000e+02	-1.126003000000000087e+00	-1.149825817220929101e-02	-8.265864410655157091e-01
2.680000000000000000e+02	-1.142147999999999941e+00	-1.311175029435874238e-02	-8.256085759674477442e-01
2.690000000000000000e+02	-1.158226999999999896e+00	-1.472321001898670850e-02	-8.245052923499233133e-01
2.700000000000000000e+02	-1.174112000000000045e+00	-1.633239254862050086e-02	-8.232767578131854336e-01
2.710000000000000000e+02	-1.189437999999999995e+00	-1.793905343171700584e-02	-8.219231589843924990e-01
2.720000000000000000e+02	-1.205815999999999999e+00	-1.954294859979741755e-02	-8.204447014892687351e-01
2.730000000000000000e+02	-1.223742000000000107e+00	-2.114383440452376889e-02	-8.188416099208661869e-01
2.740000000000000000e+02	-1.240747000000000044e+00	-2.274146765471171325e-02	-8.171141278054476764e-01
2.750000000000000000e+02	-1.254507000000000039e+00	-2.433560565327354611e-02	-8.152625175654925060e-01
2.760000000000000000e+02	-1.267273000000000094e+00	-2.592600623408677571e-02	-8.132870604798313474e-01
2.770000000000000000e+02	-1.279760000000000009e+00	-2.751242779878142197e-02	-8.111880566409175319e-01
2.780000000000000000e+02	-1.290834999999999955e+00	-2.909462935344140494e-02	-8.089658249092391840e-01
2.790000000000000000e+02	-1.301849000000000034e+00	-3.067237054521400330e-02	-8.066207028648821886e-01
2.800000000000000000e+02	-1.313042000000000042e+00	-3.224541169882193942e-02	-8.041530467562467699e-01
2.810000000000000000e+02	-1.325812999999999908e+00	-3.381351385297264728e-02	-8.015632314459313346e-01
2.820000000000000000e+02	-1.339487000000000094e+00	-3.537643879665867963e-02	-7.988516503537852476e-01
2.830000000000000000e+02	-1.352228999999999903e+00	-3.693394910534483072e-02	-7.960187153971457485e-01
2.840000000000000000e+02	-1.364692999999999934e+00	-3.848580817703516066e-02	-7.930648569282621185e-01
2.850000000000000000e+02	-1.376692999999999945e+00	-4.003178026821530011e-02	-7.899905236689220844e-01
2.860000000000000000e+02	-1.386675000000000102e+00	-4.157163052966440786e-02	-7.867961826422849025e-01
2.870000000000000000e+02	-1.396063000000000054e+00	-4.310512504213114687e-02	-7.834823191019367750e-01
2.880000000000000000e+02	-1.404443000000000108e+00	-4.463203085186850244e-02	-7.800494364581752604e-01
2.890000000000000000e+02	-1.412828999999999890e+00	-4.615211600602189129e-02	-7.764980562015360022e-01
2.900000000000000000e+02	-1.419650000000000079e+00	-4.766514958786501055e-02	-7.728287178235735411e-01
2.910000000000000000e+02	-1.426411000000000096e+00	-4.917090175187880524e-02	-7.690419787349059844e-01
2.920000000000000000e+02	-1.435248000000000079e+00	-5.066914375866718445e-02	-7.651384141805389616e-01
2.930000000000000000e+02	-1.445519999999999916e+00	-5.215964800970494114e-02	-7.611186171524804145e-01
2.940000000000000000e+02	-1.455200999999999967e+00	-5.364218808191238003e-02	-7.569831982996579889e-01
2.950000000000000000e+02	-1.463098999999999927e+00	-5.511653876205126201e-02	-7.527327858351560153e-01
2.960000000000000000e+02	-1.470868999999999982e+00	-5.658247608093718017e-02	-7.483680254407828469e-01
2.970000000000000000e+02	-1.478553999999999924e+00	-5.803977734746249700e-02	-7.438895801689854315e-01
2.980000000000000000e+02	-1.484221000000000013e+00	-5.948822118242584611e-02	-7.392981303421244377e-01
2.990000000000000000e+02	-1.488623999999999947e+00	-6.092758755216164807e-02	-7.345943734491264809e-01
3.000000000000000000e+02	-1.492871999999999977e+00	-6.235765780196559499e-02	-7.297790240395283234e-01
3.010000000000000000e+02	-1.497252999999999945e+00	-6.377821468931059445e-02	-7.248528136149290368e-01
3.020000000000000000e+02	-1.500572999999999935e+00	-6.518904241684808643e-02	-7.198164905178675577e-01
3.030000000000000000e+02	-1.504019999999999913e+00	-6.658992666519007730e-02	-7.146708198181418448e-01
3.040000000000000000e+02	-1.508623000000000047e+00	-6.798065462546613869e-02	-7.094165831965865143e-01
3.050000000000000000e+02	-1.515166999999999931e+00	-6.936101503165170712e-02	-7.040545788263278260e-01
3.060000000000000000e+02	-1.521125000000000060e+00	-7.073079819266132884e-02	-6.985856212515321184e-01
3.070000000000000000e+02	-1.526083999999999996e+00	-7.208979602420297061e-02	-6.930105412636689000e-01
3.080000000000000000e+02	-1.529965000000000019e+00	-7.343780208038815094e-02	-6.873301857753045807e-01
3.090000000000000000e+02	-1.531168000000000085e+00	-7.477461158509333961e-02	-6.815454176914477191e-01
3.100000000000000000e+02	-1.531728999999999896e+00	-7.610002146306742155e-02	-6.756571157784646564e-01
3.110000000000000000e+02	-1.531406000000000045e+00	-7.741383037078096441e-02	-6.696661745305865221e-01
3.120000000000000000e+02	-1.532610000000000028e+00	-7.871583872701252982e-02	-6.635735040340251523e-01
3.130000000000000000e+02	-1.534335000000000004e+00	-8.000584874316699069e-02	-6.573800298287221233e-01
3.140000000000000000e+02	-1.537096999999999936e+00	-8.128366445332174672e-02	-6.510866927677494420e-01
3.150000000000000000e+02	-1.540073999999999943e+00	-8.254909174399592542e-02	-6.446944488743847623e-01
3.160000000000000000e+02	-1.544065999999999939e+00	-8.380193838363830805e-02	-6.382042691968806691e-01
3.170000000000000000e+02	-1.546799999999999953e+00	-8.504201405182924833e-02	-6.316171396609526756e-01
3.180000000000000000e+02	-1.547957999999999945e+00	-8.626913036819226777e-02	-6.249340609200074725e-01
3.190000000000000000e+02	-1.547882999999999898e+00	-8.748310092101112267e-02	-6.181560482031324133e-01
3.200000000000000000e+02	-1.548615999999999993e+00	-8.868374129554763841e-02	-6.112841311608717687e-01
3.210000000000000000e+02	-1.549960000000000004e+00	-8.987086910205617507e-02	-6.043193537088128453e-01
3.220000000000000000e+02	-1.550415000000000099e+00	-9.104430400349051988e-02	-5.972627738690035049e-01
3.230000000000000000e+02	-1.549104000000000037e+00	-9.220386774289901499e-02	-5.901154636092280636e-01
3.240000000000000000e+02	-1.548017999999999894e+00	-9.334938417050366033e-02	-5.828785086801641091e-01
3.250000000000000000e+02	-1.548537000000000052e+00	-9.448067927045887548e-02	-5.755530084504465460e-01
3.260000000000000000e+02	-1.549436000000000035e+00	-9.559758118728677034e-02	-5.681400757396596335e-01
3.270000000000000000e+02	-1.550583000000000045e+00	-9.669992025198316521e-02	-5.606408366492919848e-01
3.280000000000000000e+02	-1.551633999999999958e+00	-9.778752900779275059e-02	-5.530564303916652991e-01
3.290000000000000000e+02	-1.551760000000000028e+00	-9.886024223564690572e-02	-5.453880091168806787e-01
3.300000000000000000e+02	-1.551085000000000047e+00	-9.991789697926246883e-02	-5.376367377377929690e-01
3.310000000000000000e+02	-1.549592999999999998e+00	-1.009603325698966297e-01	-5.298037937530474251e-01
3.320000000000000000e+02	-1.546979000000000104e+00	-1.019873906507537814e-01	-5.218903670682082385e-01
3.330000000000000000e+02	-1.544178000000000051e+00	-1.029989152010420683e-01	-5.138976598149953556e-01
3.340000000000000000e+02	-1.542210999999999999e+00	-1.039947525596740530e-01	-5.058268861686736617e-01
3.350000000000000000e+02	-1.540655000000000108e+00	-1.049747514486098904e-01	-4.976792721636011385e-01
3.360000000000000000e+02	-1.539346000000000103e+00	-1.059387629958376681e-01	-4.894560555069866759e-01
3.370000000000000000e+02	-1.538313999999999959e+00	-1.068866407579887323e-01	-4.811584853908672521e-01
3.380000000000000000e+02	-1.536793000000000076e+00	-1.078182407425841982e-01	-4.727878223023408433e-01
3.390000000000000000e+02	-1.535465999999999998e+00	-1.087334214299083973e-01	-4.643453378320898106e-01
3.400000000000000000e+02	-1.533846999999999960e+00	-1.096320437945078191e-01	-4.558323144812082006e-01
3.410000000000000000e+02	-1.532140999999999975e+00	-1.105139713263098566e-01	-4.472500454663806968e-01
3.420000000000000000e+02	-1.529136000000000051e+00	-1.113790700513607457e-01	-4.385998345234259355e-01
3.430000000000000000e+02	-1.524759999999999893e+00	-1.122272085521770629e-01	-4.298829957092486498e-01
3.440000000000000000e+02	-1.520030999999999910e+00	-1.130582579877096733e-01	-4.211008532022195161e-01
3.450000000000000000e+02	-1.515879999999999894e+00	-1.138720921129161290e-01	-4.122547411010166196e-01
3.460000000000000000e+02	-1.512399000000000049e+00	-1.146685872979382598e-01	-4.033460032219666203e-01
3.470000000000000000e+02	-1.509071000000000051e+00	-1.154476225468832468e-01	-3.943759928948996629e-01
3.480000000000000000e+02	-1.507814999999999905e+00	-1.162090795162037393e-01	-3.853460727575699907e-01
3.490000000000000000e+02	-1.506305000000000005e+00	-1.169528425326758214e-01	-3.762576145486516976e-01
3.500000000000000000e+02	-1.503988000000000103e+00	-1.176787986109707751e-01	-3.671119988993621353e-01
3.510000000000000000e+02	-1.500510999999999928e+00	-1.183868374708186844e-01	-3.579106151237274602e-01
3.520000000000000000e+02	-1.495359000000000105e+00	-1.190768515537614369e-01	-3.486548610075298482e-01
3.530000000000000000e+02	-1.489327999999999985e+00	-1.197487360394916128e-01	-3.393461425959733990e-01
3.540000000000000000e+02	-1.484126999999999974e+00	-1.204023888617760663e-01	-3.299858739800864416e-01
3.550000000000000000e+02	-1.479065000000000074e+00	-1.210377107239606065e-01	-3.205754770819113642e-01
3.560000000000000000e+02	-1.473904000000000103e+00	-1.216546051140544732e-01	-3.111163814384947934e-01
3.570000000000000000e+02	-1.469422999999999924e+00	-1.222529783193911784e-01	-3.016100239847307463e-01
3.580000000000000000e+02	-1.464199999999999946e+00	-1.228327394408646606e-01	-2.920578488350730750e-01
3.590000000000000000e+02	-1.459295000000000009e+00	-1.233938004067378497e-01	-2.824613070641577295e-01
3.600000000000000000e+02	-1.453975999999999935e+00	-1.239360759860214239e-01	-2.728218564863738593e-01
3.610000000000000000e+02	-1.448871999999999938e+00	-1.244594838014215776e-01	-2.631409614344015768e-01
3.620000000000000000e+02	-1.443521000000000054e+00	-1.249639443418536638e-01	-2.534200925367697810e-01
3.630000000000000000e+02	-1.437275999999999998e+00	-1.254493809745211574e-01	-2.436607264944471163e-01
3.640000000000000000e+02	-1.429775000000000018e+00	-1.259157199565565932e-01	-2.338643458565204947e-01
3.650000000000000000e+02	-1.421281000000000017e+00	-1.263628904462240354e-01	-2.240324387949783891e-01
3.660000000000000000e+02	-1.412849000000000022e+00	-1.267908245136807610e-01	-2.141664988786399770e-01
3.670000000000000000e+02	-1.404851999999999990e+00	-1.271994571512963246e-01	-2.042680248462715176e-01
3.680000000000000000e+02	-1.397818000000000005e+00	-1.275887262835280755e-01	-1.943385203789066151e-01
3.690000000000000000e+02	-1.391461999999999977e+00	-1.279585727763508929e-01	-1.843794938714270748e-01
3.700000000000000000e+02	-1.385308999999999902e+00	-1.283089404462404437e-01	-1.743924582034165061e-01
3.710000000000000000e+02	-1.378999000000000086e+00	-1.286397760687078839e-01	-1.643789305093431019e-01
3.720000000000000000e+02	-1.372136999999999940e+00	-1.289510293863852519e-01	-1.543404319480889686e-01
3.730000000000000000e+02	-1.364441999999999933e+00	-1.292426531166602499e-01	-1.442784874718683330e-01
3.740000000000000000e+02	-1.356071999999999944e+00	-1.295146029588586656e-01	-1.341946255945761779e-01
3.750000000000000000e+02	-1.347779000000000060e+00	-1.297668376009744051e-01	-1.240903781595856653e-01
3.760000000000000000e+02	-1.338621999999999979e+00	-1.299993187259449456e-01	-1.139672801070506919e-01
3.770000000000000000e+02	-1.329134999999999955e+00	-1.302120110174723178e-01	-1.038268692407269961e-01
3.780000000000000000e+02	-1.320246999999999948e+00	-1.304048821653879531e-01	-9.367068599436872978e-02
3.790000000000000000e+02	-1.312386000000000053e+00	-1.305779028705607858e-01	-8.350027319771839707e-02
3.800000000000000000e+02	-1.304675999999999947e+00	-1.307310468493483313e-01	-7.331717584213287564e-02
3.810000000000000000e+02	-1.297315999999999914e+00	-1.308642908375892699e-01	-6.312294084588819520e-02
3.820000000000000000e+02	-1.289844999999999908e+00	-1.309776145941375924e-01	-5.291911681918080174e-02
3.830000000000000000e+02	-1.282275000000000054e+00	-1.310710009039374180e-01	-4.270725382888339999e-02
3.840000000000000000e+02	-1.274324000000000012e+00	-1.311444355806382078e-01	-3.248890316306785042e-02
3.850000000000000000e+02	-1.265122999999999998e+00	-1.311979074687496249e-01	-2.226561709535352859e-02
3.860000000000000000e+02	-1.254691000000000001e+00	-1.312314084453364005e-01	-1.203894864909862104e-02
3.870000000000000000e+02	-1.243616000000000055e+00	-1.312449334212521801e-01	-1.810451361477549963e-03
3.880000000000000000e+02	-1.232588999999999935e+00	-1.312384803419126555e-01	8.418320952512318989e-03
3.890000000000000000e+02	-1.222636999999999974e+00	-1.312120501876075374e-01	1.864581443609720016e-02
3.900000000000000000e+02	-1.213688000000000100e+00	-1.311656469733518959e-01	2.887047542676798861e-02
3.910000000000000000e+02	-1.205182999999999893e+00	-1.310992777482759830e-01	3.909075069230362465e-02
3.920000000000000000e+02	-1.197127000000000052e+00	-1.310129525945546158e-01	4.930508766671803933e-02
3.930000000000000000e+02	-1.188719000000000081e+00	-1.309066846258753747e-01	5.951193468611328669e-02
3.940000000000000000e+02	-1.180047999999999986e+00	-1.307804899854466685e-01	6.970974122439559106e-02
3.950000000000000000e+02	-1.170530999999999988e+00	-1.306343878435453632e-01	7.989695812881127124e-02
3.960000000000000000e+02	-1.160620999999999903e+00	-1.304684003946045556e-01	9.007203785528489215e-02
3.970000000000000000e+02	-1.150053999999999910e+00	-1.302825528538421318e-01	1.002334347035016004e-01
3.980000000000000000e+02	-1.139245000000000063e+00	-1.300768734534301641e-01	1.103796050517207583e-01
3.990000000000000000e+02	-1.128482999999999903e+00	-1.298513934382062307e-01	1.205090075912630954e-01
4.000000000000000000e+02	-1.117669000000000024e+00	-1.296061470609270738e-01	1.306201035606536498e-01
4.010000000000000000e+02	-1.103860999999999981e+00	-1.293411715770650949e-01	1.407113569793778662e-01
4.020000000000000000e+02	-1.099695000000000089e+00	-1.290565072391489931e-01	1.507812348812077596e-01
4.030000000000000000e+02	-1.091882000000000019e+00	-1.287521972906488787e-01	1.608282075470814365e-01
4.040000000000000000e+02	-1.083614999999999995e+00	-1.284282879594072779e-01	1.708507487374773537e-01
4.050000000000000000e+02	-1.074327999999999950e+00	-1.280848284506164447e-01	1.808473359242717959e-01
4.060000000000000000e+02	-1.063662000000000107e+00	-1.277218709393437845e-01	1.908164505220216189e-01
4.070000000000000000e+02	-1.051778000000000102e+00	-1.273394705626058887e-01	2.007565781186554099e-01
4.080000000000000000e+02	-1.039611999999999981e+00	-1.269376854109924013e-01	2.106662087055304056e-01
4.090000000000000000e+02	-1.026813999999999893e+00	-1.265165765198418557e-01	2.205438369068137006e-01
4.100000000000000000e+02	-1.014634000000000036e+00	-1.260762078599694247e-01	2.303879622081700385e-01
4.110000000000000000e+02	-1.002944999999999975e+00	-1.256166463279493051e-01	2.401970891846997580e-01
4.120000000000000000e+02	-9.918469999999999231e-01	-1.251379617359522911e-01	2.499697277281153207e-01
4.130000000000000000e+02	-9.813840000000000341e-01	-1.246402268011407161e-01	2.597043932730989102e-01
4.140000000000000000e+02	-9.709760000000000613e-01	-1.241235171346218719e-01	2.693996070228258932e-01
4.150000000000000000e+02	-9.598409999999999442e-01	-1.235879112299618221e-01	2.790538961736110934e-01
4.160000000000000000e+02	-9.477267999999999804e-01	-1.230334904512616900e-01	2.886657941386382431e-01
4.170000000000000000e+02	-9.346923999999999788e-01	-1.224603390207971987e-01	2.982338407707555983e-01
4.180000000000000000e+02	-9.207568999999999892e-01	-1.218685440062248909e-01	3.077565825842813463e-01
4.190000000000000000e+02	-9.065121999999999902e-01	-1.212581953073551821e-01	3.172325729758091462e-01
4.200000000000000000e+02	-8.919397000000000020e-01	-1.206293856424960481e-01	3.266603724439574585e-01
4.210000000000000000e+02	-8.775562999999999558e-01	-1.199822105343679446e-01	3.360385488080464000e-01
4.220000000000000000e+02	-8.632919999999999483e-01	-1.193167682955928594e-01	3.453656774256630979e-01
4.230000000000000000e+02	-8.497803000000000440e-01	-1.186331600137598141e-01	3.546403414090751882e-01
4.240000000000000000e+02	-8.366594000000000531e-01	-1.179314895360683568e-01	3.638611318404758044e-01
4.250000000000000000e+02	-8.229779999999999873e-01	-1.172118634535533749e-01	3.730266479860077089e-01
4.260000000000000000e+02	-8.085653000000000423e-01	-1.164743910848925063e-01	3.821354975085544114e-01
4.270000000000000000e+02	-7.933124999999999760e-01	-1.157191844597997427e-01	3.911862966792463148e-01
4.280000000000000000e+02	-7.772879000000000316e-01	-1.149463583020069180e-01	4.001776705876652906e-01
4.290000000000000000e+02	-7.610086000000000350e-01	-1.141560300118357046e-01	4.091082533507097163e-01
4.300000000000000000e+02	-7.433146000000000475e-01	-1.133483196483637684e-01	4.179766883200819461e-01
4.310000000000000000e+02	-7.257592999999999961e-01	-1.125233499111860380e-01	4.267816282883825085e-01
4.320000000000000000e+02	-7.074042999999999859e-01	-1.116812461217758373e-01	4.355217356937595152e-01
4.330000000000000000e+02	-6.893251999999999713e-01	-1.108221362044467806e-01	4.441956828231033994e-01
4.340000000000000000e+02	-6.716237000000000457e-01	-1.099461506669201644e-01	4.528021520137360256e-01
4.350000000000000000e+02	-6.544356999999999536e-01	-1.090534225804993124e-01	4.613398358535791832e-01
4.360000000000000000e+02	-6.369512000000000507e-01	-1.081440875598544682e-01	4.698074373797657688e-01
4.370000000000000000e+02	-6.192925999999999709e-01	-1.072182837424219271e-01	4.782036702756576885e-01
4.380000000000000000e+02	-6.005726999999999594e-01	-1.062761517674190581e-01	4.865272590662558239e-01
4.390000000000000000e+02	-5.810326000000000102e-01	-1.053178347544802829e-01	4.947769393119526016e-01
4.400000000000000000e+02	-5.609714999999999563e-01	-1.043434782819151058e-01	5.029514578006187842e-01
4.410000000000000000e+02	-5.402411000000000296e-01	-1.033532303645938177e-01	5.110495727379752440e-01
4.420000000000000000e+02	-5.193691999999999753e-01	-1.023472414314622186e-01	5.190700539362355093e-01
4.430000000000000000e+02	-4.976125999999999605e-01	-1.013256643026897719e-01	5.270116830009868858e-01
4.440000000000000000e+02	-4.756156000000000272e-01	-1.002886541664550490e-01	5.348732535162722401e-01
4.450000000000000000e+02	-4.546080000000000121e-01	-9.923636855537046331e-02	5.426535712278620638e-01
4.460000000000000000e+02	-4.243822999999999901e-01	-9.816896732255209201e-02	5.503514542246695784e-01
4.470000000000000000e+02	-4.041908000000000167e-01	-9.708661261733564363e-02	5.579657331183001112e-01
4.480000000000000000e+02	-3.938669000000000198e-01	-9.598946886064489703e-02	5.654952512206887771e-01
4.490000000000000000e+02	-3.727018999999999749e-01	-9.487770272001412597e-02	5.729388647198153661e-01
4.500000000000000000e+02	-3.518500999999999990e-01	-9.375148308426944910e-02	5.802954428534632392e-01
4.510000000000000000e+02	-3.309750000000000192e-01	-9.261098103787333835e-02	5.875638680809894820e-01
4.520000000000000000e+02	-3.095547000000000160e-01	-9.145636983493447836e-02	5.947430362530956582e-01
4.530000000000000000e+02	-2.873225999999999836e-01	-9.028782487288934677e-02	6.018318567795553076e-01
4.540000000000000000e+02	-2.652224999999999722e-01	-8.910552366585684780e-02	6.088292527948897526e-01
4.550000000000000000e+02	-2.320942999999999756e-01	-8.790964581767274355e-02	6.157341613219514675e-01
4.560000000000000000e+02	-2.212056000000000022e-01	-8.670037299460527092e-02	6.225455334334049073e-01
4.570000000000000000e+02	-1.995280000000000109e-01	-8.547788889775875809e-02	6.292623344110667150e-01
4.580000000000000000e+02	-1.785278999999999894e-01	-8.424237923516730842e-02	6.358835439030908754e-01
4.590000000000000000e+02	-1.572303999999999924e-01	-8.299403169358347820e-02	6.424081560789725032e-01
4.600000000000000000e+02	-1.352975999999999901e-01	-8.173303590996736090e-02	6.488351797823409539e-01
4.610000000000000000e+02	-1.121996000000000104e-01	-8.045958344267804818e-02	6.551636386815298252e-01
4.620000000000000000e+02	-8.988280000000001269e-02	-7.917386774237468450e-02	6.613925714178887638e-01
4.630000000000000000e+02	-6.791350000000000164e-02	-7.787608412262848889e-02	6.675210317518274206e-01
4.640000000000000000e+02	-4.579152999999999696e-02	-7.656642973025333532e-02	6.735480887065554700e-01
4.650000000000000000e+02	-2.415472999999999926e-02	-7.524510351535673713e-02	6.794728267095094809e-01
4.660000000000000000e+02	-1.917620000000001823e-03	-7.391230620111705063e-02	6.852943457314389919e-01
4.670000000000000000e+02	1.983659999999999937e-02	-7.256824025329214334e-02	6.910117614231273686e-01
4.680000000000000000e+02	4.047008400000000339e-02	-7.121310984946202516e-02	6.966242052497370052e-01
4.690000000000000000e+02	6.087868000000000446e-02	-6.984712084801289467e-02	7.021308246227453420e-01
4.700000000000000000e+02	8.155269000000001101e-02	-6.847048075686433533e-02	7.075307830294654821e-01
4.710000000000000000e+02	1.028064600000000023e-01	-6.708339870194739152e-02	7.128232601601179885e-01
4.720000000000000000e+02	1.243540800000000057e-01	-6.568608539543592528e-02	7.180074520324457588e-01
4.730000000000000000e+02	1.447583000000000064e-01	-6.427875310373684647e-02	7.230825711138487710e-01
4.740000000000000000e+02	1.643744000000000038e-01	-6.286161561524541974e-02	7.280478464410151673e-01
4.750000000000000000e+02	1.841232000000000146e-01	-6.143488820786777160e-02	7.329025237370421220e-01
4.760000000000000000e+02	2.047778000000000098e-01	-5.999878761631872309e-02	7.376458655260155206e-01
4.770000000000000000e+02	2.259889999999999954e-01	-5.855353199919674512e-02	7.422771512450421216e-01
4.780000000000000000e+02	2.480539999999999967e-01	-5.709934090584409261e-02	7.467956773537094417e-01
4.790000000000000000e+02	2.697714999999999974e-01	-5.563643524299469872e-02	7.512007574409607091e-01
4.800000000000000000e+02	2.901509999999999923e-01	-5.416503724121580349e-02	7.554917223293694528e-01
4.810000000000000000e+02	3.103334999999999844e-01	-5.268537042114961044e-02	7.596679201767925216e-01
4.820000000000000000e+02	3.291379999999999861e-01	-5.119765955955725423e-02	7.637287165753929852e-01
4.830000000000000000e+02	3.477090999999999932e-01	-4.970213065517378737e-02	7.676734946480123778e-01
4.840000000000000000e+02	3.668599000000000165e-01	-4.819901089437575448e-02	7.715016551418817370e-01
4.850000000000000000e+02	3.873788000000000231e-01	-4.668852861666996507e-02	7.752126165196535634e-01
4.860000000000000000e+02	4.088675999999999977e-01	-4.517091328000603229e-02	7.788058150477430441e-01
4.870000000000000000e+02	4.311464999999999881e-01	-4.364639542591900595e-02	7.822807048819665487e-01
4.880000000000000000e+02	4.517636999999999903e-01	-4.211520664450845580e-02	7.856367581504595243e-01
4.890000000000000000e+02	4.721416999999999975e-01	-4.057757953925669042e-02	7.888734650338665721e-01
4.900000000000000000e+02	4.940401999999999849e-01	-3.903374769169474373e-02	7.919903338427874973e-01
4.910000000000000000e+02	5.154092999999999591e-01	-3.748394562591800261e-02	7.949868910924713372e-01
4.920000000000000000e+02	5.352824999999999944e-01	-3.592840877296035046e-02	7.978626815747421608e-01
4.930000000000000000e+02	5.545229999999999881e-01	-3.436737343502944270e-02	8.006172684271504192e-01
4.940000000000000000e+02	5.735670999999999964e-01	-3.280107674960957426e-02	8.032502331993380817e-01
4.950000000000000000e+02	5.940680999999999878e-01	-3.122975665343883170e-02	8.057611759166034560e-01
4.960000000000000000e+02	6.142923000000000133e-01	-2.965365184636311463e-02	8.081497151406633606e-01
4.970000000000000000e+02	6.337118999999999946e-01	-2.807300175507609560e-02	8.104154880275962203e-01
4.980000000000000000e+02	6.530529999999999946e-01	-2.648804649674684972e-02	8.125581503829629737e-01
4.990000000000000000e+02	6.744025999999999632e-01	-2.489902684254442430e-02	8.145773767140929156e-01
5.000000000000000000e+02	7.058094000000000312e-01	-2.330618418106180159e-02	8.164728602795296997e-01
5.010000000000000000e+02	7.156915000000000360e-01	-2.170976048164615160e-02	8.182443131356286203e-01
5.020000000000000000e+02	7.334416000000000269e-01	-2.010999825764195337e-02	8.198914661802982895e-01
5.030000000000000000e+02	7.510803999999999814e-01	-1.850714052954980510e-02	8.214140691938800476e-01
5.040000000000000000e+02	7.692497000000000362e-01	-1.690143078810999594e-02	8.228118908771585582e-01
5.050000000000000000e+02	7.883637999999999479e-01	-1.529311295731279434e-02	8.240847188864990347e-01
5.060000000000000000e+02	8.077029000000000014e-01	-1.368243135734469908e-02	8.252323598661041038e-01
5.070000000000000000e+02	8.277843999999999758e-01	-1.206963066747329325e-02	8.262546394773868652e-01
5.080000000000000000e+02	8.481864000000000070e-01	-1.045495588887758107e-02	8.271514024254543740e-01
5.090000000000000000e+02	8.670565000000000078e-01	-8.838652307430583388e-03	8.279225124826991022e-01
5.100000000000000000e+02	8.852573000000000247e-01	-7.220965456436924043e-03	8.285678525094924973e-01
5.110000000000000000e+02	9.042101000000000166e-01	-5.602141079334712129e-03	8.290873244719806356e-01
