0.000000000000000000e+00	1.114651500000000128e+00	-1.606182598401719591e-02	1.006715566095516490e+00
1.000000000000000000e+00	1.137327500000000047e+00	-1.409440942070470243e-02	1.007893500666129150e+00
2.000000000000000000e+00	1.160717500000000069e+00	-1.212484163921045272e-02	1.008918385637834536e+00
3.000000000000000000e+00	1.182415500000000064e+00	-1.015342172029920845e-02	1.009790065380862689e+00
4.000000000000000000e+00	1.211893500000000179e+00	-8.180449025984588840e-03	1.010508407529804975e+00
5.000000000000000000e+00	1.220112500000000155e+00	-6.206223154070640222e-03	1.011073303003714230e+00
6.000000000000000000e+00	1.236330499999999999e+00	-4.231043892657646022e-03	1.011484666022668844e+00
7.000000000000000000e+00	1.254007500000000164e+00	-2.255211174618998102e-03	1.011742434120797673e+00
8.000000000000000000e+00	1.273344500000000101e+00	-2.790250320561069204e-04	1.011846568155767123e+00
9.000000000000000000e+00	1.290590499999999974e+00	1.697214449261761748e-03	1.011797052314723278e+00
1.000000000000000000e+01	1.308962500000000029e+00	3.673207175465801558e-03	1.011593894116694647e+00
1.100000000000000000e+01	1.329128500000000157e+00	5.648653090157206361e-03	1.011237124411449306e+00
1.200000000000000000e+01	1.348202499999999970e+00	7.623252219971024535e-03	1.010726797374810193e+00
1.300000000000000000e+01	1.374939499999999981e+00	9.596704720127410132e-03	1.010062990500429914e+00
1.400000000000000000e+01	1.393091500000000149e+00	1.156871091996332888e-02	1.009245804588021489e+00
1.500000000000000000e+01	1.401227500000000070e+00	1.353897136843784481e-02	1.008275363728053042e+00
1.600000000000000000e+01	1.414929500000000173e+00	1.550718687960404678e-02	1.007151815282903540e+00
1.700000000000000000e+01	1.428066500000000127e+00	1.747305857804072257e-02	1.005875329864486911e+00
1.800000000000000000e+01	1.446234500000000089e+00	1.943628794423689007e-02	1.004446101308343442e+00
1.900000000000000000e+01	1.451086500000000168e+00	2.139657685992224501e-02	1.002864346644205984e+00
2.000000000000000000e+01	1.462443500000000007e+00	2.335362765333674068e-02	1.001130306063044095e+00
2.100000000000000000e+01	1.475709500000000007e+00	2.530714314443230709e-02	9.992442428805899945e-01
2.200000000000000000e+01	1.495576500000000086e+00	2.725682668999995784e-02	9.972064434973547664e-01
2.300000000000000000e+01	1.504607500000000098e+00	2.920238222871528525e-02	9.950172173551375954e-01
2.400000000000000000e+01	1.518194500000000113e+00	3.114351432609574130e-02	9.926768968900370194e-01
2.500000000000000000e+01	1.529426500000000022e+00	3.307992821936257821e-02	9.901858374819697550e-01
2.600000000000000000e+01	1.544518500000000127e+00	3.501132986220090171e-02	9.875444174007065312e-01
2.700000000000000000e+01	1.554731500000000155e+00	3.693742596941086698e-02	9.847530377484308151e-01
2.800000000000000000e+01	1.563038499999999997e+00	3.885792406144331079e-02	9.818121223988317547e-01
2.900000000000000000e+01	1.570722500000000021e+00	4.077253250881310298e-02	9.787221179327376674e-01
3.000000000000000000e+01	1.580698500000000006e+00	4.268096057638329222e-02	9.754834935703033949e-01
3.100000000000000000e+01	1.590077500000000033e+00	4.458291846751357562e-02	9.720967410997578551e-01
3.200000000000000000e+01	1.600080500000000017e+00	4.647811736806615329e-02	9.685623748027256674e-01
3.300000000000000000e+01	1.610824500000000103e+00	4.836626949026247985e-02	9.648809313761337325e-01
3.400000000000000000e+01	1.620874499999999996e+00	5.024708811638407824e-02	9.610529698507123131e-01
3.500000000000000000e+01	1.628286499999999970e+00	5.212028764231090711e-02	9.570790715061062714e-01
3.600000000000000000e+01	1.636241500000000126e+00	5.398558362089065504e-02	9.529598397826068990e-01
3.700000000000000000e+01	1.642656500000000186e+00	5.584269280513224493e-02	9.486959001895193255e-01
3.800000000000000000e+01	1.646145500000000039e+00	5.769133319121724779e-02	9.442879002101777219e-01
3.900000000000000000e+01	1.647904500000000105e+00	5.953122406132237143e-02	9.397365092036251699e-01
4.000000000000000000e+01	1.654997500000000121e+00	6.136208602624676489e-02	9.350424183029697467e-01
4.100000000000000000e+01	1.659270500000000093e+00	6.318364106783749823e-02	9.302063403104363637e-01
4.200000000000000000e+01	1.664071500000000148e+00	6.499561258120695184e-02	9.252290095891262389e-01
4.300000000000000000e+01	1.669562500000000060e+00	6.679772541673546782e-02	9.201111819515038759e-01
4.400000000000000000e+01	1.674428500000000097e+00	6.858970592185313631e-02	9.148536345446255380e-01
4.500000000000000000e+01	1.681925500000000184e+00	7.037128198259415268e-02	9.094571657321294245e-01
4.600000000000000000e+01	1.689044500000000060e+00	7.214218306491765320e-02	9.039225949730025356e-01
4.700000000000000000e+01	1.692882500000000068e+00	7.390214025578849266e-02	8.982507626971456549e-01
4.800000000000000000e+01	1.696114499999999969e+00	7.565088630401199665e-02	8.924425301777534347e-01
4.900000000000000000e+01	1.700290500000000149e+00	7.738815566081630459e-02	8.864987794005281252e-01
5.000000000000000000e+01	1.701053499999999996e+00	7.911368452017621122e-02	8.804204129297509285e-01
5.100000000000000000e+01	1.702665500000000165e+00	8.082721085887233092e-02	8.742083537712248553e-01
5.200000000000000000e+01	1.706350500000000103e+00	8.252847447627961741e-02	8.678635452321170618e-01
5.300000000000000000e+01	1.710277500000000117e+00	8.421721703387904934e-02	8.613869507777155432e-01
5.400000000000000000e+01	1.714221500000000065e+00	8.589318209448663921e-02	8.547795538851267194e-01
5.500000000000000000e+01	1.718811500000000159e+00	8.755611516119361781e-02	8.480423578939331186e-01
5.600000000000000000e+01	1.722622500000000167e+00	8.920576371601193766e-02	8.411763858538354732e-01
5.700000000000000000e+01	1.724495500000000181e+00	9.084187725821965542e-02	8.341826803693015435e-01
5.800000000000000000e+01	1.726353500000000096e+00	9.246420734239939321e-02	8.270623034412457608e-01
5.900000000000000000e+01	1.728899500000000033e+00	9.407250761616517409e-02	8.198163363057631159e-01
6.000000000000000000e+01	1.730856500000000020e+00	9.566653385757133143e-02	8.124458792699426057e-01
6.100000000000000000e+01	1.730450500000000114e+00	9.724604401219763550e-02	8.049520515447846636e-01
6.200000000000000000e+01	1.730033500000000002e+00	9.881079822990572470e-02	7.973359910752474411e-01
6.300000000000000000e+01	1.728704500000000088e+00	1.003605589012603605e-01	7.895988543674494764e-01
6.400000000000000000e+01	1.728058500000000164e+00	1.018950906936109124e-01	7.817418163130523956e-01
6.500000000000000000e+01	1.729979500000000003e+00	1.034141605868265507e-01	7.737660700108527356e-01
6.600000000000000000e+01	1.734684500000000185e+00	1.049175379086807747e-01	7.656728265856090898e-01
6.700000000000000000e+01	1.737890500000000005e+00	1.064049943698791995e-01	7.574633150041312213e-01
6.800000000000000000e+01	1.738454500000000014e+00	1.078763040987254368e-01	7.491387818886601213e-01
6.900000000000000000e+01	1.738226500000000119e+00	1.093312436754199229e-01	7.407004913275682112e-01
7.000000000000000000e+01	1.737709500000000018e+00	1.107695921659864885e-01	7.321497246834050010e-01
7.100000000000000000e+01	1.735677499999999984e+00	1.121911311558214525e-01	7.234877803983217337e-01
7.200000000000000000e+01	1.732978499999999977e+00	1.135956447828598836e-01	7.147159737969014381e-01
7.300000000000000000e+01	1.729922500000000030e+00	1.149829197703546302e-01	7.058356368864260322e-01
7.400000000000000000e+01	1.729223500000000024e+00	1.163527454592626631e-01	6.968481181546088976e-01
7.500000000000000000e+01	1.727615499999999971e+00	1.177049138402335854e-01	6.877547823648267888e-01
7.600000000000000000e+01	1.726289500000000032e+00	1.190392195851963514e-01	6.785570103488780536e-01
7.700000000000000000e+01	1.725761500000000170e+00	1.203554600785383261e-01	6.692561987973029147e-01
7.800000000000000000e+01	1.725837500000000135e+00	1.216534354478727709e-01	6.598537600472942355e-01
7.900000000000000000e+01	1.724895500000000137e+00	1.229329485943895933e-01	6.503511218682330730e-01
8.000000000000000000e+01	1.721899500000000138e+00	1.241938052227850309e-01	6.407497272448799963e-01
8.100000000000000000e+01	1.717270500000000144e+00	1.254358138707655501e-01	6.310510341582570293e-01
8.200000000000000000e+01	1.712365499999999985e+00	1.266587859381216596e-01	6.212565153642513049e-01
8.300000000000000000e+01	1.707952499999999985e+00	1.278625357153669317e-01	6.113676581699758472e-01
8.400000000000000000e+01	1.703187500000000076e+00	1.290468804119381807e-01	6.013859642079212309e-01
8.500000000000000000e+01	1.699680500000000150e+00	1.302116401839524540e-01	5.913129492079298721e-01
8.600000000000000000e+01	1.697267500000000151e+00	1.313566381615164091e-01	5.811501427670325848e-01
8.700000000000000000e+01	1.695829500000000101e+00	1.324817004755843020e-01	5.708990881171760456e-01
8.800000000000000000e+01	1.693673500000000054e+00	1.335866562843600336e-01	5.605613418908829138e-01
8.900000000000000000e+01	1.689416500000000099e+00	1.346713377992397043e-01	5.501384738848759115e-01
9.000000000000000000e+01	1.683736499999999969e+00	1.357355803102905101e-01	5.396320668217007288e-01
9.100000000000000000e+01	1.677787499999999987e+00	1.367792222112620415e-01	5.290437161093899388e-01
9.200000000000000000e+01	1.671921500000000060e+00	1.378021050241263201e-01	5.183750295991985668e-01
9.300000000000000000e+01	1.665529500000000107e+00	1.388040734231429929e-01	5.076276273414495055e-01
9.400000000000000000e+01	1.658215500000000064e+00	1.397849752584455763e-01	4.968031413395272988e-01
9.500000000000000000e+01	1.649927499999999991e+00	1.407446615791454470e-01	4.859032153020584333e-01
9.600000000000000000e+01	1.642042500000000071e+00	1.416829866559504991e-01	4.749295043933104976e-01
9.700000000000000000e+01	1.636142500000000055e+00	1.425998080032939708e-01	4.638836749818550653e-01
9.800000000000000000e+01	1.631075500000000122e+00	1.434949864009711362e-01	4.527674043875282162e-01
9.900000000000000000e+01	1.625993500000000092e+00	1.443683859152800897e-01	4.415823806267268337e-01
1.000000000000000000e+02	1.620492500000000113e+00	1.452198739196632615e-01	4.303303021560830888e-01
1.010000000000000000e+02	1.614279500000000089e+00	1.460493211148470305e-01	4.190128776145509160e-01
1.020000000000000000e+02	1.606103500000000128e+00	1.468566015484758791e-01	4.076318255639479471e-01
1.030000000000000000e+02	1.596185500000000035e+00	1.476415926342383167e-01	3.961888742279910947e-01
1.040000000000000000e+02	1.585912500000000058e+00	1.484041751704819057e-01	3.846857612298626439e-01
1.050000000000000000e+02	1.575862500000000166e+00	1.491442333583139213e-01	3.731242333283512624e-01
1.060000000000000000e+02	1.566622500000000029e+00	1.498616548191857301e-01	3.615060461526055091e-01
1.070000000000000000e+02	1.557698500000000097e+00	1.505563306119574174e-01	3.498329639355389209e-01
1.080000000000000000e+02	1.549297499999999994e+00	1.512281552494408043e-01	3.381067592459297000e-01
1.090000000000000000e+02	1.542452500000000004e+00	1.518770267144174679e-01	3.263292127192554681e-01
1.100000000000000000e+02	1.534874500000000141e+00	1.525028464751305157e-01	3.145021127873002253e-01
1.110000000000000000e+02	1.527180500000000052e+00	1.531055195002464508e-01	3.026272554065813636e-01
1.120000000000000000e+02	1.518947500000000117e+00	1.536849542732859064e-01	2.907064437856299866e-01
1.130000000000000000e+02	1.509798500000000043e+00	1.542410628065204181e-01	2.787414881111731080e-01
1.140000000000000000e+02	1.499710500000000168e+00	1.547737606543336253e-01	2.667342052732552538e-01
1.150000000000000000e+02	1.488232500000000069e+00	1.552829669260442080e-01	2.546864185893408239e-01
1.160000000000000000e+02	1.475908500000000068e+00	1.557686042981893115e-01	2.425999575274424558e-01
1.170000000000000000e+02	1.463951500000000072e+00	1.562305990262661815e-01	2.304766574283147740e-01
1.180000000000000000e+02	1.453188499999999994e+00	1.566688809559303730e-01	2.183183592267550766e-01
1.190000000000000000e+02	1.442749500000000129e+00	1.570833835336487294e-01	2.061269091720563384e-01
1.200000000000000000e+02	1.433693500000000176e+00	1.574740438168055201e-01	1.939041585476528606e-01
1.210000000000000000e+02	1.425173500000000093e+00	1.578408024832604617e-01	1.816519633900000874e-01
1.220000000000000000e+02	1.416416499999999967e+00	1.581836038403567901e-01	1.693721842067341110e-01
1.230000000000000000e+02	1.406618499999999994e+00	1.585023958333782179e-01	1.570666856941526079e-01
1.240000000000000000e+02	1.395528500000000172e+00	1.587971300534535835e-01	1.447373364540572027e-01
1.250000000000000000e+02	1.383510500000000087e+00	1.590677617449076098e-01	1.323860087100065253e-01
1.260000000000000000e+02	1.370586500000000152e+00	1.593142498120573014e-01	1.200145780230153364e-01
1.270000000000000000e+02	1.358115500000000031e+00	1.595365568254522581e-01	1.076249230067497648e-01
1.280000000000000000e+02	1.346452500000000052e+00	1.597346490275583231e-01	9.521892504225855369e-02
1.290000000000000000e+02	1.335857500000000142e+00	1.599084963378838153e-01	8.279846799228215981e-02
1.300000000000000000e+02	1.325918500000000000e+00	1.600580723575472097e-01	7.036543791518713731e-02
1.310000000000000000e+02	1.315922500000000106e+00	1.601833543732858467e-01	5.792172277856699747e-02
1.320000000000000000e+02	1.305775499999999978e+00	1.602843233609049511e-01	4.546921217255112113e-02
1.330000000000000000e+02	1.295486499999999985e+00	1.603609639881665161e-01	3.300979702286940820e-02
1.340000000000000000e+02	1.285360500000000128e+00	1.604132646171174403e-01	2.054536930371405126e-02
1.350000000000000000e+02	1.274820500000000134e+00	1.604412173058568369e-01	8.077821750439832457e-03
1.360000000000000000e+02	1.263190500000000105e+00	1.604448178097420685e-01	-4.390952427847746864e-03
1.370000000000000000e+02	1.250027500000000069e+00	1.604240655820330652e-01	-1.685905983577967032e-02
1.380000000000000000e+02	1.236128500000000185e+00	1.603789637739756191e-01	-2.932460717923664542e-02
1.390000000000000000e+02	1.222543500000000005e+00	1.603095192343227393e-01	-4.178570155284695026e-02
1.400000000000000000e+02	1.210526500000000061e+00	1.602157425082946784e-01	-5.424045072742731538e-02
1.410000000000000000e+02	1.200314500000000173e+00	1.600976478359775745e-01	-6.668696343731904397e-02
1.420000000000000000e+02	1.190834500000000018e+00	1.599552531501611807e-01	-7.912334966757786359e-02
1.430000000000000000e+02	1.180609500000000089e+00	1.597885800736157380e-01	-9.154772094097585189e-02
1.440000000000000000e+02	1.169686500000000073e+00	1.595976539158084073e-01	-1.039581906047678944e-01
1.450000000000000000e+02	1.157759500000000052e+00	1.593825036690601771e-01	-1.163528741171809683e-01
1.460000000000000000e+02	1.144973500000000088e+00	1.591431620041432737e-01	-1.287298893335850347e-01
1.470000000000000000e+02	1.131344499999999975e+00	1.588796652653200192e-01	-1.410873567922978356e-01
1.480000000000000000e+02	1.116957500000000048e+00	1.585920534648240510e-01	-1.534233999999822518e-01
1.490000000000000000e+02	1.102763500000000008e+00	1.582803702767842935e-01	-1.657361457165952290e-01
1.500000000000000000e+02	1.089574500000000112e+00	1.579446630305930688e-01	-1.780237242398392816e-01
1.510000000000000000e+02	1.077241500000000185e+00	1.575849827037190676e-01	-1.902842696890801599e-01
1.520000000000000000e+02	1.066123500000000002e+00	1.572013839139663749e-01	-2.025159202886818721e-01
1.530000000000000000e+02	1.054195500000000063e+00	1.567939249111807432e-01	-2.147168186507186216e-01
1.540000000000000000e+02	1.042359100000000094e+00	1.563626675684041956e-01	-2.268851120570220259e-01
1.550000000000000000e+02	1.030136800000000186e+00	1.559076773724795972e-01	-2.390189527405178205e-01
1.560000000000000000e+02	1.017521700000000084e+00	1.554290234141065263e-01	-2.511164981658100537e-01
1.570000000000000000e+02	1.004150700000000063e+00	1.549267783773495832e-01	-2.631759113089734980e-01
1.580000000000000000e+02	9.898624000000000311e-01	1.544010185286013859e-01	-2.751953609365065390e-01
1.590000000000000000e+02	9.750886000000000831e-01	1.538518237050013615e-01	-2.871730218834053217e-01
1.600000000000000000e+02	9.598379000000000216e-01	1.532792773023124722e-01	-2.991070753303183838e-01
1.610000000000000000e+02	9.449245000000000561e-01	1.526834662622575389e-01	-3.109957090797340618e-01
1.620000000000000000e+02	9.321821000000001245e-01	1.520644810593168028e-01	-3.228371178311663647e-01
1.630000000000000000e+02	9.205853000000000508e-01	1.514224156869896087e-01	-3.346295034552903558e-01
1.640000000000000000e+02	9.078499000000000985e-01	1.507573676435211840e-01	-3.463710752669902360e-01
1.650000000000000000e+02	8.944924000000000763e-01	1.500694379170974813e-01	-3.580600502972771104e-01
1.660000000000000000e+02	8.801115000000000466e-01	1.493587309705101396e-01	-3.696946535640325271e-01
1.670000000000000000e+02	8.641735000000000388e-01	1.486253547252935903e-01	-3.812731183415441483e-01
1.680000000000000000e+02	8.484754000000001017e-01	1.478694205453370270e-01	-3.927936864287827623e-01
1.690000000000000000e+02	8.321749000000000507e-01	1.470910432199738216e-01	-4.042546084163874398e-01
1.700000000000000000e+02	8.147071000000001284e-01	1.462903409465506066e-01	-4.156541439523152581e-01
1.710000000000000000e+02	7.973203000000000928e-01	1.454674353124788266e-01	-4.269905620061141271e-01
1.720000000000000000e+02	7.793996000000000812e-01	1.446224512767717296e-01	-4.382621411317830784e-01
1.730000000000000000e+02	7.606598000000001081e-01	1.437555171510689900e-01	-4.494671697291749424e-01
1.740000000000000000e+02	7.421839000000001185e-01	1.428667645801526276e-01	-4.606039463039041659e-01
1.750000000000000000e+02	7.244420000000000304e-01	1.419563285219566928e-01	-4.716707797257208012e-01
1.760000000000000000e+02	7.075423000000000684e-01	1.410243472270734932e-01	-4.826659894853100319e-01
1.770000000000000000e+02	6.904521000000001241e-01	1.400709622177604141e-01	-4.935879059494783228e-01
1.780000000000000000e+02	6.713468000000000213e-01	1.390963182664494702e-01	-5.044348706146907224e-01
1.790000000000000000e+02	6.507813000000001180e-01	1.381005633737634186e-01	-5.152052363589145756e-01
1.800000000000000000e+02	6.292264000000000745e-01	1.370838487460418753e-01	-5.258973676917374496e-01
1.810000000000000000e+02	6.079165000000000818e-01	1.360463287723803483e-01	-5.365096410027176965e-01
1.820000000000000000e+02	5.863029000000000712e-01	1.349881610011862687e-01	-5.470404448079304593e-01
1.830000000000000000e+02	5.657649000000001260e-01	1.339095061162549338e-01	-5.574881799946745931e-01
1.840000000000000000e+02	5.457567000000000945e-01	1.328105279123696081e-01	-5.678512600642986463e-01
1.850000000000000000e+02	5.258370000000001099e-01	1.316913932704291135e-01	-5.781281113731118193e-01
1.860000000000000000e+02	5.047913000000000538e-01	1.305522721321067670e-01	-5.883171733713439266e-01
1.870000000000000000e+02	4.822537000000000629e-01	1.293933374740446896e-01	-5.984168988401166178e-01
1.880000000000000000e+02	4.590668000000000526e-01	1.282147652815870675e-01	-6.084257541263883295e-01
1.890000000000000000e+02	4.353061000000000846e-01	1.270167345220565291e-01	-6.183422193758434382e-01
1.900000000000000000e+02	4.113030000000000852e-01	1.257994271175778833e-01	-6.281647887636820915e-01
1.910000000000000000e+02	3.881854000000000693e-01	1.245630279174530369e-01	-6.378919707232812986e-01
1.920000000000000000e+02	3.642614000000000685e-01	1.233077246700914481e-01	-6.475222881726907520e-01
1.930000000000000000e+02	3.404276000000000524e-01	1.220337079945003483e-01	-6.570542787389304085e-01
1.940000000000000000e+02	3.164437000000000499e-01	1.207411713513391882e-01	-6.664864949800501925e-01
1.950000000000000000e+02	2.920270000000000366e-01	1.194303110135421786e-01	-6.758175046049290646e-01
1.960000000000000000e+02	2.673500000000000876e-01	1.181013260365142842e-01	-6.850458906907676004e-01
1.970000000000000000e+02	2.429135000000000877e-01	1.167544182279043607e-01	-6.941702518982495462e-01
1.980000000000000000e+02	2.190187000000000661e-01	1.153897921169605156e-01	-7.031892026843370447e-01
1.990000000000000000e+02	1.954811000000000742e-01	1.140076549234722014e-01	-7.121013735126654476e-01
2.000000000000000000e+02	1.711299000000000570e-01	1.126082165263035395e-01	-7.209054110615100708e-01
2.010000000000000000e+02	1.449576000000000753e-01	1.111916894315230775e-01	-7.295999784292890311e-01
2.020000000000000000e+02	1.177188900000000760e-01	1.097582887401346435e-01	-7.381837553375725225e-01
2.030000000000000000e+02	8.996599000000007895e-02	1.083082321154138911e-01	-7.466554383315691101e-01
2.040000000000000000e+02	6.403481000000008083e-02	1.068417397498559601e-01	-7.550137409780561804e-01
2.050000000000000000e+02	3.947036100000007874e-02	1.053590343317392652e-01	-7.632573940607252361e-01
2.060000000000000000e+02	1.546554000000007617e-02	1.038603410113096287e-01	-7.713851457729156147e-01
2.070000000000000000e+02	-9.594129999999922997e-03	1.023458873665913649e-01	-7.793957619077007681e-01
2.080000000000000000e+02	-3.654508999999991903e-02	1.008159033688292155e-01	-7.872880260453046786e-01
2.090000000000000000e+02	-6.373809999999992260e-02	9.927062134756686751e-02	-7.950607397378163244e-01
2.100000000000000000e+02	-8.904029999999993339e-02	9.771027595536782573e-02	-8.027127226911741076e-01
2.110000000000000000e+02	-1.135963999999999308e-01	9.613510413218283313e-02	-8.102428129443959293e-01
2.120000000000000000e+02	-1.379468999999999279e-01	9.454534506937045668e-02	-8.176498670460240481e-01
2.130000000000000000e+02	-1.635211999999999222e-01	9.294124017337571098e-02	-8.249327602277581883e-01
2.140000000000000000e+02	-1.875071999999999295e-01	9.132303302907214537e-02	-8.320903865752536932e-01
2.150000000000000000e+02	-2.106066999999999245e-01	8.969096936277329291e-02	-8.391216591960554139e-01
2.160000000000000000e+02	-2.333524999999999072e-01	8.804529700491901811e-02	-8.460255103846427982e-01
2.170000000000000000e+02	-2.571884999999999311e-01	8.638626585244198186e-02	-8.528008917845631975e-01
2.180000000000000000e+02	-2.817214999999999026e-01	8.471412783082071796e-02	-8.594467745476246368e-01
2.190000000000000000e+02	-3.067549999999999444e-01	8.302913685582444248e-02	-8.659621494901281746e-01
2.200000000000000000e+02	-3.312942999999999305e-01	8.133154879495568812e-02	-8.723460272461129872e-01
2.210000000000000000e+02	-3.556144999999999445e-01	7.962162142859675884e-02	-8.785974384175925245e-01
2.220000000000000000e+02	-3.801594999999999280e-01	7.789961441086525051e-02	-8.847154337217590925e-01
2.230000000000000000e+02	-4.047511999999999222e-01	7.616578923018549330e-02	-8.906990841351325461e-01
2.240000000000000000e+02	-4.290139999999999509e-01	7.442040916958123087e-02	-8.965474810346341084e-01
2.250000000000000000e+02	-4.533334999999999448e-01	7.266373926669586480e-02	-9.022597363355611133e-01
2.260000000000000000e+02	-4.775827999999999740e-01	7.089604627354616218e-02	-9.078349826264444644e-01
2.270000000000000000e+02	-4.994743999999998740e-01	6.911759861601593502e-02	-9.132723733007638289e-01
2.280000000000000000e+02	-5.210836999999999275e-01	6.732866635309499304e-02	-9.185710826855083555e-01
2.290000000000000000e+02	-5.440339999999999065e-01	6.552952113587058591e-02	-9.237303061665539383e-01
2.300000000000000000e+02	-5.684322999999998904e-01	6.372043616627694196e-02	-9.287492603108454814e-01
2.310000000000000000e+02	-5.921809999999999574e-01	6.190168615560918269e-02	-9.336271829853621806e-01
2.320000000000000000e+02	-6.159656999999999494e-01	6.007354728280845518e-02	-9.383633334728467279e-01
2.330000000000000000e+02	-6.410227999999998927e-01	5.823629715252342381e-02	-9.429569925842858913e-01
2.340000000000000000e+02	-6.669924999999998771e-01	5.639021475295605962e-02	-9.474074627681189353e-01
2.350000000000000000e+02	-6.909435999999998801e-01	5.453558041349694518e-02	-9.517140682161615572e-01
2.360000000000000000e+02	-7.125901999999999514e-01	5.267267576215695080e-02	-9.558761549662281309e-01
2.370000000000000000e+02	-7.343532999999998756e-01	5.080178368280172108e-02	-9.598930910014370488e-01
2.380000000000000000e+02	-7.558437999999999546e-01	4.892318827219573757e-02	-9.637642663461815085e-01
2.390000000000000000e+02	-7.763507999999998965e-01	4.703717479686155695e-02	-9.674890931587570853e-01
2.400000000000000000e+02	-7.965908999999998796e-01	4.514402964976205190e-02	-9.710670058206241073e-01
2.410000000000000000e+02	-8.190112999999998866e-01	4.324404030681134464e-02	-9.744974610222987277e-01
2.420000000000000000e+02	-8.418572999999999196e-01	4.133749528322129552e-02	-9.777799378458541524e-01
2.430000000000000000e+02	-8.647885999999999074e-01	3.942468408969009713e-02	-9.809139378440230317e-01
2.440000000000000000e+02	-8.883523999999999310e-01	3.750589718844008630e-02	-9.838989851158868039e-01
2.450000000000000000e+02	-9.118468999999999047e-01	3.558142594911039430e-02	-9.867346263791421102e-01
2.460000000000000000e+02	-9.337795999999999319e-01	3.365156260451241527e-02	-9.894204310389315138e-01
2.470000000000000000e+02	-9.553754999999999331e-01	3.171660020625391430e-02	-9.919559912532306400e-01
2.480000000000000000e+02	-9.760484999999998745e-01	2.977683258023882187e-02	-9.943409219947785260e-01
2.490000000000000000e+02	-9.956194999999998796e-01	2.783255428204970891e-02	-9.965748611095447407e-01
2.500000000000000000e+02	-1.014067499999999900e+00	2.588406055221887173e-02	-9.986574693717230611e-01
2.510000000000000000e+02	-1.035114499999999937e+00	2.393164727139603445e-02	-1.000588430535242823e+00
2.520000000000000000e+02	-1.057461499999999832e+00	2.197561091541851142e-02	-1.002367451381791286e+00
2.530000000000000000e+02	-1.080058500000000032e+00	2.001624851029105631e-02	-1.003994261765339235e+00
2.540000000000000000e+02	-1.101746499999999962e+00	1.805385758708213592e-02	-1.005468614653163284e+00
2.550000000000000000e+02	-1.124646499999999882e+00	1.608873613674380657e-02	-1.006790286163356862e+00
2.560000000000000000e+02	-1.149227499999999846e+00	1.412118256486108968e-02	-1.007959075598828358e+00
2.570000000000000000e+02	-1.170429500000000012e+00	1.215149564633908122e-02	-1.008974805477776293e+00
2.580000000000000000e+02	-1.189989500000000033e+00	1.017997448003361664e-02	-1.009837321560639767e+00
2.590000000000000000e+02	-1.210165500000000005e+00	8.206918443332749530e-03	-1.010546492873521052e+00
2.600000000000000000e+02	-1.228720499999999882e+00	6.232627146696298470e-03	-1.011102211728073019e+00
2.610000000000000000e+02	-1.245290499999999856e+00	4.257400388159275281e-03	-1.011504393737852725e+00
2.620000000000000000e+02	-1.263068499999999927e+00	2.281538107807561111e-03	-1.011752977831134048e+00
2.630000000000000000e+02	-1.281925499999999829e+00	3.053403422316307032e-04	-1.011847926260183606e+00
2.640000000000000000e+02	-1.301192499999999974e+00	-1.670892821034284607e-03	-1.011789224606990389e+00
2.650000000000000000e+02	-1.322091499999999975e+00	-3.646861289080851644e-03	-1.011576881785457349e+00
2.660000000000000000e+02	-1.341524500000000009e+00	-5.622265009192748547e-03	-1.011210930040046252e+00
2.670000000000000000e+02	-1.360293499999999822e+00	-7.596804014412383149e-03	-1.010691424940882266e+00
2.680000000000000000e+02	-1.377847499999999892e+00	-9.570178469089881887e-03	-1.010018445375314933e+00
2.690000000000000000e+02	-1.393221499999999891e+00	-1.154208871441349260e-02	-1.009192093535939749e+00
2.700000000000000000e+02	-1.407980499999999857e+00	-1.351223531391313772e-02	-1.008212494905079470e+00
2.710000000000000000e+02	-1.420018499999999850e+00	-1.548031909892983761e-02	-1.007079798235729573e+00
2.720000000000000000e+02	-1.433901499999999940e+00	-1.744604121404520064e-02	-1.005794175528970547e+00
2.730000000000000000e+02	-1.448890499999999859e+00	-1.940910316246260633e-02	-1.004355822007848564e+00
2.740000000000000000e+02	-1.463122499999999881e+00	-2.136920685133431030e-02	-1.002764956087731640e+00
2.750000000000000000e+02	-1.477118500000000001e+00	-2.332605463702713128e-02	-1.001021819343141495e+00
2.760000000000000000e+02	-1.494275499999999868e+00	-2.527934937031999646e-02	-9.991266764710724502e-01
2.770000000000000000e+02	-1.509627499999999900e+00	-2.722879444152604203e-02	-9.970798152507946988e-01
2.780000000000000000e+02	-1.522450499999999929e+00	-2.917409382553352512e-02	-9.948815465001562552e-01
2.790000000000000000e+02	-1.535735499999999920e+00	-3.111495212675720323e-02	-9.925322040283843794e-01
2.800000000000000000e+02	-1.548469499999999943e+00	-3.305107462399456408e-02	-9.900321445853963453e-01
2.810000000000000000e+02	-1.557931500000000025e+00	-3.498216731517946043e-02	-9.873817478076265530e-01
2.820000000000000000e+02	-1.567746499999999932e+00	-3.690793696202673141e-02	-9.845814161603787529e-01
2.830000000000000000e+02	-1.577299499999999854e+00	-3.882809113456041350e-02	-9.816315748767110438e-01
2.840000000000000000e+02	-1.586257499999999876e+00	-4.074233825551992066e-02	-9.785326718928635259e-01
2.850000000000000000e+02	-1.596797499999999870e+00	-4.265038764463607857e-02	-9.752851777802394873e-01
2.860000000000000000e+02	-1.607198499999999974e+00	-4.455194956277128138e-02	-9.718895856739477868e-01
2.870000000000000000e+02	-1.617745499999999836e+00	-4.644673525591667268e-02	-9.683464111979203093e-01
2.880000000000000000e+02	-1.629257500000000025e+00	-4.833445699903951565e-02	-9.646561923866147081e-01
2.890000000000000000e+02	-1.639253499999999919e+00	-5.021482813977486831e-02	-9.608194896033115384e-01
2.900000000000000000e+02	-1.645307499999999923e+00	-5.208756314195377851e-02	-9.568368854550242109e-01
2.910000000000000000e+02	-1.651307499999999928e+00	-5.395237762896232248e-02	-9.527089847040287607e-01
2.920000000000000000e+02	-1.656678499999999943e+00	-5.580898842692438855e-02	-9.484364141760304179e-01
2.930000000000000000e+02	-1.661330499999999821e+00	-5.765711360770203048e-02	-9.440198226649790803e-01
2.940000000000000000e+02	-1.666123499999999868e+00	-5.949647253170626399e-02	-9.394598808345501206e-01
2.950000000000000000e+02	-1.672337500000000032e+00	-6.132678589051279716e-02	-9.347572811163028517e-01
2.960000000000000000e+02	-1.676835499999999923e+00	-6.314777574927511739e-02	-9.299127376045338567e-01
2.970000000000000000e+02	-1.680870499999999934e+00	-6.495916558892912696e-02	-9.249269859478420619e-01
2.980000000000000000e+02	-1.686159500000000033e+00	-6.676068034818295749e-02	-9.198007832374185400e-01
2.990000000000000000e+02	-1.691644499999999995e+00	-6.855204646528502421e-02	-9.145349078920830266e-01
3.000000000000000000e+02	-1.696183499999999844e+00	-7.033299191956501883e-02	-9.091301595400788083e-01
3.010000000000000000e+02	-1.701893499999999948e+00	-7.210324627274025677e-02	-9.035873588976491844e-01
3.020000000000000000e+02	-1.706578499999999998e+00	-7.386254070998202192e-02	-8.979073476444106028e-01
3.030000000000000000e+02	-1.709620499999999987e+00	-7.561060808073545580e-02	-8.920909882955430081e-01
3.040000000000000000e+02	-1.709297499999999914e+00	-7.734718293928655175e-02	-8.861391640708157214e-01
3.050000000000000000e+02	-1.709660500000000027e+00	-7.907200158507023124e-02	-8.800527787604708330e-01
3.060000000000000000e+02	-1.710697499999999982e+00	-8.078480210271377082e-02	-8.738327565879798753e-01
3.070000000000000000e+02	-1.714802500000000007e+00	-8.248532440180876557e-02	-8.674800420697013070e-01
3.080000000000000000e+02	-1.719725500000000018e+00	-8.417331025640610587e-02	-8.609955998714534653e-01
3.090000000000000000e+02	-1.723423499999999997e+00	-8.584850334422793050e-02	-8.543804146620302964e-01
3.100000000000000000e+02	-1.727237499999999981e+00	-8.751064928559010303e-02	-8.476354909636779622e-01
3.110000000000000000e+02	-1.731071499999999874e+00	-8.915949568203049291e-02	-8.407618529995569689e-01
3.120000000000000000e+02	-1.732331499999999913e+00	-9.079479215463556740e-02	-8.337605445382129110e-01
3.130000000000000000e+02	-1.732798499999999908e+00	-9.241629038206082558e-02	-8.266326287350793667e-01
3.140000000000000000e+02	-1.735330499999999887e+00	-9.402374413823853805e-02	-8.193791879710370374e-01
3.150000000000000000e+02	-1.735926499999999928e+00	-9.561690932976754653e-02	-8.120013236880524454e-01
3.160000000000000000e+02	-1.733742499999999964e+00	-9.719554403297883671e-02	-8.045001562219238345e-01
3.170000000000000000e+02	-1.733028499999999861e+00	-9.875940853067216585e-02	-7.968768246321561444e-01
3.180000000000000000e+02	-1.732037499999999897e+00	-1.003082653485172365e-01	-7.891324865289942592e-01
3.190000000000000000e+02	-1.731648499999999924e+00	-1.018418792911143511e-01	-7.812683178976387310e-01
3.200000000000000000e+02	-1.732802500000000023e+00	-1.033600174777091485e-01	-7.732855129196708477e-01
3.210000000000000000e+02	-1.735819499999999849e+00	-1.048624493775555666e-01	-7.651852837917164640e-01
3.220000000000000000e+02	-1.738034499999999927e+00	-1.063489468449225067e-01	-7.569688605413706917e-01
3.230000000000000000e+02	-1.738454500000000014e+00	-1.078192841537377045e-01	-7.486374908404183071e-01
3.240000000000000000e+02	-1.736276500000000000e+00	-1.092732380318645474e-01	-7.401924398153734153e-01
3.250000000000000000e+02	-1.731997499999999857e+00	-1.107105876950061768e-01	-7.316349898553685671e-01
3.260000000000000000e+02	-1.727147499999999836e+00	-1.121311148802316415e-01	-7.229664404174236392e-01
3.270000000000000000e+02	-1.722641499999999937e+00	-1.135346038791197609e-01	-7.141881078291194562e-01
3.280000000000000000e+02	-1.721676499999999832e+00	-1.149208415705139791e-01	-7.053013250887162355e-01
3.290000000000000000e+02	-1.720823499999999839e+00	-1.162896174528857685e-01	-6.963074416627319518e-01
3.300000000000000000e+02	-1.718865499999999935e+00	-1.176407236762988667e-01	-6.872078232810286957e-01
3.310000000000000000e+02	-1.716563499999999909e+00	-1.189739550739717239e-01	-6.780038517294230127e-01
3.320000000000000000e+02	-1.715771500000000005e+00	-1.202891091934325946e-01	-6.686969246398597466e-01
3.330000000000000000e+02	-1.714322499999999971e+00	-1.215859863272614055e-01	-6.592884552781834717e-01
3.340000000000000000e+02	-1.712210499999999858e+00	-1.228643895434164829e-01	-6.497798723295273859e-01
3.350000000000000000e+02	-1.707703499999999819e+00	-1.241241247151379373e-01	-6.401726196813719572e-01
3.360000000000000000e+02	-1.703444500000000028e+00	-1.253650005504264031e-01	-6.304681562042867560e-01
3.370000000000000000e+02	-1.699598500000000012e+00	-1.265868286210912463e-01	-6.206679555303967755e-01
3.380000000000000000e+02	-1.694232500000000030e+00	-1.277894233913628719e-01	-6.107735058296156483e-01
3.390000000000000000e+02	-1.687394499999999908e+00	-1.289726022460671861e-01	-6.007863095836597500e-01
3.400000000000000000e+02	-1.683526499999999926e+00	-1.301361855183553740e-01	-5.907078833578994770e-01
3.410000000000000000e+02	-1.680787499999999879e+00	-1.312799965169866301e-01	-5.805397575710659064e-01
3.420000000000000000e+02	-1.677983499999999850e+00	-1.324038615531592522e-01	-5.702834762628525844e-01
3.430000000000000000e+02	-1.674411499999999942e+00	-1.335076099668847938e-01	-5.599405968594565186e-01
3.440000000000000000e+02	-1.668903499999999873e+00	-1.345910741529036114e-01	-5.495126899370763596e-01
3.450000000000000000e+02	-1.662970499999999907e+00	-1.356540895861352847e-01	-5.390013389834241719e-01
3.460000000000000000e+02	-1.656871499999999831e+00	-1.366964948466625474e-01	-5.284081401572655601e-01
3.470000000000000000e+02	-1.649871499999999935e+00	-1.377181316442423753e-01	-5.177347020460468796e-01
3.480000000000000000e+02	-1.641532499999999839e+00	-1.387188448423429532e-01	-5.069826454216267431e-01
3.490000000000000000e+02	-1.634925500000000032e+00	-1.396984824817013582e-01	-4.961536029941588377e-01
3.500000000000000000e+02	-1.628189499999999956e+00	-1.406568958033983241e-01	-4.852492191641682440e-01
3.510000000000000000e+02	-1.622366499999999823e+00	-1.415939392714478939e-01	-4.742711497728412939e-01
3.520000000000000000e+02	-1.616854499999999861e+00	-1.425094705948967977e-01	-4.632210618505902544e-01
3.530000000000000000e+02	-1.610808499999999865e+00	-1.434033507494316406e-01	-4.521006333639106534e-01
3.540000000000000000e+02	-1.604506499999999836e+00	-1.442754439984900994e-01	-4.409115529605781569e-01
3.550000000000000000e+02	-1.598627499999999868e+00	-1.451256179138721014e-01	-4.296555197132310711e-01
3.560000000000000000e+02	-1.592016499999999946e+00	-1.459537433958498498e-01	-4.183342428613587294e-01
3.570000000000000000e+02	-1.585472499999999840e+00	-1.467596946927711699e-01	-4.069494415517567187e-01
3.580000000000000000e+02	-1.577229499999999840e+00	-1.475433494201552342e-01	-3.955028445774709800e-01
3.590000000000000000e+02	-1.567176499999999972e+00	-1.483045885792769469e-01	-3.839961901152760815e-01
3.600000000000000000e+02	-1.556996499999999894e+00	-1.490432965752366834e-01	-3.724312254617371254e-01
3.610000000000000000e+02	-1.548200499999999868e+00	-1.497593612345138048e-01	-3.608097067678750491e-01
3.620000000000000000e+02	-1.541469499999999826e+00	-1.504526738220000048e-01	-3.491333987724982713e-01
3.630000000000000000e+02	-1.536402499999999893e+00	-1.511231290575110464e-01	-3.374040745342238301e-01
3.640000000000000000e+02	-1.531615500000000019e+00	-1.517706251317736399e-01	-3.256235151622336454e-01
3.650000000000000000e+02	-1.526044500000000026e+00	-1.523950637218851878e-01	-3.137935095458172507e-01
3.660000000000000000e+02	-1.519508499999999929e+00	-1.529963500062443693e-01	-3.019158540827209247e-01
3.670000000000000000e+02	-1.510946499999999970e+00	-1.535743926789496228e-01	-2.899923524063692803e-01
3.680000000000000000e+02	-1.500037499999999913e+00	-1.541291039636644433e-01	-2.780248151119752431e-01
3.690000000000000000e+02	-1.488893499999999870e+00	-1.546603996269458603e-01	-2.660150594816051983e-01
3.700000000000000000e+02	-1.477732499999999893e+00	-1.551681989910356219e-01	-2.539649092082206794e-01
3.710000000000000000e+02	-1.468287499999999968e+00	-1.556524249461112286e-01	-2.418761941187460573e-01
3.720000000000000000e+02	-1.459108499999999919e+00	-1.561130039619949283e-01	-2.297507498962134687e-01
3.730000000000000000e+02	-1.450889499999999943e+00	-1.565498660993195901e-01	-2.175904178010060475e-01
3.740000000000000000e+02	-1.443059499999999939e+00	-1.569629450201487642e-01	-2.053970443912664090e-01
3.750000000000000000e+02	-1.435625499999999999e+00	-1.573521779980504853e-01	-1.931724812424926996e-01
3.760000000000000000e+02	-1.427935500000000024e+00	-1.577175059276221536e-01	-1.809185846663723674e-01
3.770000000000000000e+02	-1.419657500000000017e+00	-1.580588733334657436e-01	-1.686372154289055569e-01
3.780000000000000000e+02	-1.409989500000000007e+00	-1.583762283786118719e-01	-1.563302384678389445e-01
3.790000000000000000e+02	-1.399032499999999901e+00	-1.586695228723912499e-01	-1.439995226094793745e-01
3.800000000000000000e+02	-1.387451499999999838e+00	-1.589387122777524697e-01	-1.316469402849081427e-01
3.810000000000000000e+02	-1.375229499999999883e+00	-1.591837557180250939e-01	-1.192743672456477305e-01
3.820000000000000000e+02	-1.363093499999999958e+00	-1.594046159831266074e-01	-1.068836822788336305e-01
3.830000000000000000e+02	-1.352531499999999998e+00	-1.596012595352130636e-01	-9.447676692191127323e-02
3.840000000000000000e+02	-1.343410499999999841e+00	-1.597736565137716502e-01	-8.205550517693008250e-02
3.850000000000000000e+02	-1.335455499999999907e+00	-1.599217807401551172e-01	-6.962178322444874390e-02
3.860000000000000000e+02	-1.327409499999999909e+00	-1.600456097215570417e-01	-5.717748913712313030e-02
3.870000000000000000e+02	-1.318405499999999897e+00	-1.601451246544272622e-01	-4.472451259299801279e-02
3.880000000000000000e+02	-1.308236500000000024e+00	-1.602203104273274004e-01	-3.226474458855486949e-02
3.890000000000000000e+02	-1.296825499999999964e+00	-1.602711556232254420e-01	-1.980007715156855211e-02
3.900000000000000000e+02	-1.284833499999999962e+00	-1.602976525212293502e-01	-7.332403053793889840e-03
3.910000000000000000e+02	-1.272776499999999977e+00	-1.602997970977597109e-01	5.136384476447264369e-03
3.920000000000000000e+02	-1.261211499999999930e+00	-1.602775890271604664e-01	1.760439204175726427e-02
3.930000000000000000e+02	-1.249632499999999924e+00	-1.602310316817485425e-01	3.006972636317958511e-02
3.940000000000000000e+02	-1.238272499999999887e+00	-1.601601321313017301e-01	4.253049456768876607e-02
3.950000000000000000e+02	-1.227366500000000027e+00	-1.600649011419849610e-01	5.498480447563219159e-02
3.960000000000000000e+02	-1.217130499999999893e+00	-1.599453531747157820e-01	6.743076488805310742e-02
3.970000000000000000e+02	-1.207474500000000006e+00	-1.598015063829681115e-01	7.986648587387369658e-02
3.980000000000000000e+02	-1.198019500000000015e+00	-1.596333826100158615e-01	9.229007905688563218e-02
3.990000000000000000e+02	-1.187740499999999866e+00	-1.594410073856159238e-01	1.046996579024955104e-01
4.000000000000000000e+02	-1.176003499999999979e+00	-1.592244099221313824e-01	1.170933380042042116e-01
4.010000000000000000e+02	-1.162492499999999929e+00	-1.589836231100956732e-01	1.294692373697493848e-01
4.020000000000000000e+02	-1.148047499999999888e+00	-1.587186835132182450e-01	1.418254767068907740e-01
4.030000000000000000e+02	-1.133524499999999824e+00	-1.584296313628319741e-01	1.541601797087848447e-01
4.040000000000000000e+02	-1.120482499999999826e+00	-1.581165105517843561e-01	1.664714733388979462e-01
4.050000000000000000e+02	-1.108667499999999917e+00	-1.577793686277721708e-01	1.787574881154354312e-01
4.060000000000000000e+02	-1.098411499999999874e+00	-1.574182567861213133e-01	1.910163583952176058e-01
4.070000000000000000e+02	-1.087584499999999954e+00	-1.570332298620127631e-01	2.032462226569860808e-01
4.080000000000000000e+02	-1.076969499999999913e+00	-1.566243463221557997e-01	2.154452237840716877e-01
4.090000000000000000e+02	-1.065520499999999871e+00	-1.561916682559098268e-01	2.276115093464020356e-01
4.100000000000000000e+02	-1.053434499999999829e+00	-1.557352613658559704e-01	2.397432318817973029e-01
4.110000000000000000e+02	-1.040953499999999865e+00	-1.552551949578201140e-01	2.518385491765031126e-01
4.120000000000000000e+02	-1.028045499999999945e+00	-1.547515419303487072e-01	2.638956245449394777e-01
4.130000000000000000e+02	-1.014823499999999878e+00	-1.542243787636390917e-01	2.759126271085971527e-01
4.140000000000000000e+02	-1.001850499999999977e+00	-1.536737855079259862e-01	2.878877320740608758e-01
4.150000000000000000e+02	-9.880534999999999179e-01	-1.530998457713255156e-01	2.998191210101084914e-01
4.160000000000000000e+02	-9.744424999999998782e-01	-1.525026467071396163e-01	3.117049821238358498e-01
4.170000000000000000e+02	-9.609034999999999105e-01	-1.518822790006213175e-01	3.235435105357856722e-01
4.180000000000000000e+02	-9.483675999999999773e-01	-1.512388368552044782e-01	3.353329085540146526e-01
4.190000000000000000e+02	-9.370715999999998935e-01	-1.505724179781986749e-01	3.470713859470768714e-01
4.200000000000000000e+02	-9.258587999999998708e-01	-1.498831235659522643e-01	3.587571602158751150e-01
4.210000000000000000e+02	-9.122384999999999522e-01	-1.491710582884857028e-01	3.703884568643288633e-01
4.220000000000000000e+02	-8.967137999999998943e-01	-1.484363302735972334e-01	3.819635096688402398e-01
4.230000000000000000e+02	-8.793680999999998749e-01	-1.476790510904436304e-01	3.934805609464905873e-01
4.240000000000000000e+02	-8.612313999999998693e-01	-1.468993357325983351e-01	4.049378618219490189e-01
4.250000000000000000e+02	-8.446538999999999575e-01	-1.460973026005893960e-01	4.163336724930432609e-01
4.260000000000000000e+02	-8.286721999999999699e-01	-1.452730734839205728e-01	4.276662624949445490e-01
4.270000000000000000e+02	-8.133457999999998966e-01	-1.444267735425770194e-01	4.389339109629467051e-01
4.280000000000000000e+02	-7.979606999999999672e-01	-1.435585312880201247e-01	4.501349068937751108e-01
4.290000000000000000e+02	-7.813136999999998888e-01	-1.426684785636724295e-01	4.612675494054100933e-01
4.300000000000000000e+02	-7.635514999999999386e-01	-1.417567505248975290e-01	4.723301479953622706e-01
4.310000000000000000e+02	-7.448087999999999376e-01	-1.408234856184763517e-01	4.833210227973789852e-01
4.320000000000000000e+02	-7.253369999999998985e-01	-1.398688255615837817e-01	4.942385048365365297e-01
4.330000000000000000e+02	-7.054065999999998837e-01	-1.388929153202691225e-01	5.050809362826697013e-01
4.340000000000000000e+02	-6.848495999999999473e-01	-1.378959030874424563e-01	5.158466707021212017e-01
4.350000000000000000e+02	-6.630498999999999699e-01	-1.368779402603716722e-01	5.265340733077488178e-01
4.360000000000000000e+02	-6.403345999999999760e-01	-1.358391814176927448e-01	5.371415212071716239e-01
4.370000000000000000e+02	-6.180170999999998749e-01	-1.347797842959362891e-01	5.476674036492104047e-01
4.380000000000000000e+02	-5.972265999999999408e-01	-1.336999097655758584e-01	5.581101222684758945e-01
4.390000000000000000e+02	-5.785291999999999657e-01	-1.325997218065989303e-01	5.684680913280885095e-01
4.400000000000000000e+02	-5.602221999999998925e-01	-1.314793874836068244e-01	5.787397379604687364e-01
4.410000000000000000e+02	-5.399455999999999145e-01	-1.303390769204457456e-01	5.889235024061808543e-01
4.420000000000000000e+02	-5.181132999999998878e-01	-1.291789632743729210e-01	5.990178382507859167e-01
4.430000000000000000e+02	-4.938891999999999172e-01	-1.279992227097631052e-01	6.090212126596612485e-01
4.440000000000000000e+02	-4.689178999999998876e-01	-1.268000343713572564e-01	6.189321066107689173e-01
4.450000000000000000e+02	-4.443551999999999502e-01	-1.255815803570597688e-01	6.287490151253144477e-01
4.460000000000000000e+02	-4.207353999999999261e-01	-1.243440456902862590e-01	6.384704474962855647e-01
4.470000000000000000e+02	-3.966410999999999132e-01	-1.230876182918679562e-01	6.480949275148119026e-01
4.480000000000000000e+02	-3.719482999999998984e-01	-1.218124889515156406e-01	6.576209936943314682e-01
4.490000000000000000e+02	-3.462795999999999097e-01	-1.205188512988476651e-01	6.670471994925204484e-01
4.500000000000000000e+02	-3.211796999999999014e-01	-1.192069017739878917e-01	6.763721135309476162e-01
4.510000000000000000e+02	-2.971657999999999245e-01	-1.178768395977351363e-01	6.855943198124353488e-01
4.520000000000000000e+02	-2.738059999999999383e-01	-1.165288667413121593e-01	6.947124179360760765e-01
4.530000000000000000e+02	-2.496112999999999249e-01	-1.151631878956956984e-01	7.037250233098865104e-01
4.540000000000000000e+02	-2.246772999999999132e-01	-1.137800104405336798e-01	7.126307673610604576e-01
4.550000000000000000e+02	-1.983833999999999320e-01	-1.123795444126552412e-01	7.214282977437844746e-01
4.560000000000000000e+02	-1.714589999999999170e-01	-1.109620024741754529e-01	7.301162785445968195e-01
4.570000000000000000e+02	-1.446410999999999114e-01	-1.095275998802031775e-01	7.386933904852441835e-01
4.580000000000000000e+02	-1.188408999999999160e-01	-1.080765544461541050e-01	7.471583311230156621e-01
4.590000000000000000e+02	-9.371169999999992561e-02	-1.066090865146748640e-01	7.555098150485232145e-01
4.600000000000000000e+02	-6.885139999999992377e-02	-1.051254189221845353e-01	7.637465740808870862e-01
4.610000000000000000e+02	-4.385621999999991805e-02	-1.036257769650359845e-01	7.718673574603154286e-01
4.620000000000000000e+02	-2.044468999999991821e-02	-1.021103883653049771e-01	7.798709320380295962e-01
4.630000000000000000e+02	2.604700000000077786e-03	-1.005794832362101460e-01	7.877560824635199133e-01
4.640000000000000000e+02	2.639707000000007797e-02	-9.903329404716976203e-02	7.955216113691001567e-01
4.650000000000000000e+02	5.139262200000007524e-02	-9.747205558850170759e-02	8.031663395517251169e-01
4.660000000000000000e+02	7.644917000000008012e-02	-9.589600493576957985e-02	8.106891061520575814e-01
4.670000000000000000e+02	1.018918300000000721e-01	-9.430538141378326522e-02	8.180887688307423300e-01
4.680000000000000000e+02	1.260600800000000743e-01	-9.270042656025651029e-02	8.253642039418748189e-01
4.690000000000000000e+02	1.509470000000000811e-01	-9.108138408912988537e-02	8.325143067036250288e-01
4.700000000000000000e+02	1.751985000000000903e-01	-8.944849985356220778e-02	8.395379913660010462e-01
4.710000000000000000e+02	1.982782000000000711e-01	-8.780202180859732197e-02	8.464341913757224001e-01
4.720000000000000000e+02	2.204940000000000788e-01	-8.614219997351246771e-02	8.532018595381739567e-01
4.730000000000000000e+02	2.442374000000000767e-01	-8.446928639385185844e-02	8.598399681764276048e-01
4.740000000000000000e+02	2.692887000000000475e-01	-8.278353510315410169e-02	8.663475092872919836e-01
4.750000000000000000e+02	2.860574000000000727e-01	-8.108520208437658416e-02	8.727234946943805971e-01
4.760000000000000000e+02	3.210747000000001017e-01	-7.937454523102381587e-02	8.789669561981691137e-01
4.770000000000000000e+02	3.321599000000000634e-01	-7.765182430798697744e-02	8.850769457230130977e-01
4.780000000000000000e+02	3.554411000000000653e-01	-7.591730091209737685e-02	8.910525354611188442e-01
4.790000000000000000e+02	3.805732000000000559e-01	-7.417123843240353009e-02	8.968928180134285721e-01
4.800000000000000000e+02	4.055702000000001028e-01	-7.241390201017496031e-02	9.025969065274103142e-01
4.810000000000000000e+02	4.291281000000000678e-01	-7.064555849863986270e-02	9.081639348317300797e-01
4.820000000000000000e+02	4.526672000000001028e-01	-6.886647642246401801e-02	9.135930575677766452e-01
4.830000000000000000e+02	4.770129000000000730e-01	-6.707692593697409111e-02	9.188834503180337565e-01
4.840000000000000000e+02	4.998921000000000614e-01	-6.527717878713533428e-02	9.240343097312657683e-01
4.850000000000000000e+02	5.218787000000000287e-01	-6.346750826628573539e-02	9.290448536445100602e-01
4.860000000000000000e+02	5.436064000000000451e-01	-6.164818917463714409e-02	9.339143212018468088e-01
4.870000000000000000e+02	5.662493000000000665e-01	-5.981949777754618641e-02	9.386419729699364556e-01
4.880000000000000000e+02	5.881299000000000943e-01	-5.798171176356267664e-02	9.432270910503049999e-01
4.890000000000000000e+02	6.094712000000001018e-01	-5.613511020226332610e-02	9.476689791883550207e-01
4.900000000000000000e+02	6.315550000000000885e-01	-5.427997350187364206e-02	9.519669628790944360e-01
4.910000000000000000e+02	6.684942000000000384e-01	-5.241658336668861967e-02	9.561203894695597949e-01
4.920000000000000000e+02	6.932982000000000866e-01	-5.054522275429530753e-02	9.601286282579223341e-01
4.930000000000000000e+02	7.174359000000001263e-01	-4.866617583260497704e-02	9.639910705892617004e-01
4.940000000000000000e+02	7.290026000000000561e-01	-4.677972793670288898e-02	9.677071299479889088e-01
4.950000000000000000e+02	7.612786000000000275e-01	-4.488616552551886324e-02	9.712762420469115421e-01
4.960000000000000000e+02	7.707733000000001056e-01	-4.298577613832908068e-02	9.746978649129192096e-01
4.970000000000000000e+02	8.020989000000000591e-01	-4.107884835109265609e-02	9.779714789692837140e-01
4.980000000000000000e+02	8.133117000000000818e-01	-3.916567173263060114e-02	9.810965871145577166e-01
4.990000000000000000e+02	8.355095000000001271e-01	-3.724653680065552475e-02	9.840727147980588008e-01
5.000000000000000000e+02	8.578804000000000984e-01	-3.532173497765514480e-02	9.868994100919318280e-01
5.010000000000000000e+02	8.940555000000001140e-01	-3.339155854664044298e-02	9.895762437597737105e-01
5.020000000000000000e+02	9.062227000000000476e-01	-3.145630060676180700e-02	9.921028093218132726e-01
5.030000000000000000e+02	9.295778000000001207e-01	-2.951625502880120960e-02	9.944787231166365427e-01
5.040000000000000000e+02	9.622284000000000947e-01	-2.757171641054867103e-02	9.967036243594450395e-01
5.050000000000000000e+02	9.849338000000000815e-01	-2.562298003206610678e-02	9.987771751968422818e-01
5.060000000000000000e+02	9.958393000000000939e-01	-2.367034181084996455e-02	1.000699060758135861e+00
5.070000000000000000e+02	1.025249599999999983e+00	-2.171409825689467332e-02	1.002468989203152194e+00
5.080000000000000000e+02	1.034735700000000147e+00	-1.975454642766836036e-02	1.004086691766552519e+00
5.090000000000000000e+02	1.055550500000000058e+00	-1.779198388300392425e-02	1.005551922798643583e+00
5.100000000000000000e+02	1.075043500000000041e+00	-1.582670863991389107e-02	1.006864459802682576e+00
5.110000000000000000e+02	1.104139500000000051e+00	-1.385901912733720695e-02	1.008024103468660782e+00
