0.000000000000000000e+00	1.387743500000000019e+00	-1.775413153301615143e-02	1.219675795026599285e+00
1.000000000000000000e+00	1.406823500000000005e+00	-1.537065451222512959e-02	1.220973895527939446e+00
2.000000000000000000e+00	1.425239499999999992e+00	-1.298482254426106160e-02	1.222087230521473167e+00
3.000000000000000000e+00	1.440810499999999994e+00	-1.059699666833758581e-02	1.223015631530293135e+00
4.000000000000000000e+00	1.459482500000000016e+00	-8.207538225399116372e-03	1.223758958062875157e+00
5.000000000000000000e+00	1.479329499999999964e+00	-5.816808803440456227e-03	1.224317097634337381e+00
6.000000000000000000e+00	1.500021500000000119e+00	-3.425170182789010875e-03	1.224689965783462675e+00
7.000000000000000000e+00	1.521662499999999918e+00	-1.032984281357891224e-03	1.224877506085479739e+00
8.000000000000000000e+00	1.539164500000000046e+00	1.359386900121790226e-03	1.224879690160601609e+00
9.000000000000000000e+00	1.556195500000000065e+00	3.751581332881176109e-03	1.224696517678319996e+00
1.000000000000000000e+01	1.574738500000000041e+00	6.143237014898146262e-03	1.224328016357455695e+00
1.100000000000000000e+01	1.588892500000000041e+00	8.533992025677750518e-03	1.223774241961964160e+00
1.200000000000000000e+01	1.603922499999999918e+00	1.092348458102031933e-02	1.223035278292496253e+00
1.300000000000000000e+01	1.617840500000000015e+00	1.331135308776894809e-02	1.222111237173718168e+00
1.400000000000000000e+01	1.630319499999999922e+00	1.569723619852805147e-02	1.221002258437387411e+00
1.500000000000000000e+01	1.645880500000000080e+00	1.808077286634474784e-02	1.219708509901194837e+00
1.600000000000000000e+01	1.662256500000000026e+00	2.046160239934477140e-02	1.218230187343368298e+00
1.700000000000000000e+01	1.676124500000000017e+00	2.283936451531466336e-02	1.216567514473045675e+00
1.800000000000000000e+01	1.691129499999999952e+00	2.521369939622193634e-02	1.214720742896423511e+00
1.900000000000000000e+01	1.702160499999999965e+00	2.758424774266504328e-02	1.212690152078680139e+00
2.000000000000000000e+01	1.713900500000000049e+00	2.995065082824481875e-02	1.210476049301687507e+00
2.100000000000000000e+01	1.726583500000000049e+00	3.231255055384925357e-02	1.208078769617509041e+00
2.200000000000000000e+01	1.738120499999999957e+00	3.466958950184329674e-02	1.205498675797699981e+00
2.300000000000000000e+01	1.746651500000000024e+00	3.702141099015558018e-02	1.202736158278408407e+00
2.400000000000000000e+01	1.752423499999999912e+00	3.936765912625379837e-02	1.199791635101292275e+00
2.500000000000000000e+01	1.760493499999999933e+00	4.170797886100062468e-02	1.196665551850260467e+00
2.600000000000000000e+01	1.771218500000000029e+00	4.404201604238199702e-02	1.193358381584041839e+00
2.700000000000000000e+01	1.782056499999999932e+00	4.636941746909964412e-02	1.189870624764600038e+00
2.800000000000000000e+01	1.795090499999999922e+00	4.868983094401974077e-02	1.186202809181400752e+00
2.900000000000000000e+01	1.805491500000000027e+00	5.100290532746961508e-02	1.182355489871543153e+00
3.000000000000000000e+01	1.815585500000000074e+00	5.330829059037443113e-02	1.178329249035767523e+00
3.100000000000000000e+01	1.824734499999999926e+00	5.560563786722580448e-02	1.174124695950353070e+00
3.200000000000000000e+01	1.830345499999999959e+00	5.789459950887432954e-02	1.169742466874919895e+00
3.300000000000000000e+01	1.836023500000000030e+00	6.017482913513808734e-02	1.165183224956143127e+00
3.400000000000000000e+01	1.838753499999999930e+00	6.244598168721902931e-02	1.160447660127404967e+00
3.500000000000000000e+01	1.841102500000000086e+00	6.470771347991954858e-02	1.155536489004386658e+00
3.600000000000000000e+01	1.846214500000000092e+00	6.695968225365100945e-02	1.150450454776627218e+00
3.700000000000000000e+01	1.852970500000000076e+00	6.920154722622672006e-02	1.145190327095058525e+00
3.800000000000000000e+01	1.859815500000000066e+00	7.143296914443113266e-02	1.139756901955537804e+00
3.900000000000000000e+01	1.865105500000000083e+00	7.365361033535795798e-02	1.134151001578391549e+00
4.000000000000000000e+01	1.869665499999999980e+00	7.586313475750883217e-02	1.128373474283992151e+00
4.100000000000000000e+01	1.877773499999999984e+00	7.806120805164531995e-02	1.122425194364384815e+00
4.200000000000000000e+01	1.882698500000000053e+00	8.024749759138626037e-02	1.116307061950984503e+00
4.300000000000000000e+01	1.887361499999999914e+00	8.242167253354283629e-02	1.110020002878361778e+00
4.400000000000000000e+01	1.891202500000000120e+00	8.458340386818395673e-02	1.103564968544139546e+00
4.500000000000000000e+01	1.890719500000000108e+00	8.673236446842405578e-02	1.096942935765022220e+00
4.600000000000000000e+01	1.891826500000000078e+00	8.886822913992604989e-02	1.090154906628977516e+00
4.700000000000000000e+01	1.893431499999999934e+00	9.099067467011179300e-02	1.083201908343592867e+00
4.800000000000000000e+01	1.895665500000000003e+00	9.309937987707261886e-02	1.076084993080633767e+00
4.900000000000000000e+01	1.900486499999999968e+00	9.519402565817268458e-02	1.068805237816821574e+00
5.000000000000000000e+01	1.904007500000000075e+00	9.727429503833753821e-02	1.061363744170857881e+00
5.100000000000000000e+01	1.906351499999999977e+00	9.933987321802086046e-02	1.053761638236722309e+00
5.200000000000000000e+01	1.909225500000000020e+00	1.013904476208418448e-01	1.046000070413262817e+00
5.300000000000000000e+01	1.912068499999999949e+00	1.034257079408863744e-01	1.038080215230111625e+00
5.400000000000000000e+01	1.912757500000000110e+00	1.054453461896642796e-01	1.030003271169947165e+00
5.500000000000000000e+01	1.910432499999999978e+00	1.074490567427163201e-01	1.021770460487132270e+00
5.600000000000000000e+01	1.908400499999999944e+00	1.094365363858630369e-01	1.013383029022755233e+00
5.700000000000000000e+01	1.907850500000000116e+00	1.114074843610891735e-01	1.004842246016100393e+00
5.800000000000000000e+01	1.908159500000000008e+00	1.133616024120562144e-01	9.961494039125800004e-01
5.900000000000000000e+01	1.908091500000000051e+00	1.152985948292364338e-01	9.873058181681516610e-01
6.000000000000000000e+01	1.910782500000000050e+00	1.172181684946615315e-01	9.783128270502570167e-01
6.100000000000000000e+01	1.911588499999999913e+00	1.191200329262791929e-01	9.691717914353048524e-01
6.200000000000000000e+01	1.913700500000000027e+00	1.210039003219105236e-01	9.598840946027359378e-01
6.300000000000000000e+01	1.915536499999999975e+00	1.228694856028021420e-01	9.504511420256958054e-01
6.400000000000000000e+01	1.914735499999999924e+00	1.247165064567661991e-01	9.408743611583501032e-01
6.500000000000000000e+01	1.910206499999999918e+00	1.265446833809015792e-01	9.311552012198722750e-01
6.600000000000000000e+01	1.906233499999999914e+00	1.283537397238900257e-01	9.212951329751397633e-01
6.700000000000000000e+01	1.900152499999999911e+00	1.301434017278607913e-01	9.112956485121674888e-01
6.800000000000000000e+01	1.893429500000000099e+00	1.319133985698174305e-01	9.011582610163163531e-01
6.900000000000000000e+01	1.889899500000000065e+00	1.336634624026204476e-01	8.908845045413080754e-01
7.000000000000000000e+01	1.888779500000000056e+00	1.353933283955196243e-01	8.804759337770823313e-01
7.100000000000000000e+01	1.887269499999999933e+00	1.371027347742298785e-01	8.699341238145315014e-01
7.200000000000000000e+01	1.885873499999999980e+00	1.387914228605445499e-01	8.592606699071482224e-01
7.300000000000000000e+01	1.882569500000000007e+00	1.404591371114804199e-01	8.484571872296207129e-01
7.400000000000000000e+01	1.877519500000000008e+00	1.421056251579478347e-01	8.375253106334150655e-01
7.500000000000000000e+01	1.873615500000000100e+00	1.437306378429409615e-01	8.264666943993786985e-01
7.600000000000000000e+01	1.869202500000000100e+00	1.453339292592417398e-01	8.152830119874041603e-01
7.700000000000000000e+01	1.861529500000000059e+00	1.469152567866322534e-01	8.039759557831905878e-01
7.800000000000000000e+01	1.855220499999999939e+00	1.484743811286093063e-01	7.925472368421416780e-01
7.900000000000000000e+01	1.850097499999999950e+00	1.500110663485965945e-01	7.809985846304371426e-01
8.000000000000000000e+01	1.842936499999999977e+00	1.515250799056477582e-01	7.693317467633192797e-01
8.100000000000000000e+01	1.837000500000000036e+00	1.530161926896363711e-01	7.575484887406328527e-01
8.200000000000000000e+01	1.833502500000000035e+00	1.544841790559259298e-01	7.456505936796584688e-01
8.300000000000000000e+01	1.830338500000000090e+00	1.559288168595161506e-01	7.336398620452798669e-01
8.400000000000000000e+01	1.825740499999999988e+00	1.573498874886591903e-01	7.215181113775256394e-01
8.500000000000000000e+01	1.820368500000000056e+00	1.587471758979413783e-01	7.092871760165293527e-01
8.600000000000000000e+01	1.813389499999999988e+00	1.601204706408252965e-01	6.969489068249428154e-01
8.700000000000000000e+01	1.804707499999999909e+00	1.614695639016472117e-01	6.845051709078543434e-01
8.800000000000000000e+01	1.792824500000000043e+00	1.627942515270649482e-01	6.719578513302449929e-01
8.900000000000000000e+01	1.781644500000000075e+00	1.640943330569518410e-01	6.593088468320322804e-01
9.000000000000000000e+01	1.772612499999999924e+00	1.653696117547315270e-01	6.465600715407401333e-01
9.100000000000000000e+01	1.765719500000000108e+00	1.666198946371492962e-01	6.337134546818408154e-01
9.200000000000000000e+01	1.758250499999999938e+00	1.678449925034757872e-01	6.207709402868131221e-01
9.300000000000000000e+01	1.752109499999999986e+00	1.690447199641376963e-01	6.077344868989588145e-01
9.400000000000000000e+01	1.746364500000000097e+00	1.702188954687725020e-01	5.946060672770229205e-01
9.500000000000000000e+01	1.738800499999999971e+00	1.713673413337014062e-01	5.813876680966644228e-01
9.600000000000000000e+01	1.730225499999999972e+00	1.724898837688178810e-01	5.680812896498186326e-01
9.700000000000000000e+01	1.719664499999999929e+00	1.735863529038865205e-01	5.546889455420017656e-01
9.800000000000000000e+01	1.709209500000000048e+00	1.746565828142488674e-01	5.412126623875984643e-01
9.900000000000000000e+01	1.699842499999999923e+00	1.757004115459323834e-01	5.276544795031813395e-01
1.000000000000000000e+02	1.690021500000000065e+00	1.767176811401580394e-01	5.140164485989100474e-01
1.010000000000000000e+02	1.679385499999999976e+00	1.777082376572439171e-01	5.003006334680516476e-01
1.020000000000000000e+02	1.668883499999999964e+00	1.786719311999001580e-01	4.865091096746765320e-01
1.030000000000000000e+02	1.659813500000000053e+00	1.796086159359124856e-01	4.726439642395682816e-01
1.040000000000000000e+02	1.653376500000000027e+00	1.805181501202104133e-01	4.587072953244054063e-01
1.050000000000000000e+02	1.648368499999999903e+00	1.814003961163169754e-01	4.447012119142513265e-01
1.060000000000000000e+02	1.641905500000000018e+00	1.822552204171767887e-01	4.306278334984118827e-01
1.070000000000000000e+02	1.632201500000000083e+00	1.830824936653592250e-01	4.164892897496985658e-01
1.080000000000000000e+02	1.621603499999999976e+00	1.838820906726334470e-01	4.022877202021552523e-01
1.090000000000000000e+02	1.608917500000000000e+00	1.846538904389129487e-01	3.880252739272879170e-01
1.100000000000000000e+02	1.597512500000000113e+00	1.853977761705657423e-01	3.737041092088557170e-01
1.110000000000000000e+02	1.586727500000000068e+00	1.861136352980885256e-01	3.593263932162639729e-01
1.120000000000000000e+02	1.576599499999999932e+00	1.868013594931414167e-01	3.448943016766158332e-01
1.130000000000000000e+02	1.566647499999999971e+00	1.874608446849407306e-01	3.304100185454668659e-01
1.140000000000000000e+02	1.557194500000000037e+00	1.880919910760077141e-01	3.158757356763342572e-01
1.150000000000000000e+02	1.547979500000000064e+00	1.886947031572705769e-01	3.012936524890134637e-01
1.160000000000000000e+02	1.538725499999999968e+00	1.892688897225175693e-01	2.866659756367459511e-01
1.170000000000000000e+02	1.528820499999999916e+00	1.898144638821986363e-01	2.719949186722966927e-01
1.180000000000000000e+02	1.518194500000000113e+00	1.903313430765743997e-01	2.572827017129828420e-01
1.190000000000000000e+02	1.506670500000000024e+00	1.908194490882094141e-01	2.425315511047141936e-01
1.200000000000000000e+02	1.494817499999999910e+00	1.912787080538086437e-01	2.277436990850857379e-01
1.210000000000000000e+02	1.481825500000000018e+00	1.917090504753948266e-01	2.129213834455838672e-01
1.220000000000000000e+02	1.468697499999999989e+00	1.921104112308254508e-01	1.980668471929471486e-01
1.230000000000000000e+02	1.455187500000000078e+00	1.924827295836473717e-01	1.831823382097426955e-01
1.240000000000000000e+02	1.442701500000000081e+00	1.928259491922878766e-01	1.682701089141999673e-01
1.250000000000000000e+02	1.431599499999999914e+00	1.931400181185806142e-01	1.533324159193630021e-01
1.260000000000000000e+02	1.421755499999999950e+00	1.934248888356252527e-01	1.383715196916029955e-01
1.270000000000000000e+02	1.412390500000000104e+00	1.936805182349795040e-01	1.233896842085525358e-01
1.280000000000000000e+02	1.401499500000000120e+00	1.939068676331826280e-01	1.083891766165038933e-01
1.290000000000000000e+02	1.389035500000000090e+00	1.941039027776091663e-01	9.337226688733206437e-02
1.300000000000000000e+02	1.375229500000000105e+00	1.942715938516524077e-01	7.834122747498735440e-02
1.310000000000000000e+02	1.360902499999999904e+00	1.944099154792361950e-01	6.329833297161246985e-02
1.320000000000000000e+02	1.346603500000000064e+00	1.945188467286552980e-01	4.824585976333874149e-02
1.330000000000000000e+02	1.332301500000000027e+00	1.945983711157426854e-01	3.318608568580667939e-02
1.340000000000000000e+02	1.318828499999999959e+00	1.946484766063640848e-01	1.812128967947173805e-02
1.350000000000000000e+02	1.306250499999999981e+00	1.946691556182391369e-01	3.053751444738357634e-03
1.360000000000000000e+02	1.294134499999999965e+00	1.946604050220887561e-01	-1.201424890301655037e-02
1.370000000000000000e+02	1.282289500000000082e+00	1.946222261421085287e-01	-2.708043117848729642e-02
1.380000000000000000e+02	1.270382499999999970e+00	1.945546247557685682e-01	-4.214251547148931132e-02
1.390000000000000000e+02	1.258292500000000036e+00	1.944576110929390755e-01	-5.719822249197181047e-02
1.400000000000000000e+02	1.245403500000000108e+00	1.943311998343423552e-01	-7.224527391493218431e-02
1.410000000000000000e+02	1.231815499999999952e+00	1.941754101093311757e-01	-8.728139272518882497e-02
1.420000000000000000e+02	1.217079500000000092e+00	1.939902654929940573e-01	-1.023043035619512625e-01
1.430000000000000000e+02	1.200769500000000045e+00	1.937757940025876813e-01	-1.173117330631443245e-01
1.440000000000000000e+02	1.184639500000000067e+00	1.935320280932971704e-01	-1.323014102094255962e-01
1.450000000000000000e+02	1.168511499999999925e+00	1.932590046533248229e-01	-1.472710666678526681e-01
1.460000000000000000e+02	1.153693499999999927e+00	1.929567649983078836e-01	-1.622184371351395316e-01
1.470000000000000000e+02	1.140632499999999938e+00	1.926253548650663505e-01	-1.771412596804577688e-01
1.480000000000000000e+02	1.128124499999999975e+00	1.922648244046818999e-01	-1.920372760877267493e-01
1.490000000000000000e+02	1.114642499999999981e+00	1.918752281749087074e-01	-2.069042321973395826e-01
1.500000000000000000e+02	1.100707499999999950e+00	1.914566251319173296e-01	-2.217398782472787266e-01
1.510000000000000000e+02	1.085341499999999959e+00	1.910090786213730629e-01	-2.365419692135623531e-01
1.520000000000000000e+02	1.069777500000000048e+00	1.905326563688502783e-01	-2.513082651499775610e-01
1.530000000000000000e+02	1.053947500000000037e+00	1.900274304695835637e-01	-2.660365315270412090e-01
1.540000000000000000e+02	1.037514999999999965e+00	1.894934773775578396e-01	-2.807245395701449264e-01
1.550000000000000000e+02	1.021159900000000009e+00	1.889308778939389200e-01	-2.953700665968259087e-01
1.560000000000000000e+02	1.005437699999999879e+00	1.883397171548461813e-01	-3.099708963531186412e-01
1.570000000000000000e+02	9.903627000000000402e-01	1.877200846184691185e-01	-3.245248193489311261e-01
1.580000000000000000e+02	9.760514000000000134e-01	1.870720740515300906e-01	-3.390296331924004258e-01
1.590000000000000000e+02	9.613304999999999767e-01	1.863957835150948372e-01	-3.534831429231707345e-01
1.600000000000000000e+02	9.468817999999999957e-01	1.856913153497333491e-01	-3.678831613445509574e-01
1.610000000000000000e+02	9.320711999999999886e-01	1.849587761600329505e-01	-3.822275093544930114e-01
1.620000000000000000e+02	9.173723999999999767e-01	1.841982767984663427e-01	-3.965140162753482689e-01
1.630000000000000000e+02	9.008346999999999882e-01	1.834099323486165778e-01	-4.107405201823491336e-01
1.640000000000000000e+02	8.832952000000000581e-01	1.825938621077619062e-01	-4.249048682307635105e-01
1.650000000000000000e+02	8.643819000000000363e-01	1.817501895688231339e-01	-4.390049169816774843e-01
1.660000000000000000e+02	8.447521000000000058e-01	1.808790424016755438e-01	-4.530385327263559136e-01
1.670000000000000000e+02	8.257412000000000640e-01	1.799805524338293772e-01	-4.670035918091255400e-01
1.680000000000000000e+02	8.077037000000000244e-01	1.790548556304807637e-01	-4.808979809487421986e-01
1.690000000000000000e+02	7.923455999999999833e-01	1.781020920739366797e-01	-4.947195975581851202e-01
1.700000000000000000e+02	7.766863999999999990e-01	1.771224059424165442e-01	-5.084663500628352484e-01
1.710000000000000000e+02	7.587779000000000051e-01	1.761159454882346154e-01	-5.221361582169825599e-01
1.720000000000000000e+02	7.396452000000000027e-01	1.750828630153652143e-01	-5.357269534186250848e-01
1.730000000000000000e+02	7.195869000000000293e-01	1.740233148563954113e-01	-5.492366790225005069e-01
1.740000000000000000e+02	6.995601000000000180e-01	1.729374613488673940e-01	-5.626632906513133747e-01
1.750000000000000000e+02	6.796731000000000300e-01	1.718254668110155980e-01	-5.760047565051000795e-01
1.760000000000000000e+02	6.582729000000000497e-01	1.706874995169007647e-01	-5.892590576686961290e-01
1.770000000000000000e+02	6.358316999999999997e-01	1.695237316709456987e-01	-6.024241884172499839e-01
1.780000000000000000e+02	6.122115000000000196e-01	1.683343393818763079e-01	-6.154981565197423787e-01
1.790000000000000000e+02	5.890960000000000640e-01	1.671195026360714764e-01	-6.284789835404642755e-01
1.800000000000000000e+02	5.660393000000000230e-01	1.658794052703266575e-01	-6.413647051384046005e-01
1.810000000000000000e+02	5.439021000000000550e-01	1.646142349440343211e-01	-6.541533713645075743e-01
1.820000000000000000e+02	5.216518999999999462e-01	1.633241831107864195e-01	-6.668430469567510066e-01
1.830000000000000000e+02	4.986348999999999920e-01	1.620094449894018962e-01	-6.794318116330044788e-01
1.840000000000000000e+02	4.751805000000000057e-01	1.606702195343855111e-01	-6.919177603816151212e-01
1.850000000000000000e+02	4.503963000000000272e-01	1.593067094058204791e-01	-7.042990037496885680e-01
1.860000000000000000e+02	4.245620999999999978e-01	1.579191209387007799e-01	-7.165736681290114651e-01
1.870000000000000000e+02	3.980085999999999902e-01	1.565076641117070233e-01	-7.287398960395802261e-01
1.880000000000000000e+02	3.714603000000000210e-01	1.550725525154314222e-01	-7.407958464106831897e-01
1.890000000000000000e+02	3.446943000000000090e-01	1.536140033200557309e-01	-7.527396948595056481e-01
1.900000000000000000e+02	3.195664000000000282e-01	1.521322372424878666e-01	-7.645696339672055641e-01
1.910000000000000000e+02	2.947075000000000111e-01	1.506274785129612659e-01	-7.762838735524256739e-01
1.920000000000000000e+02	2.684431999999999929e-01	1.490999548411033881e-01	-7.878806409421922341e-01
1.930000000000000000e+02	2.406944000000000028e-01	1.475498973814769188e-01	-7.993581812401694409e-01
1.940000000000000000e+02	2.126067000000000096e-01	1.459775406986001389e-01	-8.107147575922201144e-01
1.950000000000000000e+02	1.845275000000000110e-01	1.443831227314512633e-01	-8.219486514492381213e-01
1.960000000000000000e+02	1.570363000000000175e-01	1.427668847574615485e-01	-8.330581628272106798e-01
1.970000000000000000e+02	1.286309300000000322e-01	1.411290713560041932e-01	-8.440416105644689138e-01
1.980000000000000000e+02	9.898654000000001174e-02	1.394699303713827776e-01	-8.548973325760937936e-01
1.990000000000000000e+02	6.778789000000001730e-02	1.377897128753260425e-01	-8.656236861054318332e-01
2.000000000000000000e+02	3.788713000000001191e-02	1.360886731289936702e-01	-8.762190479726892356e-01
2.010000000000000000e+02	9.236350000000011218e-03	1.343670685445005619e-01	-8.866818148205596328e-01
2.020000000000000000e+02	-1.875429999999998765e-02	1.326251596459630810e-01	-8.970104033568558899e-01
2.030000000000000000e+02	-4.849544999999998163e-02	1.308632100300751999e-01	-9.072032505941025615e-01
2.040000000000000000e+02	-7.716599999999998460e-02	1.290814863262191026e-01	-9.172588140860591377e-01
2.050000000000000000e+02	-1.055350999999999928e-01	1.272802581561173207e-01	-9.271755721611307788e-01
2.060000000000000000e+02	-1.345889999999999864e-01	1.254597980930318990e-01	-9.369520241526375637e-01
2.070000000000000000e+02	-1.643001999999999796e-01	1.236203816205168615e-01	-9.465866906259056135e-01
2.080000000000000000e+02	-1.954966999999999955e-01	1.217622870907299620e-01	-9.560781136021451188e-01
2.090000000000000000e+02	-2.267685999999999868e-01	1.198857956823112525e-01	-9.654248567790790769e-01
2.100000000000000000e+02	-2.566354999999999609e-01	1.179911913578329252e-01	-9.746255057482944295e-01
2.110000000000000000e+02	-2.852858999999999812e-01	1.160787608208284361e-01	-9.836786682092804046e-01
2.120000000000000000e+02	-3.127338000000000062e-01	1.141487934724067510e-01	-9.925829741801184269e-01
2.130000000000000000e+02	-3.389973000000000014e-01	1.122015813674580864e-01	-1.001337076204798393e+00
2.140000000000000000e+02	-3.663573999999999997e-01	1.102374191704587475e-01	-1.009939649557122454e+00
2.150000000000000000e+02	-3.976318999999999826e-01	1.082566041108802418e-01	-1.018389392441172214e+00
2.160000000000000000e+02	-4.270845999999999809e-01	1.062594359382109249e-01	-1.026685026188303596e+00
2.170000000000000000e+02	-4.535649999999999959e-01	1.042462168765955766e-01	-1.034825295450644722e+00
2.180000000000000000e+02	-4.803372000000000197e-01	1.022172515791014702e-01	-1.042808968391061963e+00
2.190000000000000000e+02	-5.079531999999999936e-01	1.001728470816160566e-01	-1.050634836869569044e+00
2.200000000000000000e+02	-5.348703999999999681e-01	9.811331275638439375e-02	-1.058301716626151023e+00
2.210000000000000000e+02	-5.609906000000000059e-01	9.603896026519273543e-02	-1.065808447459974939e+00
2.220000000000000000e+02	-5.872011999999999787e-01	9.395010351220635381e-02	-1.073153893404956705e+00
2.230000000000000000e+02	-6.166186999999999641e-01	9.184705859646724591e-02	-1.080336942901663821e+00
2.240000000000000000e+02	-6.454750000000000210e-01	8.973014376406016068e-02	-1.087356508965523716e+00
2.250000000000000000e+02	-6.719343999999999317e-01	8.759967935995358057e-02	-1.094211529351313494e+00
2.260000000000000000e+02	-6.994684999999999375e-01	8.545598777952281844e-02	-1.100900966713904472e+00
2.270000000000000000e+02	-7.264836999999999545e-01	8.329939341976357048e-02	-1.107423808765240381e+00
2.280000000000000000e+02	-7.499989000000000239e-01	8.113022263020178149e-02	-1.113779068427523500e+00
2.290000000000000000e+02	-7.738770000000000371e-01	7.894880366350856549e-02	-1.119965783982585172e+00
2.300000000000000000e+02	-7.993902999999999981e-01	7.675546662582657942e-02	-1.125983019217419390e+00
2.310000000000000000e+02	-8.257858000000000143e-01	7.455054342681673163e-02	-1.131829863565856131e+00
2.320000000000000000e+02	-8.514992000000000116e-01	7.233436772943120652e-02	-1.137505432246354031e+00
2.330000000000000000e+02	-8.769462999999999564e-01	7.010727489942167323e-02	-1.143008866395891054e+00
2.340000000000000000e+02	-9.018171999999999855e-01	6.786960195458922873e-02	-1.148339333199934309e+00
2.350000000000000000e+02	-9.291378000000000137e-01	6.562168751378522069e-02	-1.153496026018464793e+00
2.360000000000000000e+02	-9.571842000000000406e-01	6.336387174566904257e-02	-1.158478164508044639e+00
2.370000000000000000e+02	-9.833304999999998852e-01	6.109649631723173407e-02	-1.163284994739902878e+00
2.380000000000000000e+02	-1.007601500000000039e+00	5.881990434209245777e-02	-1.167915789314025954e+00
2.390000000000000000e+02	-1.032306500000000016e+00	5.653444032857692092e-02	-1.172369847469231008e+00
2.400000000000000000e+02	-1.055911499999999892e+00	5.424045012758380024e-02	-1.176646495189210606e+00
2.410000000000000000e+02	-1.078168500000000085e+00	5.193828088024848161e-02	-1.180745085304528041e+00
2.420000000000000000e+02	-1.101520499999999902e+00	4.962828096541159473e-02	-1.184664997590552327e+00
2.430000000000000000e+02	-1.125938499999999953e+00	4.731079994689972590e-02	-1.188405638861314007e+00
2.440000000000000000e+02	-1.149573500000000026e+00	4.498618852062774565e-02	-1.191966443059269798e+00
2.450000000000000000e+02	-1.173914499999999972e+00	4.265479846152893384e-02	-1.195346871340961403e+00
2.460000000000000000e+02	-1.197670500000000082e+00	4.031698257032231142e-02	-1.198546412158557839e+00
2.470000000000000000e+02	-1.220987499999999892e+00	3.797309462012431192e-02	-1.201564581337265736e+00
2.480000000000000000e+02	-1.244374499999999939e+00	3.562348930291405619e-02	-1.204400922148597175e+00
2.490000000000000000e+02	-1.268367500000000092e+00	3.326852217585879457e-02	-1.207055005379484847e+00
2.500000000000000000e+02	-1.291876500000000094e+00	3.090854960750889779e-02	-1.209526429397234537e+00
2.510000000000000000e+02	-1.312578500000000092e+00	2.854392872386960975e-02	-1.211814820210300958e+00
2.520000000000000000e+02	-1.331742500000000051e+00	2.617501735435892596e-02	-1.213919831524883586e+00
2.530000000000000000e+02	-1.350195499999999882e+00	2.380217397765828358e-02	-1.215841144797329854e+00
2.540000000000000000e+02	-1.370652500000000051e+00	2.142575766746545110e-02	-1.217578469282338816e+00
2.550000000000000000e+02	-1.391186499999999882e+00	1.904612803815687941e-02	-1.219131542076959063e+00
2.560000000000000000e+02	-1.414083500000000049e+00	1.666364519036909325e-02	-1.220500128160373121e+00
2.570000000000000000e+02	-1.438425499999999913e+00	1.427866965650563015e-02	-1.221684020429461004e+00
2.580000000000000000e+02	-1.460604500000000083e+00	1.189156234617907808e-02	-1.222683039730141807e+00
2.590000000000000000e+02	-1.480881499999999962e+00	9.502684491596042476e-03	-1.223497034884483803e+00
2.600000000000000000e+02	-1.502549499999999982e+00	7.112397592892847134e-03	-1.224125882713581248e+00
2.610000000000000000e+02	-1.520036500000000013e+00	4.721063363431558454e-03	-1.224569488056195254e+00
2.620000000000000000e+02	-1.537291500000000033e+00	2.329043675062886058e-03	-1.224827783783154267e+00
2.630000000000000000e+02	-1.552979499999999957e+00	-6.329949663439100611e-05	-1.224900730807511939e+00
2.640000000000000000e+02	-1.567625499999999894e+00	-2.455604127130202319e-03	-1.224788318090461958e+00
2.650000000000000000e+02	-1.584029499999999979e+00	-4.847508197726517823e-03	-1.224490562643009373e+00
2.660000000000000000e+02	-1.602810499999999916e+00	-7.238649750340657441e-03	-1.224007509523395543e+00
2.670000000000000000e+02	-1.621784499999999962e+00	-9.628666942278908680e-03	-1.223339231830279816e+00
2.680000000000000000e+02	-1.639244499999999993e+00	-1.201719810099319795e-02	-1.222485830691677711e+00
2.690000000000000000e+02	-1.655189500000000091e+00	-1.440388177881116345e-02	-1.221447435249658042e+00
2.700000000000000000e+02	-1.671667500000000084e+00	-1.678835680763304458e-02	-1.220224202640800115e+00
2.710000000000000000e+02	-1.686694499999999985e+00	-1.917026235358575137e-02	-1.218816317972414520e+00
2.720000000000000000e+02	-1.697860499999999995e+00	-2.154923797162689239e-02	-1.217223994294531542e+00
2.730000000000000000e+02	-1.710659500000000000e+00	-2.392492366008907786e-02	-1.215447472567662057e+00
2.740000000000000000e+02	-1.719992500000000035e+00	-2.629695991515799969e-02	-1.213487021626331597e+00
2.750000000000000000e+02	-1.729163500000000075e+00	-2.866498778527472660e-02	-1.211342938138401770e+00
2.760000000000000000e+02	-1.743068499999999910e+00	-3.102864892545446895e-02	-1.209015546560173737e+00
2.770000000000000000e+02	-1.754313500000000081e+00	-3.338758565151393742e-02	-1.206505199087291036e+00
2.780000000000000000e+02	-1.766615499999999894e+00	-3.574144099419787612e-02	-1.203812275601442883e+00
2.790000000000000000e+02	-1.778927499999999995e+00	-3.808985875319823716e-02	-1.200937183612877046e+00
2.800000000000000000e+02	-1.787786499999999945e+00	-4.043248355105653197e-02	-1.197880358198734729e+00
2.810000000000000000e+02	-1.799667499999999976e+00	-4.276896088694210479e-02	-1.194642261937209904e+00
2.820000000000000000e+02	-1.810160500000000061e+00	-4.509893719029694353e-02	-1.191223384837550414e+00
2.830000000000000000e+02	-1.817617499999999886e+00	-4.742205987434058856e-02	-1.187624244265906182e+00
2.840000000000000000e+02	-1.822750499999999940e+00	-4.973797738942558472e-02	-1.183845384867038275e+00
2.850000000000000000e+02	-1.828309500000000032e+00	-5.204633927623655842e-02	-1.179887378481899063e+00
2.860000000000000000e+02	-1.834600500000000078e+00	-5.434679621882346212e-02	-1.175750824061099209e+00
2.870000000000000000e+02	-1.841054500000000038e+00	-5.663900009746256764e-02	-1.171436347574268622e+00
2.880000000000000000e+02	-1.848328500000000041e+00	-5.892260404133598667e-02	-1.166944601915332669e+00
2.890000000000000000e+02	-1.857014500000000012e+00	-6.119726248102276556e-02	-1.162276266803710545e+00
2.900000000000000000e+02	-1.863440500000000055e+00	-6.346263120079202735e-02	-1.157432048681457548e+00
2.910000000000000000e+02	-1.873228499999999963e+00	-6.571836739069232547e-02	-1.152412680606359707e+00
2.920000000000000000e+02	-1.879797500000000010e+00	-6.796412969842763330e-02	-1.147218922141004738e+00
2.930000000000000000e+02	-1.884966499999999989e+00	-7.019957828101293373e-02	-1.141851559237839098e+00
2.940000000000000000e+02	-1.887571499999999958e+00	-7.242437485620166482e-02	-1.136311404120232904e+00
2.950000000000000000e+02	-1.886398500000000089e+00	-7.463818275367634092e-02	-1.130599295159569140e+00
2.960000000000000000e+02	-1.888671500000000059e+00	-7.684066696599588242e-02	-1.124716096748376692e+00
2.970000000000000000e+02	-1.891417499999999974e+00	-7.903149419929092478e-02	-1.118662699169524100e+00
2.980000000000000000e+02	-1.894480500000000012e+00	-8.121033292370030687e-02	-1.112440018461495761e+00
2.990000000000000000e+02	-1.898268499999999914e+00	-8.337685342353973184e-02	-1.106048996279773267e+00
3.000000000000000000e+02	-1.901808500000000013e+00	-8.553072784719684130e-02	-1.099490599754336273e+00
3.010000000000000000e+02	-1.906905499999999920e+00	-8.767163025674357124e-02	-1.092765821343311128e+00
3.020000000000000000e+02	-1.910187499999999927e+00	-8.979923667725944747e-02	-1.085875678682784562e+00
3.030000000000000000e+02	-1.910945499999999964e+00	-9.191322514585713310e-02	-1.078821214432811093e+00
3.040000000000000000e+02	-1.912373499999999948e+00	-9.401327576040412193e-02	-1.071603496119628351e+00
3.050000000000000000e+02	-1.911372499999999919e+00	-9.609907072793232030e-02	-1.064223615974114079e+00
3.060000000000000000e+02	-1.910424499999999970e+00	-9.817029441272843993e-02	-1.056682690766502120e+00
3.070000000000000000e+02	-1.911028500000000019e+00	-1.002266333840982349e-01	-1.048981861637385160e+00
3.080000000000000000e+02	-1.909491499999999897e+00	-1.022677764637964087e-01	-1.041122293925031306e+00
3.090000000000000000e+02	-1.908833500000000072e+00	-1.042934147731163774e-01	-1.033105176989036700e+00
3.100000000000000000e+02	-1.907588499999999909e+00	-1.063032417796316159e-01	-1.024931724030345492e+00
3.110000000000000000e+02	-1.907381500000000063e+00	-1.082969533435823029e-01	-1.016603171907657366e+00
3.120000000000000000e+02	-1.910635499999999931e+00	-1.102742477638993662e-01	-1.008120780950262807e+00
3.130000000000000000e+02	-1.913613500000000078e+00	-1.122348258238599905e-01	-9.994858347673183374e-01
3.140000000000000000e+02	-1.915536499999999975e+00	-1.141783908363669109e-01	-9.906996400536050018e-01
3.150000000000000000e+02	-1.913003500000000079e+00	-1.161046486888451662e-01	-9.817635263917886546e-01
3.160000000000000000e+02	-1.908330499999999930e+00	-1.180133078877488167e-01	-9.726788460512217904e-01
3.170000000000000000e+02	-1.903742499999999893e+00	-1.199040796026717010e-01	-9.634469737833075698e-01
3.180000000000000000e+02	-1.899278500000000092e+00	-1.217766777100550979e-01	-9.540693066134653400e-01
3.190000000000000000e+02	-1.894552500000000084e+00	-1.236308188364858840e-01	-9.445472636297213009e-01
3.200000000000000000e+02	-1.894498500000000085e+00	-1.254662224015781202e-01	-9.348822857679661702e-01
3.210000000000000000e+02	-1.892434500000000019e+00	-1.272826106604324492e-01	-9.250758355939021627e-01
3.220000000000000000e+02	-1.890347500000000069e+00	-1.290797087456661552e-01	-9.151293970817179213e-01
3.230000000000000000e+02	-1.889623499999999900e+00	-1.308572447090077806e-01	-9.050444753895251493e-01
3.240000000000000000e+02	-1.888288500000000036e+00	-1.326149495624503183e-01	-8.948225966315870306e-01
3.250000000000000000e+02	-1.884714500000000070e+00	-1.343525573189558453e-01	-8.844653076473784070e-01
3.260000000000000000e+02	-1.880195499999999909e+00	-1.360698050327065201e-01	-8.739741757675083544e-01
3.270000000000000000e+02	-1.873406499999999975e+00	-1.377664328388951420e-01	-8.633507885765406842e-01
3.280000000000000000e+02	-1.865196499999999924e+00	-1.394421839930498896e-01	-8.525967536727497853e-01
3.290000000000000000e+02	-1.858431500000000014e+00	-1.410968049098857979e-01	-8.417136984248526632e-01
3.300000000000000000e+02	-1.853586500000000026e+00	-1.427300452016796173e-01	-8.307032697257403786e-01
3.310000000000000000e+02	-1.849148500000000084e+00	-1.443416577161598935e-01	-8.195671337432612891e-01
3.320000000000000000e+02	-1.845011500000000026e+00	-1.459313985739070230e-01	-8.083069756680894002e-01
3.330000000000000000e+02	-1.841593499999999883e+00	-1.474990272052596196e-01	-7.969244994587052489e-01
3.340000000000000000e+02	-1.838686499999999890e+00	-1.490443063867183393e-01	-7.854214275835443848e-01
3.350000000000000000e+02	-1.834914500000000004e+00	-1.505670022768440530e-01	-7.737995007603457598e-01
3.360000000000000000e+02	-1.831204499999999902e+00	-1.520668844516447904e-01	-7.620604776927283330e-01
3.370000000000000000e+02	-1.825142499999999890e+00	-1.535437259394440979e-01	-7.502061348040608424e-01
3.380000000000000000e+02	-1.815381499999999981e+00	-1.549973032552286745e-01	-7.382382659686353987e-01
3.390000000000000000e+02	-1.808129499999999945e+00	-1.564273964344670975e-01	-7.261586822402095187e-01
3.400000000000000000e+02	-1.800937500000000080e+00	-1.578337890663960852e-01	-7.139692115779494586e-01
3.410000000000000000e+02	-1.794067499999999926e+00	-1.592162683267697443e-01	-7.016716985698049358e-01
3.420000000000000000e+02	-1.787927499999999892e+00	-1.605746250100646977e-01	-6.892680041533817414e-01
3.430000000000000000e+02	-1.783845499999999973e+00	-1.619086535611391209e-01	-6.767600053343266753e-01
3.440000000000000000e+02	-1.780275499999999900e+00	-1.632181521063383878e-01	-6.641495949022894196e-01
3.450000000000000000e+02	-1.776284500000000044e+00	-1.645029224840434678e-01	-6.514386811444973224e-01
3.460000000000000000e+02	-1.770251500000000089e+00	-1.657627702746586329e-01	-6.386291875569748422e-01
3.470000000000000000e+02	-1.763961499999999960e+00	-1.669975048300320064e-01	-6.257230525534707155e-01
3.480000000000000000e+02	-1.756469499999999906e+00	-1.682069393023053749e-01	-6.127222291721284853e-01
3.490000000000000000e+02	-1.746859500000000009e+00	-1.693908906721897090e-01	-5.996286847799333630e-01
3.500000000000000000e+02	-1.735456499999999957e+00	-1.705491797766602868e-01	-5.864444007750049259e-01
3.510000000000000000e+02	-1.725063500000000083e+00	-1.716816313360692570e-01	-5.731713722867535221e-01
3.520000000000000000e+02	-1.716262500000000024e+00	-1.727880739806697263e-01	-5.598116078739668877e-01
3.530000000000000000e+02	-1.709560500000000038e+00	-1.738683402765485442e-01	-5.463671292208656105e-01
3.540000000000000000e+02	-1.704341499999999954e+00	-1.749222667509637286e-01	-5.328399708311620797e-01
3.550000000000000000e+02	-1.698801500000000075e+00	-1.759496939170817620e-01	-5.192321797201941980e-01
3.560000000000000000e+02	-1.692233499999999946e+00	-1.769504662981125909e-01	-5.055458151051515081e-01
3.570000000000000000e+02	-1.684371499999999910e+00	-1.779244324508371944e-01	-4.917829480934640118e-01
3.580000000000000000e+02	-1.676140500000000033e+00	-1.788714449885246971e-01	-4.779456613693922606e-01
3.590000000000000000e+02	-1.665854500000000016e+00	-1.797913606032362777e-01	-4.640360488788562998e-01
3.600000000000000000e+02	-1.654533499999999879e+00	-1.806840400875111552e-01	-4.500562155125695241e-01
3.610000000000000000e+02	-1.642771500000000051e+00	-1.815493483554323217e-01	-4.360082767875161358e-01
3.620000000000000000e+02	-1.632509500000000058e+00	-1.823871544630688846e-01	-4.218943585268111196e-01
3.630000000000000000e+02	-1.623845500000000053e+00	-1.831973316282908826e-01	-4.077165965380147861e-01
3.640000000000000000e+02	-1.616307500000000008e+00	-1.839797572499552725e-01	-3.934771362899219804e-01
3.650000000000000000e+02	-1.608768500000000046e+00	-1.847343129264583661e-01	-3.791781325878991193e-01
3.660000000000000000e+02	-1.601304499999999909e+00	-1.854608844736531370e-01	-3.648217492478085244e-01
3.670000000000000000e+02	-1.592713499999999893e+00	-1.861593619421283985e-01	-3.504101587685600205e-01
3.680000000000000000e+02	-1.584475499999999926e+00	-1.868296396338471055e-01	-3.359455420033573558e-01
3.690000000000000000e+02	-1.574840500000000088e+00	-1.874716161181409213e-01	-3.214300878296812991e-01
3.700000000000000000e+02	-1.564106500000000066e+00	-1.880851942470598559e-01	-3.068659928180471619e-01
3.710000000000000000e+02	-1.552932500000000049e+00	-1.886702811700727289e-01	-2.922554608996142944e-01
3.720000000000000000e+02	-1.541023499999999880e+00	-1.892267883481184576e-01	-2.776007030326659852e-01
3.730000000000000000e+02	-1.528908500000000004e+00	-1.897546315670040062e-01	-2.629039368680361477e-01
3.740000000000000000e+02	-1.517331500000000055e+00	-1.902537309501481921e-01	-2.481673864135240104e-01
3.750000000000000000e+02	-1.507433500000000093e+00	-1.907240109706694053e-01	-2.333932816973352253e-01
3.760000000000000000e+02	-1.498339499999999935e+00	-1.911654004628144388e-01	-2.185838584306285803e-01
3.770000000000000000e+02	-1.489202499999999985e+00	-1.915778326327280956e-01	-2.037413576691866623e-01
3.780000000000000000e+02	-1.478791500000000037e+00	-1.919612450685606320e-01	-1.888680254742880760e-01
3.790000000000000000e+02	-1.467480499999999966e+00	-1.923155797499123132e-01	-1.739661125728226565e-01
3.800000000000000000e+02	-1.454967499999999969e+00	-1.926407830566136403e-01	-1.590378740166905891e-01
3.810000000000000000e+02	-1.441314500000000054e+00	-1.929368057768392486e-01	-1.440855688415569880e-01
3.820000000000000000e+02	-1.427730500000000013e+00	-1.932036031145550337e-01	-1.291114597250035134e-01
3.830000000000000000e+02	-1.413225500000000023e+00	-1.934411346962970346e-01	-1.141178126441180635e-01
3.840000000000000000e+02	-1.399500500000000036e+00	-1.936493645772809358e-01	-9.910689653260153220e-02
3.850000000000000000e+02	-1.386498500000000078e+00	-1.938282612468414934e-01	-8.408098293741066154e-02
3.860000000000000000e+02	-1.374067499999999997e+00	-1.939777976332008880e-01	-6.904234567501646436e-02
3.870000000000000000e+02	-1.362034500000000037e+00	-1.940979511075654751e-01	-5.399326048731920707e-02
3.880000000000000000e+02	-1.350899499999999920e+00	-1.941887034875500739e-01	-3.893600469726103686e-02
3.890000000000000000e+02	-1.339999500000000010e+00	-1.942500410399293220e-01	-2.387285686421581135e-02
3.900000000000000000e+02	-1.328542499999999960e+00	-1.942819544827161515e-01	-8.806096439175410684e-03
3.910000000000000000e+02	-1.315661500000000039e+00	-1.942844389865660548e-01	6.261996580187987639e-03
3.920000000000000000e+02	-1.301527499999999948e+00	-1.942574941755082496e-01	2.132914199454231594e-02
3.930000000000000000e+02	-1.285770499999999927e+00	-1.942011241270022448e-01	3.639305974795635501e-02
3.940000000000000000e+02	-1.270406499999999994e+00	-1.941153373713210561e-01	5.145147027292901881e-02
3.950000000000000000e+02	-1.255730500000000083e+00	-1.940001468902602388e-01	6.650209483534463839e-02
3.960000000000000000e+02	-1.242421500000000067e+00	-1.938555701151733479e-01	8.154265587931311399e-02
3.970000000000000000e+02	-1.229858499999999966e+00	-1.936816289243343259e-01	9.657087737181538345e-02
3.980000000000000000e+02	-1.218075500000000089e+00	-1.934783496396264846e-01	1.115844851471347599e-01
3.990000000000000000e+02	-1.206383500000000053e+00	-1.932457630225594691e-01	1.265812072509948927e-01
4.000000000000000000e+02	-1.193800500000000042e+00	-1.929839042696142037e-01	1.415587742843628927e-01
4.010000000000000000e+02	-1.180715500000000029e+00	-1.926928130069167078e-01	1.565149197468770625e-01
4.020000000000000000e+02	-1.166704500000000033e+00	-1.923725332842416702e-01	1.714473803798190199e-01
4.030000000000000000e+02	-1.152275500000000008e+00	-1.920231135683464763e-01	1.863538965086122545e-01
4.040000000000000000e+02	-1.137917499999999915e+00	-1.916446067356369909e-01	2.012322123847670730e-01
4.050000000000000000e+02	-1.122900500000000079e+00	-1.912370700641659593e-01	2.160800765272314072e-01
4.060000000000000000e+02	-1.107718500000000050e+00	-1.908005652249652184e-01	2.308952420631058267e-01
4.070000000000000000e+02	-1.092711500000000058e+00	-1.903351582727134117e-01	2.456754670676512264e-01
4.080000000000000000e+02	-1.078499499999999944e+00	-1.898409196357401241e-01	2.604185149035479485e-01
4.090000000000000000e+02	-1.065178500000000028e+00	-1.893179241053681017e-01	2.751221545593653395e-01
4.100000000000000000e+02	-1.052546500000000052e+00	-1.887662508245954995e-01	2.897841609871641411e-01
4.110000000000000000e+02	-1.040344500000000005e+00	-1.881859832761194062e-01	3.044023154392120900e-01
4.120000000000000000e+02	-1.027000499999999983e+00	-1.875772092697026439e-01	3.189744058037358165e-01
4.130000000000000000e+02	-1.012310499999999891e+00	-1.869400209288860915e-01	3.334982269396685739e-01
4.140000000000000000e+02	-9.965595000000000425e-01	-1.862745146770476146e-01	3.479715810103521378e-01
4.150000000000000000e+02	-9.806114999999999693e-01	-1.855807912228108481e-01	3.623922778161246527e-01
4.160000000000000000e+02	-9.649574999999999125e-01	-1.848589555448054422e-01	3.767581351257519029e-01
4.170000000000000000e+02	-9.489661999999999820e-01	-1.841091168757807428e-01	3.910669790066643170e-01
4.180000000000000000e+02	-9.336071000000000231e-01	-1.833313886860763742e-01	4.053166441539210463e-01
4.190000000000000000e+02	-9.193909000000000109e-01	-1.825258886664508085e-01	4.195049742178859065e-01
4.200000000000000000e+02	-9.053331999999999491e-01	-1.816927387102718339e-01	4.336298221305358025e-01
4.210000000000000000e+02	-8.919346999999999692e-01	-1.808320648950709764e-01	4.476890504303661089e-01
4.220000000000000000e+02	-8.776874999999999538e-01	-1.799439974634644279e-01	4.616805315858520942e-01
4.230000000000000000e+02	-8.613178000000000223e-01	-1.790286708034442009e-01	4.756021483173921705e-01
4.240000000000000000e+02	-8.436690999999999496e-01	-1.780862234280412293e-01	4.894517939177150945e-01
4.250000000000000000e+02	-8.250145999999999313e-01	-1.771167979543651905e-01	5.032273725706772893e-01
4.260000000000000000e+02	-8.049275999999999653e-01	-1.761205410820225470e-01	5.169267996684122624e-01
4.270000000000000000e+02	-7.847906999999999522e-01	-1.750976035709169709e-01	5.305480021267920954e-01
4.280000000000000000e+02	-7.643193000000000348e-01	-1.740481402184354542e-01	5.440889186991373361e-01
4.290000000000000000e+02	-7.432693000000000216e-01	-1.729723098360236300e-01	5.575475002881348230e-01
4.300000000000000000e+02	-7.234876000000000085e-01	-1.718702752251528854e-01	5.709217102559261958e-01
4.310000000000000000e+02	-7.046069000000000360e-01	-1.707422031526848460e-01	5.842095247322981466e-01
4.320000000000000000e+02	-6.865938000000000319e-01	-1.695882643256346467e-01	5.974089329209534283e-01
4.330000000000000000e+02	-6.676250999999999713e-01	-1.684086333653385670e-01	6.105179374037944529e-01
4.340000000000000000e+02	-6.459139000000000408e-01	-1.672034887810296133e-01	6.235345544431825093e-01
4.350000000000000000e+02	-6.214733999999999536e-01	-1.659730129428237388e-01	6.364568142821361851e-01
4.360000000000000000e+02	-5.956966999999999679e-01	-1.647173920541231407e-01	6.492827614423999361e-01
4.370000000000000000e+02	-5.691492000000000218e-01	-1.634368161234381056e-01	6.620104550203654847e-01
4.380000000000000000e+02	-5.441437999999999553e-01	-1.621314789356340103e-01	6.746379689807798785e-01
4.390000000000000000e+02	-5.202510000000000190e-01	-1.608015780226068892e-01	6.871633924482017930e-01
4.400000000000000000e+02	-4.953792000000000195e-01	-1.594473146333910962e-01	6.995848299961729966e-01
4.410000000000000000e+02	-4.695158999999999860e-01	-1.580688937037052211e-01	7.119004019340435807e-01
4.420000000000000000e+02	-4.435347000000000039e-01	-1.566665238249403125e-01	7.241082445914160948e-01
4.430000000000000000e+02	-4.177545999999999760e-01	-1.552404172125937676e-01	7.362065106001741688e-01
4.440000000000000000e+02	-3.927688999999999764e-01	-1.537907896741563529e-01	7.481933691740305647e-01
4.450000000000000000e+02	-3.669253000000000098e-01	-1.523178605764540505e-01	7.600670063855798908e-01
4.460000000000000000e+02	-3.390644999999999909e-01	-1.508218528124525559e-01	7.718256254407909189e-01
4.470000000000000000e+02	-3.097338000000000036e-01	-1.493029927675279256e-01	7.834674469509060879e-01
4.480000000000000000e+02	-2.806355999999999851e-01	-1.477615102852077034e-01	7.949907092017161059e-01
4.490000000000000000e+02	-2.518181999999999920e-01	-1.461976386323904920e-01	8.063936684201467031e-01
4.500000000000000000e+02	-2.237910999999999651e-01	-1.446116144640457180e-01	8.176745990381432128e-01
4.510000000000000000e+02	-1.948606999999999978e-01	-1.430036777874019449e-01	8.288317939537924728e-01
4.520000000000000000e+02	-1.664560999999999957e-01	-1.413740719256275369e-01	8.398635647896494083e-01
4.530000000000000000e+02	-1.399013999999999813e-01	-1.397230434810090849e-01	8.507682421482378743e-01
4.540000000000000000e+02	-1.140581999999999985e-01	-1.380508422976341465e-01	8.615441758646723569e-01
4.550000000000000000e+02	-8.617839999999998835e-02	-1.363577214235835167e-01	8.721897352563685590e-01
4.560000000000000000e+02	-5.690853999999997970e-02	-1.346439370726378870e-01	8.827033093698146704e-01
4.570000000000000000e+02	-2.668326999999998117e-02	-1.329097485855065541e-01	8.930833072243444803e-01
4.580000000000000000e+02	4.248110000000013264e-03	-1.311554183905817572e-01	9.033281580528998989e-01
4.590000000000000000e+02	3.462579700000001370e-02	-1.293812119642265002e-01	9.134363115397273747e-01
4.600000000000000000e+02	6.414231000000000793e-02	-1.275873977906015477e-01	9.234062380549795668e-01
4.610000000000000000e+02	9.332745000000000624e-02	-1.257742473210358425e-01	9.332364288861920709e-01
4.620000000000000000e+02	1.212428300000000098e-01	-1.239420349329491827e-01	9.429253964665904597e-01
4.630000000000000000e+02	1.498613000000000306e-01	-1.220910378883320602e-01	9.524716746001947731e-01
4.640000000000000000e+02	1.809261000000000064e-01	-1.202215362917877089e-01	9.618738186836996995e-01
4.650000000000000000e+02	2.117407000000000039e-01	-1.183338130481459277e-01	9.711304059250749354e-01
4.660000000000000000e+02	2.421762000000000081e-01	-1.164281538196513671e-01	9.802400355588761771e-01
4.670000000000000000e+02	2.690843000000000540e-01	-1.145048469827354004e-01	9.892013290582153395e-01
4.680000000000000000e+02	2.965231000000000394e-01	-1.125641835843778776e-01	9.980129303433665777e-01
4.690000000000000000e+02	3.257634000000000363e-01	-1.106064572980629268e-01	1.006673505986981354e+00
4.700000000000000000e+02	3.540874999999999995e-01	-1.086319643793396128e-01	1.015181745415865144e+00
4.710000000000000000e+02	3.804489000000000343e-01	-1.066410036209895912e-01	1.023536361109307347e+00
4.720000000000000000e+02	4.081332000000000293e-01	-1.046338763078124290e-01	1.031736088793914208e+00
4.730000000000000000e+02	4.359935000000000338e-01	-1.026108861710336162e-01	1.039779687634925676e+00
4.740000000000000000e+02	4.628907999999999912e-01	-1.005723393423412354e-01	1.047665940423988973e+00
4.750000000000000000e+02	4.896330999999999878e-01	-9.851854430756058767e-02	1.055393653763353701e+00
4.760000000000000000e+02	5.177382999999999846e-01	-9.644981185997256179e-02	1.062961658246461827e+00
4.770000000000000000e+02	5.455450000000000577e-01	-9.436645505328143668e-02	1.070368808634913460e+00
4.780000000000000000e+02	5.709652000000000616e-01	-9.226878915424281680e-02	1.077613984031768002e+00
4.790000000000000000e+02	5.946567000000000380e-01	-9.015713159495436502e-02	1.084696088051168461e+00
4.800000000000000000e+02	6.192619999999999791e-01	-8.803180192482044919e-02	1.091614048984252294e+00
4.810000000000000000e+02	6.446175000000000654e-01	-8.589312176219636441e-02	1.098366819961327678e+00
4.820000000000000000e+02	6.696579000000000281e-01	-8.374141474571791810e-02	1.104953379110295009e+00
4.830000000000000000e+02	6.954962000000000089e-01	-8.157700648532761889e-02	1.111372729711281204e+00
4.840000000000000000e+02	7.215608000000000022e-01	-7.940022451300023099e-02	1.117623900347470611e+00
4.850000000000000000e+02	7.461891999999999969e-01	-7.721139823317903217e-02	1.123705945052106525e+00
4.860000000000000000e+02	7.733560999999999908e-01	-7.501085887292874288e-02	1.129617943451637796e+00
4.870000000000000000e+02	8.014337999999999740e-01	-7.279893943181106608e-02	1.135359000905000082e+00
4.880000000000000000e+02	8.268056000000000294e-01	-7.057597463149381523e-02	1.140928248638996001e+00
4.890000000000000000e+02	8.522585999999999773e-01	-6.834230086509890389e-02	1.146324843879762190e+00
4.900000000000000000e+02	8.792744000000000115e-01	-6.609825614629630253e-02	1.151547969980306618e+00
4.910000000000000000e+02	9.024221000000000048e-01	-6.384418005815481467e-02	1.156596836544085738e+00
4.920000000000000000e+02	9.252736000000000294e-01	-6.158041370175319773e-02	1.161470679544613915e+00
4.930000000000000000e+02	9.500473000000000390e-01	-5.930729964456296632e-02	1.166168761441080726e+00
4.940000000000000000e+02	9.739630999999999705e-01	-5.702518186860947025e-02	1.170690371289958787e+00
4.950000000000000000e+02	9.979020000000000667e-01	-5.473440571841733937e-02	1.175034824852590365e+00
4.960000000000000000e+02	1.023938900000000096e+00	-5.243531784875128665e-02	1.179201464698729440e+00
4.970000000000000000e+02	1.048178500000000124e+00	-5.012826617215856984e-02	1.183189660306028124e+00
4.980000000000000000e+02	1.071405500000000011e+00	-4.781359980631953027e-02	1.186998808155452112e+00
4.990000000000000000e+02	1.096422500000000078e+00	-4.549166902121819234e-02	1.190628331822607855e+00
5.000000000000000000e+02	1.120687500000000059e+00	-4.316282518613605984e-02	1.194077682064972556e+00
5.010000000000000000e+02	1.143820499999999907e+00	-4.082742071648115534e-02	1.197346336905007025e+00
5.020000000000000000e+02	1.165391499999999914e+00	-3.848580902045882490e-02	1.200433801709145376e+00
5.030000000000000000e+02	1.183948500000000070e+00	-3.613834444559055337e-02	1.203339609262646936e+00
5.040000000000000000e+02	1.204349499999999962e+00	-3.378538222509324535e-02	1.206063319840297021e+00
5.050000000000000000e+02	1.228860499999999911e+00	-3.142727842412183781e-02	1.208604521272949262e+00
5.060000000000000000e+02	1.252290499999999973e+00	-2.906438988588785216e-02	1.210962829009898600e+00
5.070000000000000000e+02	1.277074500000000112e+00	-2.669707417766005800e-02	1.213137886177072078e+00
5.080000000000000000e+02	1.302553499999999920e+00	-2.432568953665413536e-02	1.215129363631034520e+00
5.090000000000000000e+02	1.324147500000000033e+00	-2.195059481582247937e-02	1.216936960008796920e+00
5.100000000000000000e+02	1.346812499999999968e+00	-1.957214942955076697e-02	1.218560401773419732e+00
5.110000000000000000e+02	1.368981500000000073e+00	-1.719071329926793665e-02	1.219999443255406213e+00
