0.000000000000000000e+00	1.662969999999999837e+00	-1.545807741349610603e-02	1.478870425782321085e+00
1.000000000000000000e+00	1.680987999999999927e+00	-1.256853874815881157e-02	1.479979986434026618e+00
2.000000000000000000e+00	1.698156999999999917e+00	-9.677050881295045162e-03	1.480866383064109559e+00
3.000000000000000000e+00	1.712054999999999882e+00	-6.784049816139147045e-03	1.481529482014116050e+00
4.000000000000000000e+00	1.729155999999999915e+00	-3.889971784098419753e-03	1.481969183296323322e+00
5.000000000000000000e+00	1.743728999999999862e+00	-9.952531789744257541e-04	1.482185420608817195e+00
6.000000000000000000e+00	1.761010999999999882e+00	1.899669508840190132e-03	1.482178161345488965e+00
7.000000000000000000e+00	1.781555999999999917e+00	4.794359758179448684e-03	1.481947406600952144e+00
8.000000000000000000e+00	1.800008999999999970e+00	7.688381082926438494e-03	1.481493191170377921e+00
9.000000000000000000e+00	1.814376999999999907e+00	1.058129709783039996e-02	1.480815583544248026e+00
1.000000000000000000e+01	1.830143999999999993e+00	1.347267158430863476e-02	1.479914685898026994e+00
1.100000000000000000e+01	1.845534999999999926e+00	1.636206855622327275e-02	1.478790634076756261e+00
1.200000000000000000e+01	1.859840999999999855e+00	1.924905232562296870e-02	1.477443597574568335e+00
1.300000000000000000e+01	1.873699000000000003e+00	2.213318756843966548e-02	1.475873779509131234e+00
1.400000000000000000e+01	1.884024999999999839e+00	2.501403939013046446e-02	1.474081416591019433e+00
1.500000000000000000e+01	1.896704999999999863e+00	2.789117339125476297e-02	1.472066779088020638e+00
1.600000000000000000e+01	1.908348999999999851e+00	3.076415573297668071e-02	1.469830170784383272e+00
1.700000000000000000e+01	1.921875999999999918e+00	3.363255320248299124e-02	1.467371928935007785e+00
1.800000000000000000e+01	1.934360999999999997e+00	3.649593327830667061e-02	1.464692424214594446e+00
1.900000000000000000e+01	1.947790999999999828e+00	3.935386419554614407e-02	1.461792060661748271e+00
2.000000000000000000e+01	1.961763999999999841e+00	4.220591501097054055e-02	1.458671275618055097e+00
2.100000000000000000e+01	1.972988999999999882e+00	4.505165566800092836e-02	1.455330539662136102e+00
2.200000000000000000e+01	1.980059999999999931e+00	4.789065706155795632e-02	1.451770356538689244e+00
2.300000000000000000e+01	1.987792000000000003e+00	5.072249110276597084e-02	1.447991263082530011e+00
2.400000000000000000e+01	1.995854999999999935e+00	5.354673078350391524e-02	1.443993829137644180e+00
2.500000000000000000e+01	2.003209000000000017e+00	5.636295024079327615e-02	1.439778657471260326e+00
2.600000000000000000e+01	2.009555999999999898e+00	5.917072482101330688e-02	1.435346383682960969e+00
2.700000000000000000e+01	2.018190999999999846e+00	6.196963114393393146e-02	1.430697676108839911e+00
2.800000000000000000e+01	2.027794000000000096e+00	6.475924716655669100e-02	1.425833235720726178e+00
2.900000000000000000e+01	2.035905999999999771e+00	6.753915224675395568e-02	1.420753796020484128e+00
3.000000000000000000e+01	2.044807999999999737e+00	7.030892720669684737e-02	1.415460122929411479e+00
3.100000000000000000e+01	2.052044999999999675e+00	7.306815439606259566e-02	1.409953014672745475e+00
3.200000000000000000e+01	2.055041000000000118e+00	7.581641775501134217e-02	1.404233301659300714e+00
3.300000000000000000e+01	2.061380999999999908e+00	7.855330287692322000e-02	1.398301846356252653e+00
3.400000000000000000e+01	2.063307000000000002e+00	8.127839707088607701e-02	1.392159543159087631e+00
3.500000000000000000e+01	2.063855999999999913e+00	8.399128942392464214e-02	1.385807318256737641e+00
3.600000000000000000e+01	2.068487999999999882e+00	8.669157086296136461e-02	1.379246129491922712e+00
3.700000000000000000e+01	2.070199999999999818e+00	8.937883421650003046e-02	1.372476966216718441e+00
3.800000000000000000e+01	2.075169999999999959e+00	9.205267427602252528e-02	1.365500849143372886e+00
3.900000000000000000e+01	2.079336000000000073e+00	9.471268785708963911e-02	1.358318830190395898e+00
4.000000000000000000e+01	2.085360000000000102e+00	9.735847386013671279e-02	1.350931992323940678e+00
4.100000000000000000e+01	2.090564000000000089e+00	9.998963333095473027e-02	1.343341449394505505e+00
4.200000000000000000e+01	2.093828999999999940e+00	1.026057695208481696e-01	1.335548345968977646e+00
4.300000000000000000e+01	2.093725999999999754e+00	1.052064879464600922e-01	1.327553857158046302e+00
4.400000000000000000e+01	2.091761999999999677e+00	1.077913964492557275e-01	1.319359188439008346e+00
4.500000000000000000e+01	2.091759999999999842e+00	1.103601052546554773e-01	1.310965575473996836e+00
4.600000000000000000e+01	2.089649999999999785e+00	1.129122270308084847e-01	1.302374283923657838e+00
4.700000000000000000e+01	2.086145999999999834e+00	1.154473769469978178e-01	1.293586609256302200e+00
4.800000000000000000e+01	2.083803000000000072e+00	1.179651727316685106e-01	1.284603876552564250e+00
4.900000000000000000e+01	2.084753999999999774e+00	1.204652347300697729e-01	1.275427440305595406e+00
5.000000000000000000e+01	2.085144000000000108e+00	1.229471859615025586e-01	1.266058684216820662e+00
5.100000000000000000e+01	2.088159999999999794e+00	1.254106521761639281e-01	1.256499020987294379e+00
5.200000000000000000e+01	2.086629999999999985e+00	1.278552619115796152e-01	1.246749892104679125e+00
5.300000000000000000e+01	2.086767000000000039e+00	1.302806465486163745e-01	1.236812767625886877e+00
5.400000000000000000e+01	2.082862999999999687e+00	1.326864403670654224e-01	1.226689145955411453e+00
5.500000000000000000e+01	2.079147999999999996e+00	1.350722806007889909e-01	1.216380553619385241e+00
5.600000000000000000e+01	2.073316999999999855e+00	1.374378074924211823e-01	1.205888545035398218e+00
5.700000000000000000e+01	2.065104999999999968e+00	1.397826643476152708e-01	1.195214702278107666e+00
5.800000000000000000e+01	2.059419000000000111e+00	1.421064975888291504e-01	1.184360634840681215e+00
5.900000000000000000e+01	2.055276000000000103e+00	1.444089568086408537e-01	1.173327979392102538e+00
6.000000000000000000e+01	2.050425999999999860e+00	1.466896948225857866e-01	1.162118399530380541e+00
6.100000000000000000e+01	2.045214000000000087e+00	1.489483677215083512e-01	1.150733585531698466e+00
6.200000000000000000e+01	2.045927999999999969e+00	1.511846349234194919e-01	1.139175254095539547e+00
6.300000000000000000e+01	2.044027999999999956e+00	1.533981592248523096e-01	1.127445148085827409e+00
6.400000000000000000e+01	2.041233000000000075e+00	1.555886068517088328e-01	1.115545036268123402e+00
6.500000000000000000e+01	2.037779000000000007e+00	1.577556475095891197e-01	1.103476713042915947e+00
6.600000000000000000e+01	2.029924999999999979e+00	1.598989544335958912e-01	1.091241998175046746e+00
6.700000000000000000e+01	2.023509999999999920e+00	1.620182044376069219e-01	1.078842736519309842e+00
6.800000000000000000e+01	2.016217000000000148e+00	1.641130779630079195e-01	1.066280797742269248e+00
6.900000000000000000e+01	2.008318000000000048e+00	1.661832591268781467e-01	1.053558076040335134e+00
7.000000000000000000e+01	2.002445999999999948e+00	1.682284357696220145e-01	1.040676489854139408e+00
7.100000000000000000e+01	1.994411999999999852e+00	1.702482995020392076e-01	1.027637981579258231e+00
7.200000000000000000e+01	1.989657999999999927e+00	1.722425457518262093e-01	1.014444517273320523e+00
7.300000000000000000e+01	1.986527999999999849e+00	1.742108738095022591e-01	1.001098086359548001e+00
7.400000000000000000e+01	1.983045999999999864e+00	1.761529868737529703e-01	9.876007013267751322e-01
7.500000000000000000e+01	1.977608999999999950e+00	1.780685920961845858e-01	9.739543974259868842e-01
7.600000000000000000e+01	1.968915999999999888e+00	1.799574006254821001e-01	9.601612323634266533e-01
7.700000000000000000e+01	1.960476999999999803e+00	1.818191276509647236e-01	9.462232859903187965e-01
7.800000000000000000e+01	1.952633999999999981e+00	1.836534924455321127e-01	9.321426599892497222e-01
7.900000000000000000e+01	1.942255999999999982e+00	1.854602184079947313e-01	9.179214775572585028e-01
8.000000000000000000e+01	1.934404999999999930e+00	1.872390331047822654e-01	9.035618830856836370e-01
8.100000000000000000e+01	1.927649999999999864e+00	1.889896683110233733e-01	8.890660418368128148e-01
8.200000000000000000e+01	1.920598999999999945e+00	1.907118600509909168e-01	8.744361396173861989e-01
8.300000000000000000e+01	1.915316999999999936e+00	1.924053486379065647e-01	8.596743824490022945e-01
8.400000000000000000e+01	1.910897999999999985e+00	1.940698787130985536e-01	8.447829962354748146e-01
8.500000000000000000e+01	1.904883999999999800e+00	1.957051992845067201e-01	8.297642264271916090e-01
8.600000000000000000e+01	1.896859999999999991e+00	1.973110637645294207e-01	8.146203376825273956e-01
8.700000000000000000e+01	1.889230999999999883e+00	1.988872300072060950e-01	7.993536135263580311e-01
8.800000000000000000e+01	1.879484999999999850e+00	2.004334603447298913e-01	7.839663560057321678e-01
8.900000000000000000e+01	1.867229999999999945e+00	2.019495216232854440e-01	7.684608853427488118e-01
9.000000000000000000e+01	1.855878999999999834e+00	2.034351852382057790e-01	7.528395395846930738e-01
9.100000000000000000e+01	1.847524999999999862e+00	2.048902271684432397e-01	7.371046742514879568e-01
9.200000000000000000e+01	1.836167999999999800e+00	2.063144280103493267e-01	7.212586619805059218e-01
9.300000000000000000e+01	1.832860999999999851e+00	2.077075730107581508e-01	7.053038921688052909e-01
9.400000000000000000e+01	1.826903999999999861e+00	2.090694520993688632e-01	6.892427706128341214e-01
9.500000000000000000e+01	1.820011999999999963e+00	2.103998599204218167e-01	6.730777191456656094e-01
9.600000000000000000e+01	1.811585000000000001e+00	2.116985958636639076e-01	6.568111752718116536e-01
9.700000000000000000e+01	1.803922999999999943e+00	2.129654640945981281e-01	6.404455917996770831e-01
9.800000000000000000e+01	1.795660999999999952e+00	2.142002735840133898e-01	6.239834364717018467e-01
9.900000000000000000e+01	1.786753999999999953e+00	2.154028381367893985e-01	6.074271915922563325e-01
1.000000000000000000e+02	1.775498999999999938e+00	2.165729764199728069e-01	5.907793536533361145e-01
1.010000000000000000e+02	1.762794999999999890e+00	2.177105119901200925e-01	5.740424329581210738e-01
1.020000000000000000e+02	1.751792999999999934e+00	2.188152733199032751e-01	5.572189532424492997e-01
1.030000000000000000e+02	1.743688999999999822e+00	2.198870938239741724e-01	5.403114512942681635e-01
1.040000000000000000e+02	1.735996999999999790e+00	2.209258118840836949e-01	5.233224765711136373e-01
1.050000000000000000e+02	1.728383999999999920e+00	2.219312708734518802e-01	5.062545908156834695e-01
1.060000000000000000e+02	1.719648999999999983e+00	2.229033191803855840e-01	4.891103676695538471e-01
1.070000000000000000e+02	1.710202999999999918e+00	2.238418102311395819e-01	4.718923922851058217e-01
1.080000000000000000e+02	1.699371999999999883e+00	2.247466025120183897e-01	4.546032609357118504e-01
1.090000000000000000e+02	1.688359999999999861e+00	2.256175595907148890e-01	4.372455806242483978e-01
1.100000000000000000e+02	1.676764999999999839e+00	2.264545501368825375e-01	4.198219686899909431e-01
1.110000000000000000e+02	1.664737999999999829e+00	2.272574479419388060e-01	4.023350524139465700e-01
1.120000000000000000e+02	1.651612999999999998e+00	2.280261319380957608e-01	3.847874686226934182e-01
1.130000000000000000e+02	1.638200999999999796e+00	2.287604862166158215e-01	3.671818632907737356e-01
1.140000000000000000e+02	1.626140999999999837e+00	2.294604000452892534e-01	3.495208911417150843e-01
1.150000000000000000e+02	1.614796999999999816e+00	2.301257678851317268e-01	3.318072152477248848e-01
1.160000000000000000e+02	1.604752999999999874e+00	2.307564894062978933e-01	3.140435066281327403e-01
1.170000000000000000e+02	1.595544999999999991e+00	2.313524695032103951e-01	2.962324438466287235e-01
1.180000000000000000e+02	1.585459999999999869e+00	2.319136183089004211e-01	2.783767126073688480e-01
1.190000000000000000e+02	1.574355999999999867e+00	2.324398512085587842e-01	2.604790053499996816e-01
1.200000000000000000e+02	1.561315999999999926e+00	2.329310888522947154e-01	2.425420208436714076e-01
1.210000000000000000e+02	1.546458999999999806e+00	2.333872571671010698e-01	2.245684637800919314e-01
1.220000000000000000e+02	1.530154999999999932e+00	2.338082873680235874e-01	2.065610443656931139e-01
1.230000000000000000e+02	1.514977999999999936e+00	2.341941159685328733e-01	1.885224779129598405e-01
1.240000000000000000e+02	1.500735999999999848e+00	2.345446847900975740e-01	1.704554844309947859e-01
1.250000000000000000e+02	1.486445999999999934e+00	2.348599409709568042e-01	1.523627882153695268e-01
1.260000000000000000e+02	1.473870999999999931e+00	2.351398369740912708e-01	1.342471174373346676e-01
1.270000000000000000e+02	1.461773999999999907e+00	2.353843305943913167e-01	1.161112037324402158e-01
1.280000000000000000e+02	1.449558999999999820e+00	2.355933849650207745e-01	9.795778178863889796e-02
1.290000000000000000e+02	1.436374999999999957e+00	2.357669685629763812e-01	7.978958893392422425e-02
1.300000000000000000e+02	1.414075999999999889e+00	2.359050552138407253e-01	6.160936472357379096e-02
1.310000000000000000e+02	1.406388999999999889e+00	2.360076240957293681e-01	4.341985052705673448e-02
1.320000000000000000e+02	1.390411999999999981e+00	2.360746597424303039e-01	2.522378911466435086e-02
1.330000000000000000e+02	1.373643999999999865e+00	2.361061520457362062e-01	7.023924243934351851e-03
1.340000000000000000e+02	1.356825999999999866e+00	2.361020962569686799e-01	-1.117699975407892253e-02
1.350000000000000000e+02	1.340437999999999796e+00	2.360624929876941891e-01	-2.937623838861556230e-02
1.360000000000000000e+02	1.324976999999999849e+00	2.359873482096318809e-01	-4.757104742305048178e-02
1.370000000000000000e+02	1.310276999999999914e+00	2.358766732537531385e-01	-6.575868328869019508e-02
1.380000000000000000e+02	1.296589999999999909e+00	2.357304848085730042e-01	-8.393640349847419913e-02
1.390000000000000000e+02	1.283833000000000002e+00	2.355488049176336918e-01	-1.021014670605079333e-01
1.400000000000000000e+02	1.269794999999999785e+00	2.353316609761807454e-01	-1.202511348913755940e-01
1.410000000000000000e+02	1.254652999999999796e+00	2.350790857270321221e-01	-1.383826702291598987e-01
1.420000000000000000e+02	1.237873000000000001e+00	2.347911172556408632e-01	-1.564933390461170359e-01
1.430000000000000000e+02	1.219941999999999860e+00	2.344677989843524657e-01	-1.745804104609340879e-01
1.440000000000000000e+02	1.201813999999999938e+00	2.341091796658569812e-01	-1.926411571505173004e-01
1.450000000000000000e+02	1.184875999999999818e+00	2.337153133758379797e-01	-2.106728557612384256e-01
1.460000000000000000e+02	1.169245999999999786e+00	2.332862595048183219e-01	-2.286727873195879557e-01
1.470000000000000000e+02	1.154438999999999993e+00	2.328220827492049061e-01	-2.466382376421626110e-01
1.480000000000000000e+02	1.139806999999999793e+00	2.323228531015330001e-01	-2.645664977449355693e-01
1.490000000000000000e+02	1.124373999999999985e+00	2.317886458399124883e-01	-2.824548642517376029e-01
1.500000000000000000e+02	1.109130999999999867e+00	2.312195415166764523e-01	-3.003006398018975842e-01
1.510000000000000000e+02	1.093107999999999969e+00	2.306156259462349423e-01	-3.181011334569726068e-01
1.520000000000000000e+02	1.076691999999999982e+00	2.299769901921352999e-01	-3.358536611065096600e-01
1.530000000000000000e+02	1.060100999999999960e+00	2.293037305533305037e-01	-3.535555458727808742e-01
1.540000000000000000e+02	1.042740000000000000e+00	2.285959485496586729e-01	-3.712041185144236422e-01
1.550000000000000000e+02	1.024153899999999950e+00	2.278537509065348687e-01	-3.887967178289340464e-01
1.560000000000000000e+02	1.005067399999999944e+00	2.270772495388582723e-01	-4.063306910539430938e-01
1.570000000000000000e+02	9.859966999999999482e-01	2.262665615341364622e-01	-4.238033942672256860e-01
1.580000000000000000e+02	9.677135999999998406e-01	2.254218091348302866e-01	-4.412121927853708270e-01
1.590000000000000000e+02	9.505416999999999339e-01	2.245431197199207196e-01	-4.585544615610648300e-01
1.600000000000000000e+02	9.332427999999999280e-01	2.236306257857020030e-01	-4.758275855789151909e-01
1.610000000000000000e+02	9.159445999999998866e-01	2.226844649258023223e-01	-4.930289602497678891e-01
1.620000000000000000e+02	8.987182999999998589e-01	2.217047798104365419e-01	-5.101559918034468399e-01
1.630000000000000000e+02	8.792780999999999514e-01	2.206917181648929971e-01	-5.272060976798671472e-01
1.640000000000000000e+02	8.587765999999998900e-01	2.196454327472583123e-01	-5.441767069184544336e-01
1.650000000000000000e+02	8.361562999999998524e-01	2.185660813253831880e-01	-5.610652605458156250e-01
1.660000000000000000e+02	8.015877999999998504e-01	2.174538266530928465e-01	-5.778692119616036793e-01
1.670000000000000000e+02	7.908805999999999337e-01	2.163088364456457191e-01	-5.945860273225153092e-01
1.680000000000000000e+02	7.706655999999999507e-01	2.151312833544435366e-01	-6.112131859243671306e-01
1.690000000000000000e+02	7.503389999999998672e-01	2.139213449409979595e-01	-6.277481805821859551e-01
1.700000000000000000e+02	7.294840999999998576e-01	2.126792036501560235e-01	-6.441885180082658202e-01
1.710000000000000000e+02	7.088415999999998496e-01	2.114050467825897006e-01	-6.605317191881258099e-01
1.720000000000000000e+02	6.878027999999999365e-01	2.100990664665528806e-01	-6.767753197543197041e-01
1.730000000000000000e+02	6.668323999999998808e-01	2.087614596289109614e-01	-6.929168703580305122e-01
1.740000000000000000e+02	6.443820999999998467e-01	2.073924279654463521e-01	-7.089539370384062567e-01
1.750000000000000000e+02	6.200865999999999323e-01	2.059921779104449124e-01	-7.248841015895748363e-01
1.760000000000000000e+02	5.937884999999999414e-01	2.045609206055683249e-01	-7.407049619252784600e-01
1.770000000000000000e+02	5.664885999999998978e-01	2.030988718680162564e-01	-7.564141324410830203e-01
1.780000000000000000e+02	5.385745999999999034e-01	2.016062521579834732e-01	-7.720092443740986798e-01
1.790000000000000000e+02	5.112028999999999046e-01	2.000832865454169607e-01	-7.874879461601647090e-01
1.800000000000000000e+02	4.844129999999998715e-01	1.985302046760782646e-01	-8.028479037884344027e-01
1.810000000000000000e+02	4.593416999999999084e-01	1.969472407369151634e-01	-8.180868011533201090e-01
1.820000000000000000e+02	4.339645999999999226e-01	1.953346334207492485e-01	-8.332023404037340875e-01
1.830000000000000000e+02	4.064971999999998920e-01	1.936926258902834652e-01	-8.481922422895799007e-01
1.840000000000000000e+02	3.779409999999999159e-01	1.920214657414363035e-01	-8.630542465054347190e-01
1.850000000000000000e+02	3.473276999999999060e-01	1.903214049660070240e-01	-8.777861120313786847e-01
1.860000000000000000e+02	3.165905999999998888e-01	1.885926999136781634e-01	-8.923856174709151601e-01
1.870000000000000000e+02	2.871051999999998938e-01	1.868356112533608171e-01	-9.068505613859324521e-01
1.880000000000000000e+02	2.565568999999998656e-01	1.850504039338890794e-01	-9.211787626286538355e-01
1.890000000000000000e+02	2.240746999999999045e-01	1.832373471440685297e-01	-9.353680606705305767e-01
1.900000000000000000e+02	1.923383999999999094e-01	1.813967142720857850e-01	-9.494163159280248898e-01
1.910000000000000000e+02	1.610181999999998892e-01	1.795287828642845307e-01	-9.633214100852351969e-01
1.920000000000000000e+02	1.300658999999999010e-01	1.776338345833148591e-01	-9.770812464133125097e-01
1.930000000000000000e+02	9.919563999999989057e-02	1.757121551656617986e-01	-9.906937500866236368e-01
1.940000000000000000e+02	6.600871999999989581e-02	1.737640343785593067e-01	-1.004156868495612587e+00
1.950000000000000000e+02	3.335382099999989469e-02	1.717897659762969709e-01	-1.017468571556307877e+00
1.960000000000000000e+02	2.379449999999897619e-03	1.697896476559250523e-01	-1.030626852016438111e+00
1.970000000000000000e+02	-3.023640000000010070e-02	1.677639810123653374e-01	-1.043629725758101090e+00
1.980000000000000000e+02	-6.266573000000009996e-02	1.657130714929337112e-01	-1.056475232096948380e+00
1.990000000000000000e+02	-9.483600000000010077e-02	1.636372283512826098e-01	-1.069161434077831263e+00
2.000000000000000000e+02	-1.263152000000000996e-01	1.615367646007690450e-01	-1.081686418766872215e+00
2.010000000000000000e+02	-1.592723000000001166e-01	1.594119969672557202e-01	-1.094048297539914616e+00
2.020000000000000000e+02	-1.927512000000000947e-01	1.572632458413520395e-01	-1.106245206367305167e+00
2.030000000000000000e+02	-2.265399000000001273e-01	1.550908352301035575e-01	-1.118275306094967059e+00
2.040000000000000000e+02	-2.590273000000001269e-01	1.528950927081349775e-01	-1.130136782721724353e+00
2.050000000000000000e+02	-2.922898000000000995e-01	1.506763493682558297e-01	-1.141827847672831631e+00
2.060000000000000000e+02	-3.261158000000001222e-01	1.484349397715351848e-01	-1.153346738069673139e+00
2.070000000000000000e+02	-3.604316000000001297e-01	1.461712018968541471e-01	-1.164691716995581272e+00
2.080000000000000000e+02	-3.946170000000001066e-01	1.438854770899420377e-01	-1.175861073757745290e+00
2.090000000000000000e+02	-4.297571000000001140e-01	1.415781100119059277e-01	-1.186853124145164307e+00
2.100000000000000000e+02	-4.618759000000001169e-01	1.392494485872588506e-01	-1.197666210682608146e+00
2.110000000000000000e+02	-4.937342000000001230e-01	1.368998439514576837e-01	-1.208298702880542086e+00
2.120000000000000000e+02	-5.271860000000001545e-01	1.345296503979554470e-01	-1.218748997480989749e+00
2.130000000000000000e+02	-5.588476000000001109e-01	1.321392253247779813e-01	-1.229015518699283716e+00
2.140000000000000000e+02	-5.891028000000001486e-01	1.297289291806323352e-01	-1.239096718461677460e+00
2.150000000000000000e+02	-6.214777000000001328e-01	1.272991254105555192e-01	-1.248991076638775732e+00
2.160000000000000000e+02	-6.553023000000001153e-01	1.248501804011109551e-01	-1.258697101274752539e+00
2.170000000000000000e+02	-7.030691000000001134e-01	1.223824634251414190e-01	-1.268213328812322960e+00
2.180000000000000000e+02	-7.191425000000001289e-01	1.198963465860873046e-01	-1.277538324313428397e+00
2.190000000000000000e+02	-7.512404000000001414e-01	1.173922047618774639e-01	-1.286670681675610384e+00
2.200000000000000000e+02	-7.814252000000001530e-01	1.148704155484019940e-01	-1.295609023844033647e+00
2.210000000000000000e+02	-8.117906000000001399e-01	1.123313592025748237e-01	-1.304352003019131567e+00
2.220000000000000000e+02	-8.424200000000000577e-01	1.097754185849958292e-01	-1.312898300859837830e+00
2.230000000000000000e+02	-8.723063000000000899e-01	1.072029791022194450e-01	-1.321246628682376967e+00
2.240000000000000000e+02	-9.008742000000000694e-01	1.046144286486400538e-01	-1.329395727654583359e+00
2.250000000000000000e+02	-9.274077000000000570e-01	1.020101575480014955e-01	-1.337344368985720067e+00
2.260000000000000000e+02	-9.549622000000000943e-01	9.939055849454128677e-02	-1.345091354111764614e+00
2.270000000000000000e+02	-9.844070000000000320e-01	9.675602649377654241e-02	-1.352635514876138645e+00
2.280000000000000000e+02	-1.014261000000000079e+00	9.410695880294174531e-02	-1.359975713705853684e+00
2.290000000000000000e+02	-1.043462000000000112e+00	9.144375487108657996e-02	-1.367110843783044150e+00
2.300000000000000000e+02	-1.074624000000000024e+00	8.876681627884421000e-02	-1.374039829211861852e+00
2.310000000000000000e+02	-1.103114000000000150e+00	8.607654667787703606e-02	-1.380761625180708885e+00
2.320000000000000000e+02	-1.130843000000000043e+00	8.337335173001092503e-02	-1.387275218119783826e+00
2.330000000000000000e+02	-1.160145000000000204e+00	8.065763904606568224e-02	-1.393579625853916371e+00
2.340000000000000000e+02	-1.186229000000000200e+00	7.792981812439246647e-02	-1.399673897750667750e+00
2.350000000000000000e+02	-1.211243000000000070e+00	7.519030028912598862e-02	-1.405557114863675183e+00
2.360000000000000000e+02	-1.236719000000000124e+00	7.243949862816120855e-02	-1.411228390071218586e+00
2.370000000000000000e+02	-1.259951000000000043e+00	6.967782793086491067e-02	-1.416686868209989125e+00
2.380000000000000000e+02	-1.288141000000000203e+00	6.690570462552998532e-02	-1.421931726204036073e+00
2.390000000000000000e+02	-1.317085000000000061e+00	6.412354671658286598e-02	-1.426962173188879301e+00
2.400000000000000000e+02	-1.345226000000000033e+00	6.133177372155295543e-02	-1.431777450630762116e+00
2.410000000000000000e+02	-1.373139000000000109e+00	5.853080660781472683e-02	-1.436376832441028206e+00
2.420000000000000000e+02	-1.399220000000000130e+00	5.572106772911030598e-02	-1.440759625085608731e+00
2.430000000000000000e+02	-1.425628000000000117e+00	5.290298076186354670e-02	-1.444925167689598666e+00
2.440000000000000000e+02	-1.448894000000000126e+00	5.007697064129409265e-02	-1.448872832136910427e+00
2.450000000000000000e+02	-1.470983000000000152e+00	4.724346349734260403e-02	-1.452602023164984768e+00
2.460000000000000000e+02	-1.493549000000000015e+00	4.440288659041485148e-02	-1.456112178454550321e+00
2.470000000000000000e+02	-1.515728000000000186e+00	4.155566824695594574e-02	-1.459402768714415322e+00
2.480000000000000000e+02	-1.540533000000000152e+00	3.870223779486321736e-02	-1.462473297761278435e+00
2.490000000000000000e+02	-1.563254000000000143e+00	3.584302549874909122e-02	-1.465323302594547128e+00
2.500000000000000000e+02	-1.587296000000000040e+00	3.297846249506171390e-02	-1.467952353466152715e+00
2.510000000000000000e+02	-1.609716000000000147e+00	3.010898072707471340e-02	-1.470360053945352741e+00
2.520000000000000000e+02	-1.631288000000000071e+00	2.723501287975469559e-02	-1.472546040978506499e+00
2.530000000000000000e+02	-1.656584000000000056e+00	2.435699231451793345e-02	-1.474509984943820795e+00
2.540000000000000000e+02	-1.678545000000000176e+00	2.147535300388401375e-02	-1.476251589701051747e+00
2.550000000000000000e+02	-1.698155000000000081e+00	1.859052946603796663e-02	-1.477770592636160618e+00
2.560000000000000000e+02	-1.713860000000000161e+00	1.570295669930947199e-02	-1.479066764700912362e+00
2.570000000000000000e+02	-1.731157000000000057e+00	1.281307011658074438e-02	-1.480139910447413554e+00
2.580000000000000000e+02	-1.747477000000000169e+00	9.921305479630927043e-03	-1.480989868057583703e+00
2.590000000000000000e+02	-1.766452000000000133e+00	7.028098833427909135e-03	-1.481616509367555512e+00
2.600000000000000000e+02	-1.784580000000000055e+00	4.133886440378359457e-03	-1.482019739887000753e+00
2.610000000000000000e+02	-1.803054000000000157e+00	1.239104714543945267e-03	-1.482199498813377980e+00
2.620000000000000000e+02	-1.824275000000000091e+00	-1.655809844164704992e-03	-1.482155759041100751e+00
2.630000000000000000e+02	-1.841903000000000068e+00	-4.550420715807601026e-03	-1.481888527165626135e+00
2.640000000000000000e+02	-1.859307000000000043e+00	-7.444291426236968046e-03	-1.481397843482458176e+00
2.650000000000000000e+02	-1.873125000000000151e+00	-1.033698561291296336e-02	-1.480683781981072977e+00
2.660000000000000000e+02	-1.886492000000000058e+00	-1.322806709070193862e-02	-1.479746450333762287e+00
2.670000000000000000e+02	-1.901341000000000170e+00	-1.611709991764858144e-02	-1.478585989879396712e+00
2.680000000000000000e+02	-1.912158000000000024e+00	-1.900364846071033592e-02	-1.477202575602113876e+00
2.690000000000000000e+02	-1.922017000000000087e+00	-2.188727746144628408e-02	-1.475596416104933306e+00
2.700000000000000000e+02	-1.935587000000000168e+00	-2.476755210164893403e-02	-1.473767753578300921e+00
2.710000000000000000e+02	-1.947494000000000058e+00	-2.764403806891023441e-02	-1.471716863763569139e+00
2.720000000000000000e+02	-1.960662000000000127e+00	-3.051630162211028605e-02	-1.469444055911419689e+00
2.730000000000000000e+02	-1.974194999999999922e+00	-3.338390965682093425e-02	-1.466949672735230248e+00
2.740000000000000000e+02	-1.986048999999999953e+00	-3.624642977061277860e-02	-1.464234090359398888e+00
2.750000000000000000e+02	-1.998566999999999982e+00	-3.910343032825687459e-02	-1.461297718262627665e+00
2.760000000000000000e+02	-2.007217000000000251e+00	-4.195448052680979950e-02	-1.458140999216178235e+00
2.770000000000000000e+02	-2.013687000000000005e+00	-4.479915046057418582e-02	-1.454764409217107257e+00
2.780000000000000000e+02	-2.016945000000000210e+00	-4.763701118592335998e-02	-1.451168457416491808e+00
2.790000000000000000e+02	-2.024834999999999940e+00	-5.046763478598158964e-02	-1.447353686042654131e+00
2.800000000000000000e+02	-2.030240000000000045e+00	-5.329059443514836542e-02	-1.443320670319400589e+00
2.810000000000000000e+02	-2.034667999999999921e+00	-5.610546446345916066e-02	-1.439070018379285054e+00
2.820000000000000000e+02	-2.041439000000000004e+00	-5.891182042077185849e-02	-1.434602371171907809e+00
2.830000000000000000e+02	-2.048580999999999985e+00	-6.170923914076837519e-02	-1.429918402367269303e+00
2.840000000000000000e+02	-2.056448000000000054e+00	-6.449729880476372246e-02	-1.425018818254187858e+00
2.850000000000000000e+02	-2.063790000000000013e+00	-6.727557900531115631e-02	-1.419904357633799519e+00
2.860000000000000000e+02	-2.068316999999999961e+00	-7.004366080959528729e-02	-1.414575791708154284e+00
2.870000000000000000e+02	-2.073924000000000323e+00	-7.280112682260170276e-02	-1.409033923963929791e+00
2.880000000000000000e+02	-2.075553000000000203e+00	-7.554756125005576695e-02	-1.403279590051272896e+00
2.890000000000000000e+02	-2.075528000000000262e+00	-7.828254996111939923e-02	-1.397313657657793806e+00
2.900000000000000000e+02	-2.074304000000000148e+00	-8.100568055083769148e-02	-1.391137026377728736e+00
2.910000000000000000e+02	-2.077097999999999889e+00	-8.371654240232428990e-02	-1.384750627576291526e+00
2.920000000000000000e+02	-2.079938999999999982e+00	-8.641472674867799186e-02	-1.378155424249234651e+00
2.930000000000000000e+02	-2.081736999999999949e+00	-8.909982673462003844e-02	-1.371352410877639594e+00
2.940000000000000000e+02	-2.084935000000000205e+00	-9.177143747784355376e-02	-1.364342613277961469e+00
2.950000000000000000e+02	-2.088980999999999977e+00	-9.442915613006459818e-02	-1.357127088447346752e+00
2.960000000000000000e+02	-2.091769999999999907e+00	-9.707258193776743815e-02	-1.349706924404251662e+00
2.970000000000000000e+02	-2.093828999999999940e+00	-9.970131630263340261e-02	-1.342083240024379842e+00
2.980000000000000000e+02	-2.093552000000000302e+00	-1.023149628416453599e-01	-1.334257184871969759e+00
2.990000000000000000e+02	-2.092312000000000172e+00	-1.049131274468570602e-01	-1.326229939026452698e+00
3.000000000000000000e+02	-2.089739999999999931e+00	-1.074954183448205147e-01	-1.318002712904511542e+00
3.010000000000000000e+02	-2.085650000000000226e+00	-1.100614461556611301e-01	-1.309576747077562553e+00
3.020000000000000000e+02	-2.081423000000000023e+00	-1.126108239517912002e-01	-1.300953312084692337e+00
3.030000000000000000e+02	-2.080417000000000183e+00	-1.151431673162545272e-01	-1.292133708241074652e+00
3.040000000000000000e+02	-2.081182000000000087e+00	-1.176580944006919011e-01	-1.283119265441898138e+00
3.050000000000000000e+02	-2.082269000000000148e+00	-1.201552259829198471e-01	-1.273911342961832283e+00
3.060000000000000000e+02	-2.080728000000000133e+00	-1.226341855241123852e-01	-1.264511329250066041e+00
3.070000000000000000e+02	-2.079810000000000159e+00	-1.250945992255791395e-01	-1.254920641720944863e+00
3.080000000000000000e+02	-2.078631000000000117e+00	-1.275360960851298631e-01	-1.245140726540240106e+00
3.090000000000000000e+02	-2.074883999999999951e+00	-1.299583079530174379e-01	-1.235173058407084579e+00
3.100000000000000000e+02	-2.070845000000000269e+00	-1.323608695874502472e-01	-1.225019140331604861e+00
3.110000000000000000e+02	-2.065351000000000159e+00	-1.347434187096668012e-01	-1.214680503408284817e+00
3.120000000000000000e+02	-2.061659000000000130e+00	-1.371055960585629563e-01	-1.204158706585093830e+00
3.130000000000000000e+02	-2.056300000000000239e+00	-1.394470454448649421e-01	-1.193455336428413727e+00
3.140000000000000000e+02	-2.052475000000000271e+00	-1.417674138048377608e-01	-1.182572006883805482e+00
3.150000000000000000e+02	-2.048181000000000029e+00	-1.440663512535238222e-01	-1.171510359032643445e+00
3.160000000000000000e+02	-2.045853000000000144e+00	-1.463435111375012143e-01	-1.160272060844659281e+00
3.170000000000000000e+02	-2.047179000000000304e+00	-1.485985500871555010e-01	-1.148858806926429832e+00
3.180000000000000000e+02	-2.045603999999999978e+00	-1.508311280684553612e-01	-1.137272318265852400e+00
3.190000000000000000e+02	-2.042416999999999927e+00	-1.530409084342261861e-01	-1.125514341972637666e+00
3.200000000000000000e+02	-2.035985000000000156e+00	-1.552275579749124723e-01	-1.113586651014866202e+00
3.210000000000000000e+02	-2.030832000000000193e+00	-1.573907469688223260e-01	-1.101491043951644766e+00
3.220000000000000000e+02	-2.024262000000000228e+00	-1.595301492318451642e-01	-1.089229344661904797e+00
3.230000000000000000e+02	-2.016955000000000275e+00	-1.616454421666368158e-01	-1.076803402069382853e+00
3.240000000000000000e+02	-2.011296000000000195e+00	-1.637363068112638043e-01	-1.064215089863821406e+00
3.250000000000000000e+02	-2.005482000000000209e+00	-1.658024278872986534e-01	-1.051466306218441726e+00
3.260000000000000000e+02	-2.002070999999999934e+00	-1.678434938473603866e-01	-1.038558973503718619e+00
3.270000000000000000e+02	-2.000512000000000068e+00	-1.698591969220926701e-01	-1.025495037997508962e+00
3.280000000000000000e+02	-1.997095000000000287e+00	-1.718492331665714135e-01	-1.012276469591576911e+00
3.290000000000000000e+02	-1.993848999999999982e+00	-1.738133025061364134e-01	-9.989052614945551634e-01
3.300000000000000000e+02	-1.988396000000000274e+00	-1.757511087816392148e-01	-9.853834299313931622e-01
3.310000000000000000e+02	-1.979773000000000227e+00	-1.776623597941003885e-01	-9.717130138393325067e-01
3.320000000000000000e+02	-1.972358000000000056e+00	-1.795467673487698701e-01	-9.578960745604596649e-01
3.330000000000000000e+02	-1.965158000000000182e+00	-1.814040472985833374e-01	-9.439346955308780540e-01
3.340000000000000000e+02	-1.958430000000000115e+00	-1.832339195870087700e-01	-9.298309819665484532e-01
3.350000000000000000e+02	-1.950636000000000037e+00	-1.850361082902748922e-01	-9.155870605458512612e-01
3.360000000000000000e+02	-1.944116000000000177e+00	-1.868103416589781129e-01	-9.012050790889035712e-01
3.370000000000000000e+02	-1.938521000000000161e+00	-1.885563521590588598e-01	-8.866872062336940141e-01
3.380000000000000000e+02	-1.934554000000000107e+00	-1.902738765121426978e-01	-8.720356311090766699e-01
3.390000000000000000e+02	-1.929525000000000157e+00	-1.919626557352397400e-01	-8.572525630046755607e-01
3.400000000000000000e+02	-1.925196000000000129e+00	-1.936224351797962429e-01	-8.423402310377492430e-01
3.410000000000000000e+02	-1.917027000000000037e+00	-1.952529645700926964e-01	-8.273008838170666790e-01
3.420000000000000000e+02	-1.913322000000000189e+00	-1.968539980409828860e-01	-8.121367891038379083e-01
3.430000000000000000e+02	-1.902856000000000103e+00	-1.984252941749668486e-01	-7.968502334697687983e-01
3.440000000000000000e+02	-1.893037999999999998e+00	-1.999666160385943914e-01	-7.814435219522672949e-01
3.450000000000000000e+02	-1.886527000000000065e+00	-2.014777312181917635e-01	-7.659189777068722282e-01
3.460000000000000000e+02	-1.878041000000000071e+00	-2.029584118549070670e-01	-7.502789416569466407e-01
3.470000000000000000e+02	-1.870300000000000074e+00	-2.044084346790685791e-01	-7.345257721406948104e-01
3.480000000000000000e+02	-1.865020000000000122e+00	-2.058275810438513487e-01	-7.186618445555520429e-01
3.490000000000000000e+02	-1.859389000000000181e+00	-2.072156369582470181e-01	-7.026895509999977474e-01
3.500000000000000000e+02	-1.851579000000000086e+00	-2.085723931193304570e-01	-6.866112999128615169e-01
3.510000000000000000e+02	-1.843476000000000115e+00	-2.098976449438207381e-01	-6.704295157101530789e-01
3.520000000000000000e+02	-1.835228999999999999e+00	-2.111911925989299610e-01	-6.541466384194896122e-01
3.530000000000000000e+02	-1.827451000000000159e+00	-2.124528410324955374e-01	-6.377651233121671703e-01
3.540000000000000000e+02	-1.817817000000000016e+00	-2.136824000023920256e-01	-6.212874405329347205e-01
3.550000000000000000e+02	-1.806965000000000154e+00	-2.148796841052172946e-01	-6.047160747275236448e-01
3.560000000000000000e+02	-1.795976000000000017e+00	-2.160445128042491891e-01	-5.880535246679934325e-01
3.570000000000000000e+02	-1.785276000000000085e+00	-2.171767104566688644e-01	-5.713023028759405264e-01
3.580000000000000000e+02	-1.774923000000000028e+00	-2.182761063400450730e-01	-5.544649352436460399e-01
3.590000000000000000e+02	-1.766086000000000045e+00	-2.193425346780774055e-01	-5.375439606531955405e-01
3.600000000000000000e+02	-1.757455000000000211e+00	-2.203758346655936839e-01	-5.205419305936453966e-01
3.610000000000000000e+02	-1.744692000000000132e+00	-2.213758504927971771e-01	-5.034614087762883106e-01
3.620000000000000000e+02	-1.740068000000000170e+00	-2.223424313687611953e-01	-4.863049707480741612e-01
3.630000000000000000e+02	-1.729932000000000025e+00	-2.232754315441664306e-01	-4.690752035032489387e-01
3.640000000000000000e+02	-1.717046000000000072e+00	-2.241747103332785984e-01	-4.517747050932602315e-01
3.650000000000000000e+02	-1.703473000000000015e+00	-2.250401321351618300e-01	-4.344060842350086493e-01
3.660000000000000000e+02	-1.689076000000000022e+00	-2.258715664541259827e-01	-4.169719599174780411e-01
3.670000000000000000e+02	-1.676188000000000011e+00	-2.266688879194038442e-01	-3.994749610068232260e-01
3.680000000000000000e+02	-1.664233000000000073e+00	-2.274319763040556774e-01	-3.819177258499670824e-01
3.690000000000000000e+02	-1.653408000000000211e+00	-2.281607165430978579e-01	-3.643029018767682814e-01
3.700000000000000000e+02	-1.643168000000000184e+00	-2.288549987508536609e-01	-3.466331452008188929e-01
3.710000000000000000e+02	-1.633219000000000198e+00	-2.295147182375224804e-01	-3.289111202189343719e-01
3.720000000000000000e+02	-1.623198000000000141e+00	-2.301397755249660615e-01	-3.111394992093878820e-01
3.730000000000000000e+02	-1.611436000000000091e+00	-2.307300763617084471e-01	-2.933209619289690040e-01
3.740000000000000000e+02	-1.598525000000000196e+00	-2.312855317371482478e-01	-2.754581952089021346e-01
3.750000000000000000e+02	-1.584197999999999995e+00	-2.318060578949802664e-01	-2.575538925497042331e-01
3.760000000000000000e+02	-1.568757000000000179e+00	-2.322915763458250626e-01	-2.396107537150358180e-01
3.770000000000000000e+02	-1.553783000000000136e+00	-2.327420138790641801e-01	-2.216314843246077193e-01
3.780000000000000000e+02	-1.539058000000000037e+00	-2.331573025738795379e-01	-2.036187954462045369e-01
3.790000000000000000e+02	-1.525902000000000092e+00	-2.335373798094951270e-01	-1.855754031868878662e-01
3.800000000000000000e+02	-1.513289000000000106e+00	-2.338821882746194569e-01	-1.675040282834334981e-01
3.810000000000000000e+02	-1.495582000000000189e+00	-2.341916759760874489e-01	-1.494073956920830559e-01
3.820000000000000000e+02	-1.489608000000000043e+00	-2.344657962467003032e-01	-1.312882341776469008e-01
3.830000000000000000e+02	-1.470423000000000036e+00	-2.347045077522627032e-01	-1.131492759020387290e-01
3.840000000000000000e+02	-1.463114000000000026e+00	-2.349077744978151361e-01	-9.499325601229695326e-02
3.850000000000000000e+02	-1.447988000000000053e+00	-2.350755658330617726e-01	-7.682291222815590404e-02
3.860000000000000000e+02	-1.431811000000000167e+00	-2.352078564569921593e-01	-5.864098442923033894e-02
3.870000000000000000e+02	-1.414864000000000122e+00	-2.353046264216961947e-01	-4.045021424186773240e-02
3.880000000000000000e+02	-1.398666000000000187e+00	-2.353658611353722230e-01	-2.225334462575038336e-02
3.890000000000000000e+02	-1.382703000000000015e+00	-2.353915513645271351e-01	-4.053119460283206507e-03
3.900000000000000000e+02	-1.366983000000000059e+00	-2.353816932353687552e-01	1.414771686915048711e-02
3.910000000000000000e+02	-1.352486000000000077e+00	-2.353362882343900120e-01	3.234641988501086446e-02
3.920000000000000000e+02	-1.338573000000000013e+00	-2.352553432081447293e-01	5.054024543143732784e-02
3.930000000000000000e+02	-1.325545000000000195e+00	-2.351388703622152021e-01	6.872645008803578148e-02
3.940000000000000000e+02	-1.313456000000000179e+00	-2.349868872593718905e-01	8.690229158355367023e-02
3.950000000000000000e+02	-1.300361000000000100e+00	-2.347994168169250107e-01	1.050650292093883165e-01
3.960000000000000000e+02	-1.285621000000000125e+00	-2.345764873032688269e-01	1.232119242328464370e-01
3.970000000000000000e+02	-1.268495000000000150e+00	-2.343181323336193389e-01	1.413402403101190197e-01
3.980000000000000000e+02	-1.250663000000000080e+00	-2.340243908649451976e-01	1.594472438988891461e-01
3.990000000000000000e+02	-1.233096000000000192e+00	-2.336953071900937096e-01	1.775302046705189984e-01
4.000000000000000000e+02	-1.217248000000000108e+00	-2.333309309311117352e-01	1.955863959217520320e-01
4.010000000000000000e+02	-1.202471000000000068e+00	-2.329313170317635073e-01	2.136130949858685846e-01
4.020000000000000000e+02	-1.181049000000000015e+00	-2.324965257492455362e-01	2.316075836432315571e-01
4.030000000000000000e+02	-1.173854000000000175e+00	-2.320266226451004887e-01	2.495671485311679039e-01
4.040000000000000000e+02	-1.159640000000000004e+00	-2.315216785753315687e-01	2.674890815531050237e-01
4.050000000000000000e+02	-1.145525000000000126e+00	-2.309817696797178133e-01	2.853706802869255266e-01
4.060000000000000000e+02	-1.131176000000000181e+00	-2.304069773703335267e-01	3.032092483924607729e-01
4.070000000000000000e+02	-1.116329000000000127e+00	-2.297973883192718225e-01	3.210020960180674510e-01
4.080000000000000000e+02	-1.099596000000000018e+00	-2.291530944455759111e-01	3.387465402062267428e-01
4.090000000000000000e+02	-1.081964000000000148e+00	-2.284741929013784367e-01	3.564399052981024330e-01
4.100000000000000000e+02	-1.064310000000000089e+00	-2.277607860572520571e-01	3.740795233370041162e-01
4.110000000000000000e+02	-1.046389000000000014e+00	-2.270129814867734297e-01	3.916627344706775093e-01
4.120000000000000000e+02	-1.029907000000000128e+00	-2.262308919503019933e-01	4.091868873523844541e-01
4.130000000000000000e+02	-1.013786999999999994e+00	-2.254146353779773182e-01	4.266493395406943390e-01
4.140000000000000000e+02	-9.913640000000001340e-01	-2.245643348519362759e-01	4.440474578979339837e-01
4.150000000000000000e+02	-9.840570000000001816e-01	-2.236801185877539122e-01	4.613786189872348120e-01
4.160000000000000000e+02	-9.692399000000001541e-01	-2.227621199151099129e-01	4.786402094681168617e-01
4.170000000000000000e+02	-9.521678000000001196e-01	-2.218104772576839911e-01	4.958296264905494022e-01
4.180000000000000000e+02	-9.332335000000000491e-01	-2.208253341122831670e-01	5.129442780874358121e-01
4.190000000000000000e+02	-9.131837000000001536e-01	-2.198068390272041872e-01	5.299815835654453355e-01
4.200000000000000000e+02	-8.933151000000001396e-01	-2.187551455798341093e-01	5.469389738941564660e-01
4.210000000000000000e+02	-8.738283000000001133e-01	-2.176704123534926039e-01	5.638138920934367970e-01
4.220000000000000000e+02	-8.548119000000000689e-01	-2.165528029135192767e-01	5.806037936190056037e-01
4.230000000000000000e+02	-8.350082000000000892e-01	-2.154024857826100647e-01	5.973061467461222573e-01
4.240000000000000000e+02	-8.148388000000000853e-01	-2.142196344154058685e-01	6.139184329513416305e-01
4.250000000000000000e+02	-7.944776000000001170e-01	-2.130044271723376681e-01	6.304381472922769847e-01
4.260000000000000000e+02	-7.731413000000001423e-01	-2.117570472927314817e-01	6.468627987853211581e-01
4.270000000000000000e+02	-7.518820000000000503e-01	-2.104776828671784672e-01	6.631899107812517791e-01
4.280000000000000000e+02	-7.292738000000000831e-01	-2.091665268091726371e-01	6.794170213386858670e-01
4.290000000000000000e+02	-7.057576000000000960e-01	-2.078237768260219331e-01	6.955416835953114330e-01
4.300000000000000000e+02	-6.827743000000000562e-01	-2.064496353890361569e-01	7.115614661368462324e-01
4.310000000000000000e+02	-6.583584000000001213e-01	-2.050443097029964745e-01	7.274739533636669364e-01
4.320000000000000000e+02	-6.320311000000000679e-01	-2.036080116749117430e-01	7.432767458550535444e-01
4.330000000000000000e+02	-6.050078000000000955e-01	-2.021409578820645703e-01	7.589674607309977450e-01
4.340000000000000000e+02	-5.773422000000001386e-01	-2.006433695393548544e-01	7.745437320115082791e-01
4.350000000000000000e+02	-5.500021000000000493e-01	-1.991154724659425779e-01	7.900032109733775565e-01
4.360000000000000000e+02	-5.245366000000001305e-01	-1.975574970511969064e-01	8.053435665043413572e-01
4.370000000000000000e+02	-4.981394000000001210e-01	-1.959696782199562559e-01	8.205624854545835456e-01
4.380000000000000000e+02	-4.690149000000001234e-01	-1.943522553971042122e-01	8.356576729855327290e-01
4.390000000000000000e+02	-4.388067000000001050e-01	-1.927054724714671041e-01	8.506268529158977909e-01
4.400000000000000000e+02	-4.081157000000000812e-01	-1.910295777590383659e-01	8.654677680648882321e-01
4.410000000000000000e+02	-3.765473000000000847e-01	-1.893248239655348775e-01	8.801781805925766866e-01
4.420000000000000000e+02	-3.445014000000001242e-01	-1.875914681482926394e-01	8.947558723373315592e-01
4.430000000000000000e+02	-3.121997000000000799e-01	-1.858297716775048625e-01	9.091986451502956923e-01
4.440000000000000000e+02	-2.798714000000001034e-01	-1.840400001968106325e-01	9.235043212268408963e-01
4.450000000000000000e+02	-2.493139000000000882e-01	-1.822224235832387573e-01	9.376707434349554893e-01
4.460000000000000000e+02	-2.180215000000000902e-01	-1.803773159065134024e-01	9.516957756405155511e-01
4.470000000000000000e+02	-1.862197000000000990e-01	-1.785049553877275930e-01	9.655773030293887116e-01
4.480000000000000000e+02	-1.545684000000001057e-01	-1.766056243573907447e-01	9.793132324263241761e-01
4.490000000000000000e+02	-1.237505000000000965e-01	-1.746796092128559408e-01	9.929014926105822481e-01
4.500000000000000000e+02	-9.277600000000010838e-02	-1.727272003751352536e-01	1.006340034628245395e+00
4.510000000000000000e+02	-6.096842000000010642e-02	-1.707486922451071920e-01	1.019626832101180991e+00
4.520000000000000000e+02	-2.715788000000010638e-02	-1.687443831591242949e-01	1.032759881532594681e+00
4.530000000000000000e+02	7.325329999999897340e-03	-1.667145753440277545e-01	1.045737202609134497e+00
4.540000000000000000e+02	4.142825999999989739e-02	-1.646595748715747598e-01	1.058556838499500552e+00
4.550000000000000000e+02	7.592063999999990043e-02	-1.625796916122867475e-01	1.071216856149510344e+00
4.560000000000000000e+02	1.089757399999998905e-01	-1.604752391887238061e-01	1.083715346573586036e+00
4.570000000000000000e+02	1.402879999999999128e-01	-1.583465349281948653e-01	1.096050425142601092e+00
4.580000000000000000e+02	1.894991999999998955e-01	-1.561938998149078051e-01	1.108220231868065619e+00
4.590000000000000000e+02	2.067663999999999058e-01	-1.540176584415688388e-01	1.120222931682589351e+00
4.600000000000000000e+02	2.414459999999998829e-01	-1.518181389604377207e-01	1.132056714716589418e+00
4.610000000000000000e+02	2.752457999999998739e-01	-1.495956730338460494e-01	1.143719796571197378e+00
4.620000000000000000e+02	3.078160999999998704e-01	-1.473505957841864666e-01	1.155210418587326426e+00
4.630000000000000000e+02	3.410882999999998999e-01	-1.450832457433801626e-01	1.166526848110856607e+00
4.640000000000000000e+02	3.730070999999998693e-01	-1.427939648018294871e-01	1.177667378753902039e+00
4.650000000000000000e+02	4.192305999999998978e-01	-1.404830981568657988e-01	1.188630330652109102e+00
4.660000000000000000e+02	4.358025999999998734e-01	-1.381509942606969910e-01	1.199414050717965807e+00
4.670000000000000000e+02	4.691930999999999186e-01	-1.357980047678651325e-01	1.210016912890065299e+00
4.680000000000000000e+02	5.007443999999998674e-01	-1.334244844822207732e-01	1.220437318378299718e+00
4.690000000000000000e+02	5.327383999999999453e-01	-1.310307913034228777e-01	1.230673695904936915e+00
4.700000000000000000e+02	5.656058999999998838e-01	-1.286172861729716344e-01	1.240724501941553148e+00
4.710000000000000000e+02	5.961434999999999373e-01	-1.261843330197820190e-01	1.250588220941779571e+00
4.720000000000000000e+02	6.245734999999998927e-01	-1.237322987053084411e-01	1.260263365569827210e+00
4.730000000000000000e+02	6.538660999999998946e-01	-1.212615529682255638e-01	1.269748476924761338e+00
4.740000000000000000e+02	6.833021999999998597e-01	-1.187724683686762345e-01	1.279042124760487953e+00
4.750000000000000000e+02	7.273985999999998953e-01	-1.162654202320935332e-01	1.288142907701417039e+00
4.760000000000000000e+02	7.416496999999998563e-01	-1.137407865926061135e-01	1.297049453453774204e+00
4.770000000000000000e+02	7.687605999999999051e-01	-1.111989481360349113e-01	1.305760419012528040e+00
4.780000000000000000e+02	7.973526999999999143e-01	-1.086402881424902850e-01	1.314274490863897693e+00
4.790000000000000000e+02	8.290018999999998472e-01	-1.060651924285770792e-01	1.322590385183419093e+00
4.800000000000000000e+02	8.723243999999998888e-01	-1.034740492892189667e-01	1.330706848029527434e+00
4.810000000000000000e+02	8.884771999999998560e-01	-1.008672494391072427e-01	1.338622655532638150e+00
4.820000000000000000e+02	9.198493999999999282e-01	-9.824518595378582686e-02	1.346336614079694183e+00
4.830000000000000000e+02	9.480942999999999454e-01	-9.560825421037988381e-02	1.353847560494147118e+00
4.840000000000000000e+02	9.763964999999998895e-01	-9.295685182797748525e-02	1.361154362211352220e+00
4.850000000000000000e+02	1.003023199999999893e+00	-9.029137860767329216e-02	1.368255917449344938e+00
4.860000000000000000e+02	1.026947899999999914e+00	-8.761223647228319478e-02	1.375151155374977563e+00
4.870000000000000000e+02	1.053733999999999948e+00	-8.491982940573827854e-02	1.381839036265390508e+00
4.880000000000000000e+02	1.079015999999999975e+00	-8.221456339216984266e-02	1.388318551664786682e+00
4.890000000000000000e+02	1.105190999999999812e+00	-7.949684635469084215e-02	1.394588724536498514e+00
4.900000000000000000e+02	1.134667999999999788e+00	-7.676708809388588239e-02	1.400648609410311662e+00
4.910000000000000000e+02	1.164119999999999822e+00	-7.402570022601812072e-02	1.406497292525032750e+00
4.920000000000000000e+02	1.193471999999999866e+00	-7.127309612096219271e-02	1.412133891966272925e+00
4.930000000000000000e+02	1.218941999999999970e+00	-6.850969083987291930e-02	1.417557557799430601e+00
4.940000000000000000e+02	1.242972999999999884e+00	-6.573590107259810744e-02	1.422767472197853156e+00
4.950000000000000000e+02	1.269108999999999821e+00	-6.295214507484769850e-02	1.427762849566153847e+00
4.960000000000000000e+02	1.305764999999999842e+00	-6.015884260512473908e-02	1.432542936658671717e+00
4.970000000000000000e+02	1.331315999999999944e+00	-5.735641486143087941e-02	1.437107012693052299e+00
4.980000000000000000e+02	1.343846999999999792e+00	-5.454528441775449710e-02	1.441454389458932894e+00
4.990000000000000000e+02	1.367958999999999925e+00	-5.172587516035140331e-02	1.445584411421717563e+00
5.000000000000000000e+02	1.393982999999999972e+00	-4.889861222382763800e-02	1.449496455821424057e+00
5.010000000000000000e+02	1.418870999999999993e+00	-4.606392192703424177e-02	1.453189932766587811e+00
5.020000000000000000e+02	1.455518999999999785e+00	-4.322223170878247700e-02	1.456664285323212349e+00
5.030000000000000000e+02	1.466705999999999843e+00	-4.037397006339215472e-02	1.459918989598747885e+00
5.040000000000000000e+02	1.490025999999999851e+00	-3.751956647607878476e-02	1.462953554821087687e+00
5.050000000000000000e+02	1.524894999999999889e+00	-3.465945135819232387e-02	1.465767523412571993e+00
5.060000000000000000e+02	1.546350999999999809e+00	-3.179405598231608426e-02	1.468360471058985040e+00
5.070000000000000000e+02	1.555254999999999832e+00	-2.892381241723579466e-02	1.470732006773536105e+00
5.080000000000000000e+02	1.570908999999999889e+00	-2.604915346278852475e-02	1.472881772955817015e+00
5.090000000000000000e+02	1.590479999999999894e+00	-2.317051258460170113e-02	1.474809445445723455e+00
5.100000000000000000e+02	1.612185999999999897e+00	-2.028832384873056893e-02	1.476514733572334981e+00
5.110000000000000000e+02	1.646093999999999946e+00	-1.740302185620729372e-02	1.477997380197744182e+00
