0	1.9473425	-0.024758880000000007
1	1.9646835	-0.02133460000000001
2	1.9828095	-0.017742660000000007
3	1.9961065	-0.014148430000000009
4	2.0105445	-0.01056108000000001
5	2.0241185	-0.006939284000000008
6	2.0368805	-0.0032646650000000086
7	2.0507595	0.0004168429999999914
8	2.0695955	0.004167250999999992
9	2.0854035	0.00790158099999999
10	2.0984305	0.011679549999999992
11	2.1145115	0.01705137999999999
12	2.1265875	0.018849649999999992
13	2.1378125	0.022565609999999993
14	2.1472805	0.02614375999999999
15	2.1562915	0.02979310999999999
16	2.1653205	0.03353202999999999
17	2.1729225	0.03728013999999999
18	2.1902485	0.04102367999999999
19	2.1968535	0.04483838999999999
20	2.2049685	0.04867375999999999
21	2.2160165	0.05234377999999999
22	2.2250285	0.05598394999999999
23	2.2335485	0.05972975999999999
24	2.2380055	0.06323213999999999
25	2.2428415	0.06687691999999999
26	2.2450805	0.07054693999999999
27	2.2460554999999998	0.07426058999999999
28	2.2527535	0.078011
29	2.2593855	0.0817729
30	2.2627145	0.08745475999999999
31	2.2700385	0.08923466
32	2.2748815	0.09286333999999999
33	2.2791785	0.09658847999999999
34	2.2808475	0.10014825
35	2.2813265	0.10365985
36	2.2790445	0.10714615
37	2.2743415	0.11077944999999999
38	2.2743965	0.11438744999999999
39	2.2752275	0.11808964999999999
40	2.2746695	0.12186064999999999
41	2.2744715	0.12542965
42	2.2766115	0.12896185
43	2.2784115	0.13247345
44	2.2757495	0.13598264999999998
45	2.2722365	0.13935645
46	2.2664915	0.14272325
47	2.2578275	0.14603044999999998
48	2.2502735	0.14938585
49	2.2462065	0.15275275
50	2.2424345	0.15614255
51	2.2367575	0.15961504999999998
52	2.2357795	0.16296585
53	2.2323805	0.16613295
54	2.2305315	0.16931834999999998
55	2.2250345	0.17250835
56	2.2199235	0.17695005
57	2.2121745	0.17851404999999998
58	2.2021305	0.18142624999999998
59	2.1920195	0.18442334999999999
60	2.1867745	0.18742504999999998
61	2.1811435	0.19042674999999998
62	2.1739975	0.19338714999999998
63	2.1709675	0.19634515
64	2.1684705	0.19918614999999998
65	2.1650935	0.20192374999999999
66	2.1590135	0.20457404999999998
67	2.1504585	0.20719215
68	2.1418705	0.20984945
69	2.1328825	0.21237114999999998
70	2.1235355	0.21485605
71	2.1138735	0.21740535
72	2.1072975	0.21986735
73	2.1029095	0.22237525
74	2.0979745	0.22475225
75	2.0909195	0.22705575
76	2.0850215	0.22928125
77	2.0798235	0.23143095
78	2.0701955	0.23356905
79	2.0628895	0.23567734999999998
80	2.0532845	0.23770995
81	2.0446945	0.23968504999999998
82	2.0376775	0.24169235
83	2.0308425	0.24366735
84	2.0248795	0.24567005
85	2.0189494999999997	0.24762445
86	2.0122375	0.24941354999999998
87	2.0054515	0.25106715
88	1.9988995	0.25271615
89	1.9902675	0.25429855
90	1.9806645	0.25580045
91	1.9694235	0.25733695
92	1.9581884999999999	0.25891705
93	1.9492375	0.26043745
94	1.9430685	0.26191875
95	1.9362645	0.26335415
96	1.9295095	0.26475745
97	1.9233765	0.26611235
98	1.9163094999999999	0.26736404999999996
99	1.9052955	0.26847794999999997
100	1.8933965	0.26956884999999997
101	1.8815545	0.27064365
102	1.8700984999999999	0.27174375
103	1.8584384999999999	0.27285535
104	1.8465025	0.27391875
105	1.8355985	0.27491775
106	1.8268775	0.27584555
107	1.8182835	0.27672515
108	1.8085265	0.27752905
109	1.7971215	0.27828685
110	1.7828465	0.27893914999999997
111	1.7681685	0.27956844999999997
112	1.7538385	0.28015175
113	1.7405245	0.28073044999999996
114	1.7274895	0.28130695
115	1.7150035	0.28189264999999997
116	1.7021145	0.28247135
117	1.6904735	0.28300644999999996
118	1.6785645	0.28347035
119	1.6665245	0.28381485
120	1.6529825	0.28410655
121	1.6380934999999999	0.28430865
122	1.6212075	0.28449694999999997
123	1.6028955	0.28466925
124	1.5841615	0.28483454999999996
125	1.5661525	0.28497015
126	1.5504255	0.28505965
127	1.5350055	0.28511015
128	1.5204245	0.28512395
129	1.5050545	0.28507115
130	1.4885895	0.28494484999999997
131	1.4707284999999999	0.28471745
132	1.4522375	0.28440745
133	1.4334285	0.28404915
134	1.4145524999999999	0.28366094999999997
135	1.3950955	0.28326134999999997
136	1.3762345	0.28288705
137	1.3579575	0.28247595
138	1.3407345	0.28202805
139	1.3252035	0.28153425
140	1.3093955	0.28094635
141	1.2929745	0.28029185
142	1.2754085	0.27957755
143	1.2558955	0.27880135
144	1.2352965	0.27799524999999997
145	1.2143045	0.27716155
146	1.1935405	0.27630715
147	1.1737865	0.27543675
148	1.1547785	0.27454334999999996
149	1.1362185	0.27359025
150	1.1174785	0.27260734999999997
151	1.0988065	0.27103865
152	1.0797065	0.27047594999999997
153	1.0593495	0.26929785
154	1.0380955	0.26808525
155	1.0161776	0.26683815
156	0.9943961	0.26552905
157	0.9722909	0.26424985
158	0.9393045999999999	0.26298204999999997
159	0.9291336	0.26171205
160	0.9090349999999999	0.25969105
161	0.888007	0.25895144999999997
162	0.8673624	0.25753905
163	0.8468854	0.25609215
164	0.8248501	0.25467744999999997
165	0.8007976	0.25316165
166	0.7752804999999999	0.25158845
167	0.7374647	0.25003825
168	0.7258799	0.24854315
169	0.7017605	0.24697685
170	0.6770151999999999	0.24541515
171	0.6498977	0.24387865
172	0.6241074	0.24237894999999998
173	0.5989228	0.24083564999999998
174	0.5728009	0.23926475
175	0.5439281	0.23760425
176	0.5155951	0.23590704999999998
177	0.48650089999999996	0.23423734999999998
178	0.4557424	0.23254244999999998
179	0.4222571	0.23089574999999998
180	0.38915049999999995	0.22927205
181	0.3564675	0.22755875
182	0.3250475	0.22583855
183	0.2943073	0.22413444999999999
184	0.2612069	0.22238675
185	0.22847859999999998	0.22056094999999998
186	0.19341139999999998	0.21879935
187	0.15682529999999997	0.21704705
188	0.12187989999999999	0.21521205
189	0.08673622999999998	0.21333335
190	0.04931516999999998	0.21148925
191	0.01269585499999998	0.20964734999999998
192	-0.02227795000000002	0.20769975
193	-0.058496540000000014	0.20577284999999998
194	-0.09688970000000002	0.20386664999999998
195	-0.13468510000000003	0.20189615
196	-0.17127570000000003	0.19988204999999998
197	-0.20898970000000003	0.19784954999999999
198	-0.24781340000000002	0.19575955
199	-0.2846688	0.19369945
200	-0.3217766	0.19166005
201	-0.36107540000000005	0.18951954999999998
202	-0.400355	0.18740664999999998
203	-0.4377066	0.18530985
204	-0.47486140000000004	0.18306604999999998
205	-0.5117635	0.18081994999999998
206	-0.5494944	0.17856924999999998
207	-0.5892328	0.17615775
208	-0.6279357	0.17375315
209	-0.6661231	0.17134405
210	-0.7058054	0.16888665
211	-0.7424484	0.16665425
212	-0.7782976	0.16420835
213	-0.8166903	0.16167284999999998
214	-0.8505946	0.15912355
215	-0.8841983	0.15657664999999998
216	-0.9185411	0.15406645
217	-0.9519487	0.15143905
218	-0.9921945000000001	0.14886685
219	-1.0274075	0.14615675
220	-1.0608245	0.14337095
221	-1.0942425	0.14064944999999998
222	-1.1282375	0.13775574999999998
223	-1.1651855	0.13487115
224	-1.1987375	0.13195664999999998
225	-1.2327385	0.12910885
226	-1.2649565	0.12630005
227	-1.2945025000000001	0.12342924999999999
228	-1.3276295	0.12048505
229	-1.3559635	0.11754524999999999
230	-1.3846295	0.11459644999999999
231	-1.4119245	0.11155564999999999
232	-1.4416025000000001	0.10842534999999999
233	-1.4742395	0.10525594999999999
234	-1.5063255	0.10211654999999999
235	-1.5352655	0.09898844999999999
236	-1.5643985	0.09578925999999999
237	-1.5940565	0.09261989999999999
238	-1.6204175	0.08952861999999999
239	-1.6462835	0.08635697999999999
240	-1.6704115	0.08304292999999999
241	-1.6963455	0.07981387
242	-1.7208795000000001	0.07641252999999999
243	-1.7453625	0.0730342
244	-1.7695515	0.06953182999999999
245	-1.7976135	0.06612362999999999
246	-1.8248795	0.06260975999999999
247	-1.8467765	0.05921533999999999
248	-1.8696305	0.05569918999999999
249	-1.8901255000000001	0.05234608999999999
250	-1.9094185000000001	0.04888964999999999
251	-1.9268005	0.04533673999999999
252	-1.9463965	0.04179073999999999
253	-1.9639765	0.038189619999999994
254	-1.9831504999999998	0.034542569999999995
255	-1.9999275	0.03080593999999999
256	-2.0209695	0.027177249999999993
257	-2.0419085	0.02347047999999999
258	-2.0584095000000002	0.01982800999999999
259	-2.0737155	0.01620621999999999
260	-2.0881635	0.012646429999999991
261	-2.1009685	0.008976409999999992
262	-2.1115715	0.005260448999999992
263	-2.1263485	0.0014893719999999914
264	-2.1372495	-0.0022196958000000088
265	-2.1500605	-0.006105604000000008
266	-2.1622615	-0.009872090000000009
267	-2.1782505	-0.013771780000000008
268	-2.1908555	-0.01771281000000001
269	-2.2019965	-0.021525220000000008
270	-2.2112835	-0.02517228000000001
271	-2.2193675	-0.028950250000000007
272	-2.2247815	-0.03272134000000001
273	-2.2317005	-0.03657279000000001
274	-2.2372985	-0.04045179000000001
275	-2.2406475	-0.04433770000000001
276	-2.2449335	-0.04821443000000001
277	-2.2546855	-0.05217154000000001
278	-2.2617365	-0.05619065000000001
279	-2.2671505	-0.06001225000000001
280	-2.2730425	-0.06381088000000001
281	-2.2744445	-0.06758884000000001
282	-2.2752235	-0.07129564000000001
283	-2.2765365	-0.07510805000000001
284	-2.2748875	-0.07887223000000002
285	-2.2719745000000002	-0.08270992
286	-2.2735725	-0.08650166000000001
287	-2.2760795	-0.09026355000000001
288	-2.2774375	-0.09419540000000001
289	-2.2798825	-0.09789755000000001
290	-2.2806895	-0.10162500000000001
291	-2.2813265	-0.10535245000000001
292	-2.2800615	-0.10893755000000001
293	-2.2791715	-0.11247435000000001
294	-2.2759735	-0.11599735000000001
295	-2.2695665	-0.11962375000000001
296	-2.2665375	-0.12316745000000001
297	-2.2662035	-0.12683745000000002
298	-2.2629215	-0.13052815
299	-2.2621205	-0.13402595
300	-2.2624605	-0.13748235
301	-2.2626555	-0.14096865
302	-2.2593225	-0.14441365
303	-2.2579915	-0.14773685
304	-2.2509805	-0.15098895
305	-2.2429325	-0.15423175
306	-2.2366745	-0.15752515
307	-2.2337825000000002	-0.16070365
308	-2.2291315	-0.16402005
309	-2.2249105	-0.16733865
310	-2.2225695	-0.17054705
311	-2.2199115	-0.17360395
312	-2.2181575000000002	-0.17664235
313	-2.2130715	-0.17964405
314	-2.2105615	-0.18254695
315	-2.2038945	-0.18538795
316	-2.1955495	-0.18821735
317	-2.1867135	-0.19101935
318	-2.1825265	-0.19392685
319	-2.1787885	-0.19668975
320	-2.1749355	-0.19948925
321	-2.1725295	-0.20226595
322	-2.1709925	-0.20495065
323	-2.1672455	-0.20762395
324	-2.1635695	-0.21011355
325	-2.1562035	-0.21256175000000002
326	-2.1508335	-0.21498695
327	-2.1443235	-0.21741915
328	-2.1357195	-0.21978695
329	-2.1288615	-0.22215935
330	-2.1206105	-0.22462135
331	-2.1166415	-0.22699145
332	-2.1142845	-0.22930415
333	-2.1101505	-0.23153655
334	-2.1044075	-0.23362415
335	-2.0982125	-0.23564295000000002
336	-2.0913285	-0.23769385
337	-2.0806655	-0.23967355
338	-2.0710155	-0.24165325
339	-2.0618675	-0.24361455
340	-2.0529565	-0.24556675
341	-2.0464505	-0.24743385
342	-2.0421845	-0.24928035
343	-2.0310155	-0.25112225
344	-2.0248955	-0.25291365
345	-2.0171315	-0.25460855
346	-2.0077175	-0.25621845
347	-1.9969774999999998	-0.25774345
348	-1.9877515	-0.25921795000000003
349	-1.9779265	-0.26073135000000003
350	-1.9674045	-0.26226785
351	-1.9558035	-0.26372845
352	-1.9454305	-0.26518915
353	-1.9361465	-0.26662915
354	-1.9281185	-0.26802555
355	-1.9211055	-0.26932535
356	-1.9112195	-0.27051275
357	-1.8984625	-0.27157385
358	-1.8856435	-0.27261185
359	-1.8720895	-0.27365225
360	-1.8579365	-0.27469035
361	-1.8440225000000001	-0.27569165
362	-1.8305115	-0.27662865000000003
363	-1.8188225	-0.27755885
364	-1.8095865	-0.27845685000000003
365	-1.7999585	-0.27932725
366	-1.7885675	-0.28011955
367	-1.7761285	-0.28081085
368	-1.7623235	-0.28138045
369	-1.7488735	-0.28188335000000003
370	-1.7343555	-0.28238405
371	-1.7191145	-0.28285255000000004
372	-1.7033855	-0.28330045
373	-1.6883805	-0.28370695
374	-1.6746875	-0.28409045
375	-1.6628675	-0.28442805
376	-1.6516705	-0.28471975
377	-1.6393585	-0.28493105
378	-1.6262705	-0.28506885
379	-1.6120205	-0.28512395
380	-1.5972205	-0.28511245
381	-1.5818825	-0.28507115
382	-1.5659715	-0.28501145
383	-1.5497555	-0.28495175
384	-1.5347905	-0.28485295
385	-1.5200955	-0.28471515000000003
386	-1.5065105	-0.28454975
387	-1.4932455	-0.28432475
388	-1.4795935	-0.28404455
389	-1.4648995	-0.28365865
390	-1.4485775	-0.28318105
391	-1.4318485	-0.28263665
392	-1.4143335	-0.28206025
393	-1.3968105	-0.28150675000000003
394	-1.3791765	-0.28093945000000003
395	-1.3615655	-0.28033085
396	-1.3452065	-0.27967175
397	-1.3305795	-0.27898505
398	-1.3167155	-0.27826385000000003
399	-1.3022825	-0.27751065
400	-1.2856945	-0.27670905
401	-1.2673935	-0.27579045
402	-1.2488475	-0.27480745
403	-1.2306015000000001	-0.27381075
404	-1.2117235	-0.27284155
405	-1.1926775	-0.27188155
406	-1.1728565	-0.27091015
407	-1.1530575	-0.26989725000000003
408	-1.1348355	-0.26884995
409	-1.1176365	-0.26775225
410	-1.0999525	-0.26661765
411	-1.0801955	-0.26540275
412	-1.0582545	-0.26413275
413	-1.0348335	-0.26284425
414	-1.0117305	-0.26154665
415	-0.9886874999999999	-0.26025825
416	-0.9655862000000001	-0.25895145
417	-0.9423034	-0.25761715
418	-0.9200738	-0.25625755
419	-0.8982423	-0.25486575
420	-0.8760169	-0.25349005
421	-0.8528487	-0.25205005
422	-0.8285	-0.25056185
423	-0.8030867	-0.24903235
424	-0.7770594000000001	-0.24751195
425	-0.7501196	-0.24603745000000002
426	-0.7237728	-0.24454005
427	-0.696233	-0.24295315
428	-0.6687085	-0.24136615
429	-0.6417456	-0.23987105
430	-0.6142276	-0.23841955
431	-0.5864053	-0.23686935
432	-0.5558829000000001	-0.23528005000000002
433	-0.5252023	-0.23365635
434	-0.4957429	-0.23202115
435	-0.46576490000000004	-0.23035835000000002
436	-0.4321782	-0.22868645
437	-0.39606800000000003	-0.22704895
438	-0.3610881	-0.22534485
439	-0.327461	-0.22360625
440	-0.2943334	-0.22184705000000002
441	-0.259904	-0.22012915
442	-0.22535610000000003	-0.21831945
443	-0.19053240000000002	-0.21645225
444	-0.15424090000000001	-0.21457355
445	-0.11832350000000003	-0.21272945000000001
446	-0.08290450000000002	-0.21088065
447	-0.04765426000000002	-0.20901805
448	-0.009388870000000021	-0.20708425
449	0.02711822299999998	-0.20507475
450	0.06171809999999998	-0.20305825
451	0.09665116999999998	-0.20111985000000002
452	0.13347969999999998	-0.19910115
453	0.1723843	-0.19700205
454	0.2108155	-0.19491665
455	0.2482459	-0.19277855000000002
456	0.2834528	-0.19060595
457	0.3188796	-0.18849295000000002
458	0.3575351	-0.18631345000000002
459	0.3966362	-0.18410415000000002
460	0.4326292	-0.18194295000000002
461	0.4695973	-0.17959585
462	0.5057894000000001	-0.17720045
463	0.541141	-0.17483715
464	0.5791907	-0.17242805
465	0.6174818	-0.16999355000000002
466	0.6543732999999999	-0.16747415000000002
467	0.6925821999999999	-0.16494555
468	0.7273996	-0.16249045
469	0.7603717	-0.15992515000000002
470	0.7952899	-0.15747925000000002
471	0.8306766999999999	-0.15490005
472	0.8650275	-0.15233935
473	0.8972418	-0.14969595000000002
474	0.9293083	-0.14693075
475	0.9648751	-0.14413345
476	0.9986113	-0.14118685
477	1.0355405	-0.13833905000000002
478	1.0702155	-0.13558305
479	1.1039805	-0.13279035
480	1.1372035	-0.12987365
481	1.1671945	-0.12701655
482	1.1973305	-0.12417795000000001
483	1.2235734999999999	-0.12123145
484	1.2513665	-0.11836975000000001
485	1.2829735	-0.11531525000000001
486	1.3144855	-0.11229285000000001
487	1.3441285	-0.10912815000000001
488	1.3746114999999999	-0.10599545
489	1.4067175	-0.10283765
490	1.4354055	-0.09974177000000001
491	1.4667315	-0.09668496000000001
492	1.4930825	-0.09355233
493	1.5204765	-0.09031637
494	1.5456455	-0.08716077000000001
495	1.5703004999999999	-0.08392943000000001
496	1.5942075	-0.08063606000000001
497	1.6201465	-0.07723244000000001
498	1.6481835	-0.07384260000000001
499	1.6753145	-0.07040914000000001
500	1.6997375	-0.0669527
501	1.7253835	-0.06358352
502	1.7489845	-0.06023272000000001
503	1.7717755	-0.05685896000000001
504	1.7905225	-0.05331754000000001
505	1.8104695	-0.04988638000000001
506	1.8298794999999999	-0.04635646000000001
507	1.8487715	-0.04290230000000001
508	1.8678895	-0.03927363000000001
509	1.8895145	-0.035654130000000006
510	1.9108255	-0.03201165000000001
511	1.9287015	-0.02832556000000001
