0	2.1681785	-0.04399102
1	2.1848935000000003	-0.03955549
2	2.2005264999999996	-0.03511536
3	2.2137065	-0.030610669999999996
4	2.2297295000000004	-0.025958429999999994
5	2.2478375	-0.021453729999999994
6	2.2641504999999995	-0.016907539999999995
7	2.2822154999999995	-0.012418979999999996
8	2.3013525	-0.007985754999999995
9	2.3156065000000003	-0.0035225569999999956
10	2.3300435000000004	0.0008991440000000045
11	2.3431185	0.005327764000000005
12	2.3507005000000003	0.010009970000000005
13	2.3615335	0.014627630000000006
14	2.3716635000000004	0.019305220000000005
15	2.3817575	0.024047370000000005
16	2.3947265	0.028731890000000003
17	2.4095804999999997	0.033291890000000005
18	2.4219605	0.03789112000000001
19	2.4331635	0.04255488
20	2.4389505	0.04725324
21	2.4445464999999995	0.05183861000000001
22	2.4498685	0.056428610000000004
23	2.4523345	0.06106009000000001
24	2.4565124999999997	0.06572156
25	2.4628065	0.07040607
26	2.4667135	0.0751459
27	2.4703654999999998	0.07993188000000001
28	2.4743445	0.08472705
29	2.4774655	0.08927094000000001
30	2.4816955	0.09382865
31	2.4826195	0.09848775
32	2.4838934999999998	0.10297865
33	2.4837225	0.10746725
34	2.4813425000000002	0.11196965
35	2.4772615	0.11662645
36	2.4727055	0.12133405
37	2.4710235000000003	0.12597935000000002
38	2.4714655	0.13050935
39	2.4681615	0.13515705
40	2.4704165	0.13949345
41	2.4700395000000004	0.14387365
42	2.4674465000000003	0.14828615
43	2.4618184999999997	0.15258105
44	2.4533914999999995	0.15689205
45	2.4441695	0.16132985
46	2.4404304999999997	0.16555565
47	2.4318155	0.16990585
48	2.4276605	0.17430685
49	2.4232474999999996	0.17854645
50	2.4186045	0.18261765
51	2.4162105	0.18672355000000002
52	2.4108905	0.19063115
53	2.4027675000000004	0.19454105
54	2.3960315000000003	0.19854785
55	2.3875385	0.20237935
56	2.3748845000000003	0.20620625
57	2.3679695	0.21008155
58	2.3623065	0.21387625000000002
59	2.3556125000000003	0.21765015000000001
60	2.3524195	0.22131565
61	2.3476584999999996	0.22494195
62	2.3407945000000003	0.22848995
63	2.3362705000000004	0.23185355
64	2.3312565000000003	0.23531385
65	2.3227725	0.23864055
66	2.3140184999999995	0.24189565000000002
67	2.3061325000000004	0.24517395
68	2.2998184999999998	0.24855354999999998
69	2.2930085	0.25170505
70	2.2876215	0.25492795
71	2.2833395000000003	0.25798025
72	2.2776664999999996	0.26105104999999995
73	2.2719945	0.26393505000000006
74	2.2683074999999997	0.26677755000000003
75	2.2635385	0.26948174999999996
76	2.2531545	0.27226894999999995
77	2.2458675	0.27503544999999996
78	2.2370815000000004	0.27770505
79	2.2308874999999997	0.28033775000000005
80	2.2237915	0.28295665000000003
81	2.2185565	0.28557095
82	2.2141225	0.28805614999999996
83	2.2101135000000003	0.29043985000000005
84	2.2045804999999996	0.29277984999999995
85	2.1964385	0.29493994999999995
86	2.1904125	0.29703785000000005
87	2.1823445	0.29916575
88	2.1741504999999997	0.30122435000000003
89	2.1633635	0.30330165
90	2.1542085	0.30545705
91	2.1477005	0.30749285000000004
92	2.1409845	0.30949375
93	2.1365555	0.31149495000000005
94	2.1321695	0.31336005
95	2.1257975	0.31513044999999995
96	2.1193495	0.31681574999999995
97	2.1109954999999996	0.31843405
98	2.0991514999999996	0.31998554999999995
99	2.0878594999999995	0.32158555
100	2.0762725	0.32320835000000003
101	2.0627125	0.32475774999999996
102	2.0512675	0.32626544999999996
103	2.0410614999999996	0.32772685
104	2.0324394999999997	0.32910795000000004
105	2.0233394999999996	0.33039894999999997
106	2.0141535	0.33155615000000005
107	2.0026335	0.33263285
108	1.9879345	0.33368875
109	1.9740674999999999	0.33471695
110	1.9594894999999999	0.33572905
111	1.9444865	0.33671335
112	1.9295754999999999	0.33768394999999995
113	1.9155735	0.33859914999999996
114	1.9038454999999999	0.33948195000000003
115	1.8934185	0.34025205000000003
116	1.8814905	0.34097584999999997
117	1.8611505	0.34161005
118	1.8537985	0.34217935
119	1.8383275	0.34268875
120	1.8215335	0.34315225000000005
121	1.7962345	0.34358334999999995
122	1.7872945	0.34400284999999997
123	1.7704095	0.34441555
124	1.7535895	0.34480065000000004
125	1.7377475	0.34510935
126	1.7218575	0.34534915
127	1.7063845	0.34548055
128	1.6901135	0.34553585
129	1.6731105	0.34549915
130	1.6548915	0.34541835
131	1.6348034999999999	0.34530315
132	1.6138875	0.34515565000000004
133	1.5933344999999999	0.34501044999999997
134	1.5727944999999999	0.34480754999999996
135	1.5537505	0.34455835
136	1.5354155	0.34425415000000004
137	1.5179194999999999	0.34386675
138	1.5000805	0.34338735
139	1.4813414999999999	0.34283635
140	1.4616855	0.34219075
141	1.4406044999999998	0.34149704999999997
142	1.4191095	0.34075915
143	1.3971354999999999	0.34001214999999996
144	1.3749395	0.33926075
145	1.3535785	0.33853455
146	1.3230985	0.33774135000000005
147	1.3131115	0.33687235000000004
148	1.2939574999999999	0.33591325000000005
149	1.2746695	0.33483454999999995
150	1.2545875	0.33373015000000006
151	1.2337805	0.33253604999999997
152	1.2110755	0.33137645000000004
153	1.1861255	0.33017745
154	1.1610764999999998	0.32891895000000004
155	1.1363615	0.32762104999999997
156	1.1123895	0.32633455
157	1.0905764999999998	0.32499734999999996
158	1.0684974999999999	0.32359335
159	1.0471475	0.32211334999999996
160	1.0237405	0.32058735000000005
161	0.9988708999999999	0.31904265
162	0.9739435	0.31751635
163	0.9492847	0.31588185
164	0.9229310999999999	0.31423835
165	0.8962165	0.31257135
166	0.8697336	0.31090015000000004
167	0.8436011999999999	0.30921935
168	0.8177485999999999	0.30755955
169	0.7915741999999999	0.30586735
170	0.7635639	0.30409244999999996
171	0.7362378999999999	0.30225955000000004
172	0.7085292	0.30044974999999996
173	0.6794522999999999	0.29863795000000004
174	0.6494091	0.29681195000000005
175	0.6184145999999999	0.29496075
176	0.5860597	0.29319485
177	0.5529710999999999	0.29133204999999995
178	0.5206122	0.28941855000000005
179	0.48891609999999996	0.28758125
180	0.45570849999999996	0.28566315
181	0.42141749999999994	0.28372205000000006
182	0.3864022999999999	0.28178555000000005
183	0.35082979999999997	0.27986055
184	0.31196769999999996	0.27787105
185	0.27310059999999997	0.27590225
186	0.23623919999999995	0.27382965000000004
187	0.19677629999999993	0.27176405000000003
188	0.15764909999999996	0.26969155
189	0.11832119999999995	0.26762595
190	0.07776508999999995	0.26549354999999997
191	0.03623541999999995	0.26334945
192	-0.0050142300000000535	0.26011735
193	-0.04666151000000006	0.25903615
194	-0.08685090000000005	0.25684835000000006
195	-0.12822020000000006	0.25471125000000006
196	-0.17080080000000006	0.25244964999999997
197	-0.23530340000000005	0.25011894999999995
198	-0.25645000000000007	0.24773755
199	-0.29867810000000006	0.24525925
200	-0.36466620000000005	0.24284325
201	-0.3864947000000001	0.24044795
202	-0.43074560000000006	0.23804575
203	-0.47718700000000003	0.23555825
204	-0.5212027	0.23302465
205	-0.5635679	0.23053015000000002
206	-0.6060300000000001	0.22789745
207	-0.6460854	0.22526475
208	-0.6887813	0.22259285
209	-0.7331858000000001	0.21978715000000001
210	-0.7776274000000001	0.21703915000000001
211	-0.8424131	0.21410675
212	-0.8637542	0.21120205
213	-0.9085770000000001	0.20825575000000002
214	-0.951219	0.20533485
215	-0.9924945000000001	0.20244385
216	-1.0344285	0.19945845
217	-1.0733045	0.19635995
218	-1.1138745	0.19168705
219	-1.1528605	0.19005715
220	-1.1905185	0.18679965
221	-1.2284005	0.18344765000000002
222	-1.2668555000000001	0.18013025
223	-1.3082445	0.17675745
224	-1.3479645	0.17336395000000002
225	-1.3860465	0.16995425
226	-1.4404565	0.16660925000000001
227	-1.4583295	0.16320645
228	-1.4916495	0.15965855
229	-1.5246825000000002	0.15605065
230	-1.5574805	0.15238275
231	-1.5926285	0.14874255
232	-1.6252055	0.14492485
233	-1.6580465	0.14119245
234	-1.6923385	0.13734485000000002
235	-1.7276995000000002	0.13348105000000002
236	-1.7604215	0.12964255
237	-1.7900155	0.12396215
238	-1.8197455	0.12203255
239	-1.8479325	0.11806965
240	-1.8740075	0.11402145000000001
241	-1.9011855	0.10995015000000001
242	-1.9285385000000002	0.10580045
243	-1.9545995	0.10162315000000001
244	-1.9802105	0.09738582
245	-2.0244755000000003	0.0930817
246	-2.0370195000000004	0.08896433000000001
247	-2.0608905	0.08475011
248	-2.0856445	0.08056815
249	-2.1165884999999998	0.07628014000000001
250	-2.1265425000000002	0.07199679
251	-2.1463555000000003	0.06760736
252	-2.1639315000000003	0.06321102
253	-2.1806725	0.05869018
254	-2.2035505000000004	0.05418317
255	-2.2243725000000003	0.0496923
256	-2.2435745000000002	0.04511616
257	-2.2624835	0.04068063
258	-2.2800365000000005	0.03617133
259	-2.2954945	0.03162281
260	-2.3131835	0.027286420000000006
261	-2.3250355000000003	0.022650320000000005
262	-2.3352614999999997	0.017892030000000003
263	-2.3481924999999997	0.013283600000000005
264	-2.3592395	0.008493040000000006
265	-2.3736785000000005	0.0037209180000000045
266	-2.3864704999999997	-0.0009635959999999954
267	-2.4049795000000005	-0.005735714999999995
268	-2.4136835000000003	-0.010367201999999996
269	-2.4230545	-0.015107039999999995
270	-2.4290624999999997	-0.019895299999999994
271	-2.4382615000000003	-0.024413829999999994
272	-2.4433685	-0.029190559999999994
273	-2.4463285	-0.033978799999999997
274	-2.4516014999999998	-0.03887313
275	-2.4561735000000002	-0.04379739
276	-2.4624854999999997	-0.04862945
277	-2.4689544999999997	-0.05596743999999999
278	-2.4722105	-0.058328149999999995
279	-2.4800174999999998	-0.06299882
280	-2.4835255	-0.06776863
281	-2.4838934999999998	-0.07245547
282	-2.4830505	-0.07718839
283	-2.4819775	-0.08186365999999999
284	-2.4787925	-0.08655971
285	-2.4765085000000004	-0.09138947
286	-2.4748145	-0.09627221999999999
287	-2.4770054999999997	-0.10094062
288	-2.4767894999999998	-0.10572654999999999
289	-2.4778585	-0.11025895
290	-2.4769685	-0.11488115
291	-2.4766355000000004	-0.11945275
292	-2.4746224999999997	-0.12386295
293	-2.4690415000000003	-0.12837455
294	-2.4624765	-0.13298295
295	-2.4590565	-0.13731935
296	-2.4532334999999996	-0.14420325
297	-2.4502914999999996	-0.14638635
298	-2.4464235	-0.15088645
299	-2.4439735000000002	-0.15526204999999998
300	-2.4446985000000003	-0.15947855
301	-2.4419684999999998	-0.16371125
302	-2.4356255000000004	-0.16789315
303	-2.4331555	-0.17207055
304	-2.4224045	-0.17607495
305	-2.4181645000000005	-0.18021535
306	-2.4124155	-0.18423135
307	-2.4060235	-0.19038435
308	-2.4018685	-0.19234625
309	-2.3991755	-0.19637835
310	-2.3953084999999996	-0.20023755
311	-2.3902625000000004	-0.20407595
312	-2.3907024999999997	-0.20783145
313	-2.3859415000000004	-0.21142325
314	-2.3804645000000004	-0.21497115
315	-2.3695895	-0.21858365
316	-2.3666644999999997	-0.22215935
317	-2.3586264999999997	-0.22577415
318	-2.3557235	-0.22922755
319	-2.3497744999999997	-0.23279405
320	-2.3454534999999996	-0.23615065
321	-2.3428845000000003	-0.23956485
322	-2.3424765	-0.24285695
323	-2.3399124999999996	-0.24614434999999998
324	-2.3345805000000004	-0.24914365
325	-2.3243574999999996	-0.25217064999999994
326	-2.3222245	-0.25524605
327	-2.3137795	-0.25832365
328	-2.3077414999999997	-0.26131605
329	-2.3022715	-0.26431534999999995
330	-2.2963554999999998	-0.26726855000000005
331	-2.2892704999999998	-0.27026085
332	-2.2872295000000005	-0.27304575
333	-2.2851014999999997	-0.27707325000000005
334	-2.2801875000000003	-0.27840575
335	-2.2735735000000004	-0.28095085
336	-2.2669615	-0.28356744999999994
337	-2.2584655	-0.28603195000000003
338	-2.2493385000000004	-0.28851704999999994
339	-2.2390745	-0.29099305
340	-2.2306844999999997	-0.29348745
341	-2.2223975000000005	-0.29589655000000004
342	-2.2193614999999998	-0.29822044999999997
343	-2.2142865	-0.30053505
344	-2.2059835000000003	-0.30274824999999994
345	-2.1993815000000003	-0.30482075
346	-2.1919945	-0.30686104999999997
347	-2.1830935	-0.30882495
348	-2.1715185000000004	-0.31072245
349	-2.1597334999999998	-0.31260345
350	-2.1492015	-0.31457254999999995
351	-2.1380675	-0.31646284999999996
352	-2.1280365000000003	-0.31829094999999996
353	-2.1198515	-0.32012385
354	-2.1114905000000004	-0.32186655
355	-2.1028415000000003	-0.32343195
356	-2.0943804999999998	-0.32488435000000004
357	-2.0852565	-0.32625614999999997
358	-2.0726185	-0.32757715
359	-2.0591865	-0.32890275
360	-2.0459115	-0.33091055
361	-2.0310395000000003	-0.33157444999999997
362	-2.0166315	-0.33288405
363	-2.0054714999999996	-0.33410355
364	-1.9968545000000002	-0.33521025000000004
365	-1.9881235000000002	-0.33623125
366	-1.9790085	-0.33720874999999995
367	-1.9680235000000001	-0.33810114999999996
368	-1.9476825	-0.33893555
369	-1.9403705	-0.33970325
370	-1.9243785	-0.34076365
371	-1.9091495	-0.34109575000000003
372	-1.8950265	-0.34176664999999995
373	-1.8817825000000001	-0.34243755
374	-1.8621195000000001	-0.34305995
375	-1.8557095000000001	-0.34359715
376	-1.8363965	-0.34404435
377	-1.8299105	-0.34439695000000003
378	-1.8098225000000001	-0.34466655
379	-1.8026495	-0.34488565000000004
380	-1.7872115	-0.34506784999999995
381	-1.7700355	-0.34523614999999996
382	-1.7520655	-0.34537235
383	-1.7349945	-0.34545974999999995
384	-1.7181785	-0.34552445
385	-1.7029415	-0.34553585
386	-1.6883355	-0.34545735
387	-1.6734325	-0.34523614999999996
388	-1.6579735	-0.34494095
389	-1.6322595	-0.34476575
390	-1.6231725000000001	-0.34438555000000004
391	-1.6047065	-0.34373295000000004
392	-1.5852425	-0.34350485
393	-1.5657775	-0.34306905
394	-1.5466155000000001	-0.34262865
395	-1.5181515	-0.34214475
396	-1.5009665	-0.34159835000000005
397	-1.4928335000000001	-0.34098035000000004
398	-1.4756635	-0.34028175000000005
399	-1.4494585	-0.33946814999999997
400	-1.4400965000000001	-0.33857125
401	-1.4194445	-0.33764004999999997
402	-1.3976485	-0.33669024999999997
403	-1.3747775	-0.33572424999999995
404	-1.3517595	-0.33476755
405	-1.3299365	-0.33374855000000003
406	-1.3083885	-0.33268115
407	-1.2884245	-0.33157905
408	-1.2691955000000001	-0.33043115
409	-1.2495315	-0.32920925
410	-1.2287155	-0.32796194999999995
411	-1.2067485	-0.32662495
412	-1.1830765	-0.32524165000000005
413	-1.1592385	-0.32383775000000004
414	-1.1352935	-0.32241984999999995
415	-1.1107255	-0.32095125
416	-1.0857015	-0.31947574999999995
417	-1.0613295	-0.31801654999999995
418	-1.0367675	-0.31652955000000005
419	-1.0127945	-0.31500595
420	-0.9887815	-0.31336215
421	-0.9633366000000001	-0.31168825
422	-0.9373480000000001	-0.31009065
423	-0.9111619000000001	-0.30840325
424	-0.8843939000000001	-0.30668575
425	-0.8555098000000001	-0.30414054999999995
426	-0.8257189	-0.30326915
427	-0.7950267000000001	-0.30160244999999997
428	-0.7665069000000001	-0.29986185
429	-0.7383981000000001	-0.29812364999999996
430	-0.6916875	-0.29637145
431	-0.6763168	-0.29449495000000003
432	-0.6453692000000001	-0.29258834999999994
433	-0.5961809	-0.29072335000000005
434	-0.5789133000000001	-0.28787854999999996
435	-0.5431365	-0.28694715000000004
436	-0.5079570000000001	-0.28506595
437	-0.47190100000000007	-0.28313865000000005
438	-0.4347713	-0.28114684999999995
439	-0.39902040000000005	-0.27924724999999995
440	-0.36447700000000005	-0.27730604999999997
441	-0.32823540000000007	-0.27525895
442	-0.27133710000000005	-0.27323025
443	-0.25203050000000005	-0.27121765
444	-0.19183930000000005	-0.26912895000000003
445	-0.17201810000000006	-0.26705645
446	-0.13305410000000006	-0.26497925
447	-0.09176830000000005	-0.26283755
448	-0.04972599000000005	-0.26065905
449	-0.008904200000000057	-0.25847584999999995
450	0.03262413999999994	-0.25616815000000004
451	0.09628834999999994	-0.25391805
452	0.11711769999999995	-0.25043234999999997
453	0.15932009999999994	-0.24926815
454	0.20314739999999995	-0.24688905
455	0.24642969999999995	-0.24439235
456	0.2894207999999999	-0.24196014999999998
457	0.3328288999999999	-0.23955565
458	0.37448449999999994	-0.23708664999999998
459	0.41658959999999995	-0.23464754999999998
460	0.4807082999999999	-0.23205395
461	0.5018921	-0.22939355
462	0.5449788	-0.22672625
463	0.5857893	-0.22394825
464	0.6264768	-0.22120715
465	0.6704836999999999	-0.21836925
466	0.7139572	-0.21560515
467	0.7581112999999999	-0.21282715
468	0.8011503999999999	-0.21000765
469	0.8409966	-0.20703834999999998
470	0.8814352	-0.20397915
471	0.9214116	-0.20104444999999999
472	0.9610578999999999	-0.19792065
473	1.0004019999999998	-0.19478995
474	1.0401155	-0.19155095
475	1.0817915	-0.18836485
476	1.1232944999999999	-0.18509355
477	1.1630135	-0.18189144999999998
478	1.1983525	-0.17850015
479	1.2373794999999999	-0.17519664999999998
480	1.2729495	-0.17183535
481	1.3095245	-0.16827815
482	1.3430745	-0.16474175
483	1.3796055	-0.16120995
484	1.4142465	-0.15761585
485	1.4505465	-0.15390884999999999
486	1.4827825	-0.15029165
487	1.5175475	-0.14659615
488	1.5520205	-0.14285455
489	1.5837535	-0.13917295
490	1.6129555	-0.13546585
491	1.6443645	-0.13161124999999999
492	1.6735815	-0.12768285
493	1.7012985	-0.12376604999999999
494	1.7324275	-0.11983084999999999
495	1.7613485	-0.11582645
496	1.7905525	-0.11177355
497	1.8189415	-0.10769764999999999
498	1.8488035	-0.10352725
499	1.8761094999999999	-0.09951128
500	1.9006574999999999	-0.09558524
501	1.9266364999999999	-0.09134795999999999
502	1.9508885	-0.08722595
503	1.9739385	-0.08301863999999999
504	1.9963805	-0.07867073
505	2.0176245	-0.07435046
506	2.0397705000000004	-0.07003482999999999
507	2.0628884999999997	-0.06554164
508	2.0894715	-0.061232919999999996
509	2.1088775	-0.05691494
510	2.1302044999999996	-0.05250936999999999
511	2.1496804999999997	-0.04819601999999999
