0	4.334775499999999	-0.06782520000000002
1	4.3438555	-0.058972980000000015
2	4.3557635	-0.04199914000000002
3	4.3627275	-0.024402350000000014
4	4.3758824999999995	-0.006833035000000015
5	4.3771585	0.010885149999999986
6	4.379725499999999	0.028656019999999987
7	4.382716500000001	0.046374199999999983
8	4.378859500000001	0.06383814999999998
9	4.379863500000001	0.08150136999999999
10	4.3749635	0.09923329999999998
11	4.3720175	0.11680259999999998
12	4.3697385	0.1344475
13	4.362579500000001	0.15170309999999998
14	4.359816500000001	0.16935479999999997
15	4.3555765	0.18708899999999998
16	4.3466605000000005	0.20482319999999998
17	4.3365855	0.222491
18	4.3276965	0.24018399999999998
19	4.3142505	0.257309
20	4.3011295	0.2748096
21	4.289913500000001	0.3007775
22	4.276844499999999	0.3175568
23	4.2633434999999995	0.3263059
24	4.254488500000001	0.343273
25	4.2402695	0.3599283
26	4.2297864999999994	0.3767968
27	4.207055499999999	0.3936378
28	4.198584500000001	0.4104239
29	4.181706500000001	0.4270586
30	4.1665045	0.4434186
31	4.1483905	0.4592174
32	4.133988499999999	0.4832549
33	4.1173435000000005	0.4909917
34	4.0944535	0.5066209
35	4.082893500000001	0.522074
36	4.0750955	0.5375134
37	4.0606515000000005	0.552348
38	4.046803499999999	0.5673454
39	4.0312345	0.5821615
40	4.008563499999999	0.6038329
41	3.9998225	0.611178
42	3.9835575	0.624989
43	3.9687385	0.645563
44	3.9587505	0.6522418999999999
45	3.9404175	0.6654296
46	3.9357305	0.678423
47	3.9269985	0.6913587
48	3.9171105	0.7100664
49	3.9066655	0.7161289
50	3.8995805	0.7283387
51	3.8899625	0.7401687
52	3.8799715	0.7515929
53	3.8713755	0.7628912999999999
54	3.8677435	0.7789055
55	3.8646585	0.7892486
56	3.8621645	0.799223
57	3.8610915	0.8090191
58	3.8614325	0.8186428
59	3.8647875	0.8234321
60	3.8643145	0.8372314
61	3.8678515	0.8415556
62	3.8689035	0.8543130999999999
63	3.8707945	0.8584242
64	3.8748255	0.8663557
65	3.8876245	0.8740327999999999
66	3.8955575000000002	0.8811719
67	3.9079545	0.8883042999999999
68	3.9211645	0.8950376999999999
69	3.9353135	0.9016501
70	3.9493965	0.9080332
71	3.9632965	0.9142056
72	3.9786605	0.92006
73	3.9937945000000004	0.9258134
74	4.009890500000001	0.9311497
75	4.0279925	0.9361865
76	4.0484975	0.9409341
77	4.0702245	0.9477253
78	4.091568499999999	0.9521089
79	4.1163975	0.9562018
80	4.1389625	0.9581759
81	4.164232500000001	0.9622480999999999
82	4.1868125	0.9660343
83	4.208695499999999	0.9696003
84	4.230817500000001	0.9730428
85	4.2532625	0.9762812
86	4.2758415	0.9793113999999999
87	4.3011824999999995	0.9822133
88	4.3256435	0.9849549
89	4.350794499999999	0.9876278
90	4.3757055000000005	0.9902022
91	4.3977205	0.9927055
92	4.4204755	0.9951582999999999
93	4.441637500000001	0.9976458
94	4.459331499999999	0.999975
95	4.4771944999999995	1.002146
96	4.4953445	1.005272
97	4.511625499999999	1.006205
98	4.5287965	1.007989
99	4.544368499999999	1.009725
100	4.559267500000001	1.011415
101	4.5718125	1.014012
102	4.5826265	1.014878
103	4.5916145	1.017535
104	4.5986245	1.018399
105	4.602508500000001	1.020808
106	4.603229499999999	1.021571
107	4.6033425	1.023078
108	4.6029015	1.024507
109	4.6004665	1.025801
110	4.5978165	1.027006
111	4.5941185	1.028767
112	4.587704499999999	1.0293349999999999
113	4.5789685	1.031124
114	4.5669854999999995	1.031706
115	4.5519815	1.032842
116	4.5333945	1.033948
117	4.513075499999999	1.034965
118	4.491768499999999	1.035844
119	4.4689345	1.036889
120	4.4443375	1.03742
121	4.4187034999999995	1.037656
122	4.3921475	1.038134
123	4.364034500000001	1.038584
124	4.3334925	1.0392109999999999
125	4.300667499999999	1.03955
126	4.264931499999999	1.039784
127	4.2270845	1.039857
128	4.1872515	1.039877
129	4.1457225	1.039822
130	4.1032055	1.03958
131	4.060527499999999	1.038996
132	4.0177534999999995	1.038735
133	3.9745235	1.037844
134	3.9297955	1.037491
135	3.8827635	1.036405
136	3.8336165	1.036
137	3.7824845000000002	1.0346279999999999
138	3.7300165	1.033513
139	3.6764205	1.032246
140	3.6146385	1.03084
141	3.5601305	1.029225
142	3.5053465	1.02748
143	3.4503975000000002	1.025675
144	3.3948145	1.023733
145	3.3385565	1.021711
146	3.2811455	1.019642
147	3.2224615	1.017462
148	3.1620395	1.015128
149	3.1005555	1.0127869999999999
150	3.0381815	1.010192
151	2.9758545	1.0075129999999999
152	2.9134015	1.004748
153	2.8506445	1.00178
154	2.7885895	0.9988322
155	2.7262265	0.9957125
156	2.6626235	0.9926893
157	2.5984715	0.9895813
158	2.5331865000000002	0.9863655
159	2.4658195	0.9830768
160	2.3977845	0.9797969
161	2.3298755	0.9763087
162	2.2600015	0.9726922
163	2.1908235	0.9690667
164	2.1214645	0.9653012
165	2.0500125000000002	0.961536
166	1.9799645000000001	0.9577591
167	1.9077815	0.9540396999999999
168	1.8356135	0.9501918
169	1.7602135	0.9462524999999999
170	1.6831685	0.9423220999999999
171	1.6050475	0.9383093
172	1.5267225	0.9342395
173	1.4460925	0.9301716999999999
174	1.3666985	0.9258978999999999
175	1.2864215	0.9214799
176	1.2056435	0.9171831
177	1.1228415	0.9128177
178	1.0396905	0.9083975
179	0.9552094	0.9038923
180	0.8675237	0.8993665
181	0.7791766	0.8947193999999999
182	0.6901442	0.8899944
183	0.5998281	0.8852121
184	0.5092743000000001	0.8802972
185	0.4174739	0.8753200999999999
186	0.32472470000000003	0.8702058
187	0.23239680000000004	0.8650456
188	0.13954280000000002	0.8597939
189	0.045363650000000026	0.8546108
190	-0.05045301999999997	0.8490885
191	-0.14611719999999997	0.8434292
192	-0.24286829999999998	0.8377011
193	-0.34021569999999995	0.8317554
194	-0.43840429999999997	0.8256424
195	-0.5369305999999999	0.8194927
196	-0.6347568	0.813105
197	-0.7318037	0.8064766
198	-0.8306673	0.7998644
199	-0.9283078	0.793055
200	-1.0278515	0.7860718999999999
201	-1.1265764999999999	0.7791229
202	-1.2261515	0.7716609999999999
203	-1.3238545	0.7641622
204	-1.4199825	0.7562904
205	-1.5174315	0.7481779
206	-1.6131385	0.7399623
207	-1.7071545	0.7316208
208	-1.8012845	0.7230643
209	-1.8938215	0.7143014
210	-1.9839455	0.7054444
211	-2.0770705	0.6961799
212	-2.1668335	0.6871056
213	-2.2564185	0.6774746
214	-2.3461445	0.6676332
215	-2.4321535	0.6573723
216	-2.5168395	0.647022
217	-2.5996065	0.6364453999999999
218	-2.6790645	0.6258615
219	-2.7578795	0.6148677
220	-2.8355945	0.6036358
221	-2.9121965	0.5923946999999999
222	-2.9869944999999998	0.5807964999999999
223	-3.0627165	0.5690653999999999
224	-3.1342385	0.5572583999999999
225	-3.2068305	0.5448838
226	-3.2745645	0.5323601
227	-3.3400085	0.5195157
228	-3.4021395	0.5064423
229	-3.4645695	0.4933301
230	-3.5229065	0.4803096
231	-3.5816835	0.46678949999999997
232	-3.6362275	0.45311609999999997
233	-3.6900375	0.4393052
234	-3.7439904999999998	0.4252723
235	-3.7971695	0.4109414
236	-3.8469555	0.396661
237	-3.8951815	0.3819709
238	-3.9385095	0.36703769999999997
239	-3.9797615	0.35187789999999997
240	-4.0197295	0.3365553
241	-4.0560434999999995	0.3214274
242	-4.091988499999999	0.30603169999999996
243	-4.1284185	0.2904459
244	-4.1612785	0.2747341
245	-4.1928485	0.2587382
246	-4.2252765	0.2426256
247	-4.2533315	0.2266549
248	-4.2794335	0.2101002
249	-4.304724500000001	0.1934746
250	-4.3258835	0.17673889999999998
251	-4.3440285	0.159875
252	-4.3622475000000005	0.1430272
253	-4.377371500000001	0.1264198
254	-4.3943045000000005	0.10931769999999999
255	-4.4089735	0.09225458999999998
256	-4.421568499999999	0.07507463999999998
257	-4.4329965	0.05770000999999998
258	-4.445282499999999	0.040325369999999985
259	-4.452785499999999	0.023129389999999986
260	-4.460110500000001	0.005473041999999985
261	-4.462374499999999	-0.012213080000000015
262	-4.463409499999999	-0.029949600000000014
263	-4.462749499999999	-0.04752347000000001
264	-4.4639565	-0.06479505000000002
265	-4.4630075	-0.08235979000000002
266	-4.4632275	-0.10000930000000001
267	-4.460207499999999	-0.11779390000000002
268	-4.456723500000001	-0.13545020000000002
269	-4.4541924999999996	-0.15333100000000002
270	-4.4476125	-0.17071940000000002
271	-4.439598500000001	-0.188504
272	-4.4317735	-0.20637560000000002
273	-4.4201795	-0.22400450000000002
274	-4.4069555000000005	-0.2416792
275	-4.396874499999999	-0.2591271
276	-4.385037499999999	-0.27607570000000003
277	-4.3752794999999995	-0.29342290000000004
278	-4.3639495	-0.3106647
279	-4.3500865	-0.327934
280	-4.3357025	-0.3451071
281	-4.323783499999999	-0.36224110000000004
282	-4.3059125	-0.3790502
283	-4.2914765	-0.39591180000000004
284	-4.2726524999999995	-0.4126221
285	-4.2534425	-0.429211
286	-4.238020499999999	-0.44545660000000004
287	-4.2197215	-0.46130360000000004
288	-4.202738500000001	-0.4773315
289	-4.1890255	-0.49330450000000003
290	-4.1730944999999995	-0.5090093
291	-4.1561485000000005	-0.5246549
292	-4.1403885	-0.5401788000000001
293	-4.1227155	-0.5551851
294	-4.1034475	-0.5702626000000001
295	-4.0865445000000005	-0.5851157
296	-4.068808499999999	-0.5997234
297	-4.051339499999999	-0.6139787
298	-4.038273500000001	-0.6280391
299	-4.0247744999999995	-0.6416234000000001
300	-4.0129935	-0.6552648
301	-3.9997245	-0.6686493
302	-3.9859685	-0.6818762
303	-3.9738305	-0.6949565
304	-3.9626825	-0.707645
305	-3.9498005	-0.7198342
306	-3.9396485	-0.732012
307	-3.9280905	-0.7437892
308	-3.9175745	-0.755296
309	-3.9113115	-0.7664888
310	-3.9055955	-0.7771069
311	-3.9007555	-0.7877708
312	-3.8987055	-0.7981438000000001
313	-3.8953295	-0.8083084
314	-3.8926275	-0.8182419
315	-3.8914755	-0.8278519
316	-3.8885745	-0.8369448
317	-3.8876285	-0.8459367
318	-3.8898695	-0.8545025
319	-3.8919955	-0.8627111000000001
320	-3.8966555	-0.8705695
321	-3.9040605	-0.8783084
322	-3.9117525	-0.8855209
323	-3.9227465	-0.8927835000000001
324	-3.9321695	-0.8997577
325	-3.9419545	-0.9064822
326	-3.9525765	-0.9129091
327	-3.9654625	-0.9191501
328	-3.9768395	-0.9247181
329	-3.9918305	-0.9303339
330	-4.0057655	-0.9356041
331	-4.0240215	-0.9405832000000001
332	-4.0429675	-0.9453127
333	-4.0649175	-0.9499485
334	-4.085471500000001	-0.9543805
335	-4.1074605	-0.9586337
336	-4.1279015	-0.9627561
337	-4.1480435	-0.9667552
338	-4.169380500000001	-0.9704449
339	-4.190663499999999	-0.9738990000000001
340	-4.2110515	-0.9770848
341	-4.236451499999999	-0.9801768000000001
342	-4.259489500000001	-0.982996
343	-4.2839244999999995	-0.9858317
344	-4.3092445	-0.9885479
345	-4.333776500000001	-0.9911840000000001
346	-4.3575515	-0.9937838
347	-4.3795565	-0.996193
348	-4.4002275	-0.9985294
349	-4.420612500000001	-1.000765
350	-4.4394314999999995	-1.0028920000000001
351	-4.4580395	-1.004855
352	-4.4769925	-1.006676
353	-4.496596500000001	-1.008433
354	-4.5142875	-1.01018
355	-4.532351500000001	-1.0119070000000001
356	-4.5484065000000005	-1.013627
357	-4.561448499999999	-1.015366
358	-4.5724845	-1.017116
359	-4.5804785	-1.018726
360	-4.5881395000000005	-1.020189
361	-4.5941385	-1.021611
362	-4.5986245	-1.022988
363	-4.6010124999999995	-1.024257
364	-4.6025685	-1.025471
365	-4.6033425	-1.026662
366	-4.6025715	-1.0278990000000001
367	-4.5990365	-1.0291540000000001
368	-4.5924985	-1.030416
369	-4.5832415	-1.031595
370	-4.5708365	-1.032697
371	-4.5553965000000005	-1.033679
372	-4.5384455	-1.034559
373	-4.5216625	-1.03536
374	-4.502952499999999	-1.036013
375	-4.4821495	-1.036641
376	-4.4599335	-1.037206
377	-4.4360815	-1.037763
378	-4.4102335	-1.0383310000000001
379	-4.3812055	-1.0388600000000001
380	-4.349095500000001	-1.039323
381	-4.314394500000001	-1.039676
382	-4.277922500000001	-1.039861
383	-4.2405065	-1.039877
384	-4.2022265	-1.039744
385	-4.1631195000000005	-1.03952
386	-4.1229165000000005	-1.03919
387	-4.082029499999999	-1.038771
388	-4.0398245	-1.038315
389	-3.9957435	-1.037765
390	-3.9494005	-1.037136
391	-3.9006895	-1.036412
392	-3.8499095	-1.035576
393	-3.7976425	-1.034575
394	-3.7444185	-1.033375
395	-3.6914215	-1.031985
396	-3.6385495	-1.030397
397	-3.5856165	-1.028744
398	-3.5319225	-1.026998
399	-3.4772225	-1.02523
400	-3.4215315	-1.023384
401	-3.3639445	-1.021373
402	-3.3052894999999998	-1.019321
403	-3.2454985	-1.017184
404	-3.1845165	-1.014779
405	-3.1228375	-1.012267
406	-3.0611715	-1.009617
407	-3.0001305	-1.006797
408	-2.9392495	-1.0039230000000001
409	-2.8788485	-1.000996
410	-2.8177285	-0.9980688
411	-2.7556165	-0.9950938
412	-2.6914635	-0.9919628
413	-2.6254985	-0.9886968
414	-2.5590365	-0.9854972
415	-2.4917765	-0.9821989
416	-2.4232095	-0.9787682
417	-2.3559585	-0.9751722
418	-2.2882235	-0.9715213
419	-2.2199805	-0.9678066
420	-2.1519505	-0.9639840000000001
421	-2.0825445	-0.960317
422	-2.0122475	-0.9565838
423	-1.9396465	-0.9526306
424	-1.8649835	-0.9488012
425	-1.7894005	-0.9448707000000001
426	-1.7148125	-0.9409682
427	-1.6372355	-0.9368843
428	-1.5590424999999999	-0.9326702
429	-1.4800925	-0.9283711
430	-1.4020205	-0.9240056
431	-1.3218174999999999	-0.9197504
432	-1.2417165	-0.915401
433	-1.1603885	-0.9110149
434	-1.0763165	-0.9065485
435	-0.9902116	-0.9019818000000001
436	-0.9046573	-0.8974329
437	-0.8164629	-0.8927447000000001
438	-0.7274866999999999	-0.8879442
439	-0.6366164999999999	-0.8831024000000001
440	-0.5469701	-0.8780382
441	-0.45666779999999996	-0.8729653
442	-0.36623629999999996	-0.8678324000000001
443	-0.27518089999999995	-0.8626335
444	-0.18114599999999997	-0.857267
445	-0.08663940999999997	-0.8517313
446	0.00799649000000003	-0.8461863000000001
447	0.10407800000000003	-0.8404398000000001
448	0.20130230000000002	-0.8346451
449	0.29860260000000005	-0.8288666
450	0.39575760000000004	-0.8227148
451	0.49261520000000003	-0.8163179
452	0.5900594	-0.8097491
453	0.6868865000000001	-0.8030315
454	0.783939	-0.7962864000000001
455	0.8816867	-0.7895643
456	0.9796682	-0.7825396
457	1.0769825	-0.7752447
458	1.1735525	-0.7679707
459	1.2697855	-0.7603575
460	1.3674155000000001	-0.7526114
461	1.4628595	-0.7447465
462	1.5600965	-0.7364187
463	1.6539925	-0.7279467000000001
464	1.7459755000000001	-0.7193122000000001
465	1.8355835	-0.7104645
466	1.9272445	-0.7015299
467	2.0165315	-0.6924209
468	2.1081735	-0.6830101000000001
469	2.1971545	-0.6735096
470	2.2838245	-0.6635304
471	2.3720895	-0.6534462
472	2.4561905	-0.6433159
473	2.5404235	-0.6326404
474	2.6229875000000002	-0.6216789
475	2.7007475	-0.6105820000000001
476	2.7778885	-0.5993134
477	2.8543555	-0.5877357
478	2.9283375	-0.5763459
479	3.0018275	-0.5646008
480	3.0737985	-0.5525469000000001
481	3.1435505	-0.5402293
482	3.2136755	-0.5276874
483	3.2804635	-0.5148156
484	3.3436415	-0.5019506
485	3.4063265	-0.4886917
486	3.4645225	-0.47514890000000004
487	3.5193235	-0.46147320000000003
488	3.5734655	-0.44772880000000004
489	3.6283855	-0.43370010000000003
490	3.6783805	-0.4198871
491	3.7303755	-0.4056479
492	3.7792855	-0.3910629
493	3.8263125000000002	-0.37626970000000004
494	3.8721895	-0.3611577
495	3.9136205	-0.3462406
496	3.9524525	-0.33086340000000003
497	3.9899904999999998	-0.3152569
498	4.024093499999999	-0.29956550000000004
499	4.0561845000000005	-0.2837599
500	4.089271500000001	-0.26789460000000004
501	4.119403500000001	-0.2521667
502	4.1472385	-0.23599450000000002
503	4.1765635	-0.2199849
504	4.2036845	-0.21186560000000002
505	4.2262105000000005	-0.19528800000000002
506	4.249152499999999	-0.17855700000000002
507	4.2665925	-0.15327600000000002
508	4.2846355	-0.14487960000000003
509	4.2985095	-0.12774770000000002
510	4.3101375	-0.10220340000000001
511	4.3213645	-0.09347947000000001
