0	6.2508055	0.11777180000000012
1	6.2458875	0.15674960000000013
2	6.2285725	0.1955178000000001
3	6.208731500000001	0.2340902000000001
4	6.1877855	0.27165840000000013
5	6.178948500000001	0.3098298000000001
6	6.160747499999999	0.34782410000000014
7	6.1551975	0.3856850000000001
8	6.1407565	0.42346480000000014
9	6.1298715	0.4611388000000001
10	6.1211555	0.49796060000000014
11	6.123967499999999	0.5353975000000001
12	6.1146115000000005	0.5726523000000001
13	6.115845500000001	0.6097024000000001
14	6.103711499999999	0.6465058000000001
15	6.0910975	0.6830466000000002
16	6.0912334999999995	0.7186037000000001
17	6.0817855000000005	0.7546931000000001
18	6.0747255	0.7906142000000002
19	6.082041500000001	0.8263558000000001
20	6.0807245000000005	0.8620538000000001
21	6.0816435	0.8968993000000001
22	6.093068499999999	0.9322355000000001
23	6.094160499999999	0.9673229000000001
24	6.1046005	1.0020945
25	6.103419499999999	1.0366755
26	6.1015005	1.0709635000000002
27	6.099816499999999	1.1041525
28	6.1112225	1.1378835
29	6.1145865	1.1713925
30	6.131280500000001	1.2046445000000001
31	6.1395365	1.2378415
32	6.148877499999999	1.2707975
33	6.168770500000001	1.3027755
34	6.176997500000001	1.3353195000000002
35	6.184067499999999	1.3673665000000002
36	6.200070500000001	1.3991465
37	6.2049605	1.4305485000000002
38	6.2104885	1.4617365000000002
39	6.226926499999999	1.4918855000000002
40	6.2347985	1.5225895
41	6.2451635	1.5528945
42	6.2674745000000005	1.5830535000000001
43	6.2798295	1.6130615000000001
44	6.290843499999999	1.6420815000000002
45	6.310556500000001	1.6714865
46	6.317242500000001	1.7004585
47	6.332722499999999	1.7291265
48	6.3376745	1.7573405000000002
49	6.342107499999999	1.7853445000000001
50	6.3492245	1.8123685
51	6.364997499999999	1.8397145000000001
52	6.3738245	1.8667905
53	6.3928885	1.8935715000000002
54	6.4019475	1.9200815000000002
55	6.411039499999999	1.9463745000000001
56	6.4283885000000005	1.9717575
57	6.4317885	1.9972555
58	6.435698499999999	2.0224045000000004
59	6.447274500000001	2.0470715000000004
60	6.4468225	2.0713785
61	6.4491925000000005	2.0954075000000003
62	6.461612499999999	2.1186185
63	6.467850499999999	2.1420375
64	6.472519500000001	2.1652735000000005
65	6.4884155	2.1881235000000006
66	6.491569500000001	2.2106045000000005
67	6.4934025	2.2327285000000003
68	6.502238500000001	2.2540135
69	6.4967305	2.2753705
70	6.502216499999999	2.2963585
71	6.4971955	2.3170205
72	6.492143499999999	2.3370735
73	6.489520499999999	2.3565415000000005
74	6.4968445	2.3760814999999997
75	6.494730499999999	2.3954945
76	6.4993704999999995	2.4146445000000005
77	6.4952515	2.4333945000000003
78	6.4907795	2.4516095
79	6.482784499999999	2.4690875000000005
80	6.480812500000001	2.4864595000000005
81	6.467931500000001	2.5037555000000005
82	6.4623954999999995	2.5204845000000002
83	6.4500315	2.5367465000000005
84	6.4388665	2.5527645000000003
85	6.4373605000000005	2.5679945
86	6.4279315	2.5834894999999998
87	6.416380500000001	2.5986825
88	6.4108085	2.6135755000000005
89	6.396122500000001	2.6280295000000002
90	6.3774645	2.6418195000000004
91	6.3616615	2.6550875000000005
92	6.3405784999999995	2.6682515
93	6.3194815	2.6810345
94	6.303366499999999	2.6936415
95	6.2821505	2.7057525
96	6.2594294999999995	2.7174375
97	6.241075499999999	2.7287285
98	6.2192375	2.7399695
99	6.202296499999999	2.7508295
100	6.1754345	2.7614324999999997
101	6.1433575000000005	2.7715555
102	6.104976499999999	2.7810425
103	6.0728905	2.7901455000000004
104	6.0364255	2.7990835
105	6.007564499999999	2.8077085000000004
106	5.9722825	2.8159365000000003
107	5.9330935	2.8239085
108	5.8938325	2.8313465000000004
109	5.8598005	2.8386484999999997
110	5.818751499999999	2.8456735
111	5.783020499999999	2.8521644999999998
112	5.7347945	2.8583325000000004
113	5.6807335000000005	2.8640045
114	5.6301825	2.8692694999999997
115	5.573859499999999	2.8742145
116	5.5238315	2.8788145
117	5.4762465	2.8831265000000004
118	5.422544500000001	2.8870215000000004
119	5.3665825	2.8907365
120	5.3087085	2.8940675000000002
121	5.248419500000001	2.8969515
122	5.1875125	2.8994875
123	5.1248795000000005	2.9014955000000002
124	5.0547795	2.9032235
125	4.9821525	2.9045645
126	4.9099924999999995	2.9055264999999997
127	4.835217500000001	2.9061465
128	4.765057499999999	2.9063974999999997
129	4.693343499999999	2.9062965
130	4.619025499999999	2.9058795
131	4.5403465	2.9051935
132	4.463093499999999	2.9041034999999997
133	4.378315499999999	2.9026195
134	4.2958435	2.9007195
135	4.2067245	2.8984275000000004
136	4.113925500000001	2.8956545
137	4.0245225	2.8926695000000002
138	3.9337665	2.8892715000000004
139	3.8435065	2.8856905
140	3.7529445	2.8816705000000002
141	3.6599695	2.8771765
142	3.5654375	2.8724185
143	3.4677945	2.8675284999999997
144	3.3691465	2.8622484999999998
145	3.2658815	2.8565665000000005
146	3.1590215	2.8504555
147	3.0537735	2.8442035
148	2.9471754999999997	2.8374855000000005
149	2.8436075	2.8306665000000004
150	2.7372345	2.8235565000000005
151	2.6292785	2.8160225
152	2.5200715	2.8083705000000005
153	2.4094705	2.8002895
154	2.2975135	2.7919915
155	2.1841304999999998	2.7836555
156	2.0683724999999997	2.7747634999999997
157	1.9493004999999999	2.7656545
158	1.8290935	2.7561415
159	1.7089535	2.7463105
160	1.5892184999999999	2.7362795
161	1.4678594999999999	2.7257555
162	1.3493685	2.7148944999999998
163	1.2273904999999998	2.7036745
164	1.1048855	2.6921855
165	0.9770477	2.6803025
166	0.8485221999999999	2.6683755
167	0.7212843	2.6557945
168	0.5926385	2.6426534999999998
169	0.45916869999999993	2.6290225000000005
170	0.32419829999999994	2.6149044999999997
171	0.18773449999999994	2.6003084999999997
172	0.051765409999999935	2.5856684999999997
173	-0.08787480000000006	2.5703755
174	-0.22564160000000005	2.5545454999999997
175	-0.36855610000000005	2.5381465
176	-0.5143554	2.5214365
177	-0.6617923000000001	2.5046215
178	-0.8138697	2.4868945
179	-0.9653347000000001	2.4687835
180	-1.1179285	2.4498284999999997
181	-1.2769105	2.4304825
182	-1.4347125	2.4103785
183	-1.5942995	2.3903895000000004
184	-1.7546975	2.3694055
185	-1.9117535	2.3479384999999997
186	-2.0729175	2.3260375
187	-2.2315225	2.3035935
188	-2.3883935000000003	2.2806335000000004
189	-2.5464635	2.2576295
190	-2.7071015000000003	2.2335875000000005
191	-2.8656705000000002	2.2089095
192	-3.0269095	2.1836595
193	-3.1832115	2.1577995000000003
194	-3.3358945	2.1314575
195	-3.4873875	2.1052455000000005
196	-3.6306935	2.0779875
197	-3.7709395	2.0503875000000003
198	-3.9152005	2.0221025
199	-4.053691499999999	1.9935175
200	-4.1874635	1.9649305000000001
201	-4.3222845	1.9353175
202	-4.4507905	1.9051605
203	-4.581751499999999	1.8744445
204	-4.7056655	1.8431225000000002
205	-4.8260585	1.8113825000000001
206	-4.9359485	1.7799505000000002
207	-5.047767500000001	1.7476065
208	-5.145521499999999	1.7148385000000002
209	-5.2481715	1.6816075000000001
210	-5.3416175	1.6481115000000002
211	-5.4317785	1.6140955000000001
212	-5.5199835	1.5803235000000002
213	-5.6108115000000005	1.5455265
214	-5.6899245	1.5103075000000001
215	-5.771981500000001	1.4746305000000002
216	-5.842570500000001	1.4386105
217	-5.9074075	1.4023225000000001
218	-5.9725945	1.3665675000000002
219	-6.0240185	1.3299075
220	-6.073558500000001	1.2929745000000001
221	-6.127682500000001	1.2557315000000002
222	-6.1722515	1.2181425000000001
223	-6.215723499999999	1.1802815000000002
224	-6.260284500000001	1.1429625
225	-6.2964685	1.1045925
226	-6.336206499999999	1.0659395
227	-6.364601500000001	1.0270815000000002
228	-6.3874335	0.9881037000000001
229	-6.405497499999999	0.9498470000000001
230	-6.4253055	0.9107380000000002
231	-6.4342635	0.8715206000000001
232	-6.4498835	0.8322180000000001
233	-6.459702500000001	0.7927198000000001
234	-6.466635500000001	0.7529795000000001
235	-6.471394500000001	0.7139302000000001
236	-6.4843265	0.6740218000000001
237	-6.482751500000001	0.6340422000000001
238	-6.4883895	0.5939863000000001
239	-6.4815345	0.5539422000000002
240	-6.4709295000000004	0.5138839000000002
241	-6.465956500000001	0.47472200000000014
242	-6.449415500000001	0.4347815000000001
243	-6.433258500000001	0.3949031000000001
244	-6.4277835	0.3550223000000001
245	-6.4141195	0.3151946000000001
246	-6.4006135	0.27517560000000013
247	-6.3950605	0.23515900000000012
248	-6.375963499999999	0.19520690000000013
249	-6.3553785000000005	0.1552548000000001
250	-6.3445374999999995	0.11626540000000012
251	-6.321232500000001	0.07658281000000011
252	-6.2961955	0.03703380000000012
253	-6.2805125	-0.0023378829999998836
254	-6.2550905	-0.04157825999999988
255	-6.242943500000001	-0.08066661999999988
256	-6.2222285	-0.11887739999999988
257	-6.203492499999999	-0.1578367999999999
258	-6.185734500000001	-0.19673849999999987
259	-6.1775985	-0.2355389999999999
260	-6.156038499999999	-0.2742172999999999
261	-6.1451595	-0.31268839999999987
262	-6.1235085	-0.35017359999999986
263	-6.1011965	-0.3881998999999999
264	-6.079933499999999	-0.4260145999999999
265	-6.0719245	-0.4635943999999999
266	-6.0554585	-0.5009942999999999
267	-6.0523085000000005	-0.5382673999999998
268	-6.0402685	-0.5746768999999999
269	-6.0304965	-0.6117130999999999
270	-6.0315294999999995	-0.6486108999999999
271	-6.0283245	-0.6853221999999999
272	-6.018508499999999	-0.7218169999999999
273	-6.007341500000001	-0.7572798999999999
274	-6.0080855	-0.7931640999999999
275	-5.9971435	-0.8288043999999999
276	-5.9996975	-0.8642531999999998
277	-5.993206499999999	-0.8994353999999999
278	-5.990524499999999	-0.9344996999999999
279	-5.9910285000000005	-0.9686077999999999
280	-6.003897500000001	-1.0033385
281	-6.007327500000001	-1.0379535
282	-6.0215125	-1.0722854999999998
283	-6.0233875	-1.1062744999999998
284	-6.0243115	-1.1400184999999998
285	-6.035731500000001	-1.1728394999999998
286	-6.036578499999999	-1.2059274999999998
287	-6.039602500000001	-1.2387694999999999
288	-6.0559235000000005	-1.2713435
289	-6.0637574999999995	-1.3037755
290	-6.0737235	-1.3360595
291	-6.0960985	-1.3674054999999998
292	-6.108829500000001	-1.3992544999999998
293	-6.1208735	-1.4307785
294	-6.1416725	-1.4620004999999998
295	-6.1506025	-1.4928435
296	-6.158723500000001	-1.5234044999999998
297	-6.1768935	-1.5530125
298	-6.185629499999999	-1.5829034999999998
299	-6.2061665	-1.6125545
300	-6.218588499999999	-1.6419875
301	-6.2320245	-1.6711245
302	-6.246057500000001	-1.6995535
303	-6.271698499999999	-1.7282804999999999
304	-6.284767499999999	-1.7566775
305	-6.306554500000001	-1.7847294999999999
306	-6.3146805	-1.8124444999999998
307	-6.320873499999999	-1.8397644999999998
308	-6.3280745	-1.8662094999999999
309	-6.345601500000001	-1.8927625
310	-6.353830500000001	-1.9190744999999998
311	-6.373222500000001	-1.9451515
312	-6.384083500000001	-1.9709815
313	-6.3956064999999995	-1.9965575
314	-6.4170625	-2.0212575
315	-6.4245085	-2.0462305
316	-6.430785500000001	-2.0707914999999995
317	-6.444255500000001	-2.0949264999999997
318	-6.446365500000001	-2.1186394999999996
319	-6.447452500000001	-2.1419745
320	-6.4591475	-2.1644815
321	-6.4621835	-2.1871535
322	-6.4665105	-2.2095215
323	-6.4795605	-2.2316825
324	-6.485284500000001	-2.2534834999999998
325	-6.489010500000001	-2.2749745
326	-6.4977965	-2.2956955
327	-6.4981025	-2.3164815
328	-6.502238500000001	-2.3368085
329	-6.494229499999999	-2.3568084999999996
330	-6.4892085	-2.3762445000000003
331	-6.4821665	-2.3951065
332	-6.4851925	-2.4138814999999996
333	-6.4795205	-2.4325624999999995
334	-6.4824395	-2.4507725000000002
335	-6.4799995	-2.4688635000000003
336	-6.474560500000001	-2.4864755
337	-6.467204499999999	-2.5034184999999995
338	-6.4627795	-2.5203555
339	-6.449621499999999	-2.5368015
340	-6.4417325000000005	-2.5528335
341	-6.424269499999999	-2.5685744999999995
342	-6.4089645	-2.5839584999999996
343	-6.400769500000001	-2.5985534999999995
344	-6.386784499999999	-2.6132764999999996
345	-6.3721005	-2.6276694999999997
346	-6.3657295000000005	-2.6418384999999995
347	-6.3508985	-2.6556464999999996
348	-6.3323155	-2.6687744999999996
349	-6.316501499999999	-2.6818085
350	-6.291344499999999	-2.6944225
351	-6.266441500000001	-2.7065145
352	-6.245689499999999	-2.7182625
353	-6.217090499999999	-2.7296525000000003
354	-6.1919725	-2.7404874999999995
355	-6.169976500000001	-2.7513805
356	-6.1447965	-2.7618715
357	-6.121909499999999	-2.7722024999999997
358	-6.092845499999999	-2.7819645
359	-6.0589835	-2.7914445
360	-6.023877499999999	-2.8002835
361	-5.9885755	-2.8090735000000002
362	-5.948247500000001	-2.8171665
363	-5.9087855000000005	-2.8250605
364	-5.866179499999999	-2.8325784999999994
365	-5.8238775	-2.8397034999999997
366	-5.7805505	-2.8465324999999995
367	-5.742653499999999	-2.8529545
368	-5.6968695	-2.8592585
369	-5.655943499999999	-2.8651305000000002
370	-5.604490500000001	-2.8706185
371	-5.5499685	-2.8754815000000002
372	-5.497666499999999	-2.8801344999999996
373	-5.4384695	-2.8844114999999997
374	-5.3816705	-2.8881385
375	-5.319841500000001	-2.8915154999999997
376	-5.2589735	-2.8946435
377	-5.1994425	-2.8973705
378	-5.141481499999999	-2.8997705
379	-5.0791735	-2.9018965000000003
380	-5.015743499999999	-2.9036194999999996
381	-4.9457395	-2.9049325
382	-4.8733065	-2.9058304999999995
383	-4.7965385000000005	-2.9063035
384	-4.723214499999999	-2.9063974999999997
385	-4.643819499999999	-2.9060565
386	-4.566964499999999	-2.9053955
387	-4.486506500000001	-2.9044214999999998
388	-4.4086075000000005	-2.9030924999999996
389	-4.3293245	-2.9014865
390	-4.2472175	-2.8994504999999995
391	-4.163634500000001	-2.8970985000000002
392	-4.076935499999999	-2.8942885
393	-3.9876584999999998	-2.8911165
394	-3.8935445	-2.8876595
395	-3.8002015	-2.8838035
396	-3.6777355000000003	-2.8794895
397	-3.5843145	-2.8749104999999995
398	-3.4889835000000002	-2.8700275
399	-3.3922895	-2.8648445000000002
400	-3.2975185000000002	-2.8594475
401	-3.2036045	-2.8535164999999996
402	-3.1038005	-2.8474845
403	-3.0020395	-2.8409885
404	-2.8989165	-2.8343315000000002
405	-2.7921875000000003	-2.8273064999999997
406	-2.6843305	-2.8201564999999995
407	-2.5769925000000002	-2.8126014999999995
408	-2.4689815	-2.8047515
409	-2.3608105	-2.7968415
410	-2.2526455	-2.7884824999999998
411	-2.1444445	-2.7797465
412	-2.0338005	-2.7711014999999994
413	-1.9211075	-2.7617735000000003
414	-1.8061795	-2.7522595
415	-1.6881605	-2.7422305
416	-1.5705395	-2.7320545000000003
417	-1.4504685000000002	-2.7216555
418	-1.3301575	-2.7110385
419	-1.2103875000000002	-2.6998974999999996
420	-1.0877495000000001	-2.6884375
421	-0.964411	-2.6766464999999995
422	-0.8436058000000001	-2.6641885
423	-0.7181498000000001	-2.6514664999999997
424	-0.5258160000000001	-2.6385654999999995
425	-0.46055750000000006	-2.6248275000000003
426	-0.32704820000000007	-2.6107154999999995
427	-0.19568060000000007	-2.5962404999999995
428	-0.05854314000000006	-2.5812264999999996
429	0.07733999999999994	-2.5661655000000003
430	0.22024769999999994	-2.5502975
431	0.36199279999999995	-2.5340904999999996
432	0.5084606999999999	-2.5172695000000003
433	0.654315	-2.4999135
434	0.8047	-2.4820385
435	0.9584111	-2.4638444999999995
436	1.1150665	-2.4448894999999995
437	1.2695395	-2.4252925000000003
438	1.4296885	-2.4053135
439	1.5850965	-2.3847645
440	1.7448195	-2.3637485
441	1.9038165	-2.3428705
442	2.0620525	-2.3208605
443	2.2235015	-2.2983465
444	2.3872295	-2.2751425000000003
445	2.5474425	-2.2513994999999998
446	2.7087335	-2.2271535
447	2.8733865	-2.2027174999999994
448	3.0272715	-2.1773454999999995
449	3.1806674999999998	-2.1515154999999995
450	3.3352425	-2.1251255000000002
451	3.4806065	-2.0983624999999995
452	3.6241635	-2.0712035
453	3.7715525	-2.0440045
454	3.9094395	-2.0157514999999995
455	4.052436500000001	-1.9868465
456	4.1879425	-1.9575544999999999
457	4.3205805	-1.9276915
458	4.450350500000001	-1.8978354999999998
459	4.5780955	-1.8670734999999998
460	4.6961165000000005	-1.8356854999999999
461	4.811868499999999	-1.8041334999999998
462	4.9206745000000005	-1.7721695
463	5.022826500000001	-1.7399105
464	5.123559500000001	-1.7077805
465	5.2263565	-1.6745794999999999
466	5.319836499999999	-1.6409665
467	5.418637499999999	-1.6067935
468	5.5066165	-1.5722734999999999
469	5.588979500000001	-1.5374554999999999
470	5.6705185	-1.5029664999999999
471	5.742316499999999	-1.4674554999999998
472	5.8071415	-1.4317235
473	5.8734845	-1.3957184999999999
474	5.930044499999999	-1.3594804999999999
475	5.9823045	-1.3229345
476	6.039571499999999	-1.2868864999999998
477	6.089242499999999	-1.2496805
478	6.1357634999999995	-1.2121605
479	6.1858495	-1.1743525
480	6.2240445	-1.1363264999999998
481	6.2552865	-1.0980694999999998
482	6.2914224999999995	-1.0604945
483	6.315580499999999	-1.0220045
484	6.340583499999999	-0.9834023999999999
485	6.3578624999999995	-0.9446782999999999
486	6.3695675000000005	-0.9057992999999999
487	6.3829305000000005	-0.8675424999999999
488	6.4047155	-0.8283160999999999
489	6.4168875	-0.7888890999999999
490	6.434314499999999	-0.7493055999999999
491	6.440217499999999	-0.7096641999999999
492	6.442228500000001	-0.6699745999999999
493	6.4389115	-0.6310569999999999
494	6.442776500000001	-0.5913350999999999
495	6.435057499999999	-0.5516616999999999
496	6.435544500000001	-0.5120433999999999
497	6.4256095	-0.47242299999999987
498	6.417341499999999	-0.4327265999999999
499	6.4183325	-0.3937581999999999
500	6.4092295	-0.35382209999999986
501	6.398564499999999	-0.3139136999999999
502	6.397477500000001	-0.2740674999999999
503	6.382206500000001	-0.23427899999999988
504	6.3643795	-0.19463559999999988
505	6.354986500000001	-0.1559363999999999
506	6.3339345	-0.11654629999999988
507	6.3128925	-0.07722766999999989
508	6.304363499999999	-0.03795965999999988
509	6.2863995	0.0012254447000001163
510	6.270398500000001	0.03962049000000012
511	6.2659234999999995	0.07871345000000012
