4.514954308845776	13.1237893092355	0.21137516319711214	-5.212420403935164
4.515367958871602	13.113588877916644	0.28345926196003157	-8.34982779054457
4.516063738442488	13.091108965632586	0.38646747304092566	-15.523915715476974
4.516880551721077	13.052829912298339	0.3173355178574999	-21.590486096644785
4.517305756124905	13.006606084628105	0.06756804841494635	-25.632896222742154
4.51714500592231	12.952505465242597	-0.2808602763581871	-29.636927716936608
4.51620649868319	12.890610281430702	-0.7265021662970375	-33.595344639351
4.514301553216646	12.821016836517153	-1.2676171056571444	-37.50100489117893
4.511245179287272	12.743835311210823	-1.9021758958798638	-41.34687535779503
4.50685663777289	12.659189535703865	-2.627865861421751	-45.126046571034
4.500959990005778	12.56721673363339	-3.442096669715087	-48.83174668717543
4.4933846351516955	12.468067239472258	-4.3420067020794	-52.45735463039222
4.4839658346160345	12.361904191048685	-5.324469885737794	-55.99641216917796
4.472545222683054	12.24890319967117	-6.386102863528331	-59.4426345896079
4.458971302860542	12.129252000874095	-7.523272333496034	-62.78991958466731
4.443099929792659	12.00315008975075	-8.732102316128167	-66.03235375217733
4.42479477716141	11.870808346266747	-10.008481023658723	-69.16421598969788
4.40392779271376	11.73244865730575	-11.348066866860306	-72.17997676060108
4.380379642653151	11.588303544855393	-12.746292949168101	-75.07429181931296
4.354040149077094	11.438615812611765	-14.19836919764717	-77.84198882323447
4.324808726028309	11.283638226564847	-15.699280983517676	-80.47804476837565
4.292594822331428	11.123633249917535	-17.24378280148899	-82.97755203019855
4.257318382382559	10.958872856583639	-18.826385452962946	-85.3356715008564
4.218910339149577	10.789638449522794	-20.441335400158707	-87.54757312432326
4.1773131557674565	10.616220906977677	-22.08258623694362	-89.60836918402562
4.132481430198721	10.438920761914083	-23.74376566998228	-91.51305645295544
4.084382566061068	10.258048474676482	-25.418148820360663	-93.25650312431617
4.032997481782437	10.073924663580165	-27.098662490850145	-94.83354900524479
3.9783212647270165	9.886879985419164	-28.777966502307	-96.23933032843082
3.9203635620082413	9.697254094780044	-30.448682695184598	-97.46997411717345
3.859148338327077	9.505392806878367	-32.1038501360992	-98.52377612521637
3.794712485154624	9.31164244654045	-33.73763360907494	-99.402784570604
3.727102805610541	9.116340812472872	-35.34614975635451	-100.11428233515515
3.656371390217816	8.919805725072132	-36.928010734543136	-100.67111580618659
3.5825704739684934	8.722324703642396	-38.48399953524846	-101.08967435175306
3.5057490828391527	8.524151422325545	-40.01551615921785	-101.38526349880249
3.425953972366858	8.325513496210684	-41.52220043600998	-101.56655879221016
3.343235578197235	8.126630644273842	-42.9999434536509	-101.63223756797628
3.257656737714604	7.927735658371247	-44.440482496399916	-101.57197382361726
3.169300225960836	7.729088672361446	-45.83275116869258	-101.37111328174066
3.078272193023048	7.530979833393788	-47.165038076885814	-101.01611707839703
2.984701251100226	7.333722265009598	-48.42676610779328	-100.49810970264527
2.888734947982761	7.137640852170128	-49.60930548870221	-99.81376203867805
2.7905356718880845	6.943061748224165	-50.70593965319934	-98.9643278327537
2.690277258537754	6.750304931102598	-51.71140882205815	-97.95404607149331
2.588142682369266	6.559679963208536	-52.621393248960906	-96.78872028465173
2.484322686134776	6.371484108070693	-53.432113673162	-95.47476334332977
2.3790150358989646	6.186001828792373	-54.14008439456499	-94.01867851168979
2.272424117075813	6.003504935813591	-54.74198912756142	-92.42684033051107
2.164760675321425	5.82425294295867	-55.23463616656254	-90.7054448080138
2.056241588048171	5.648493410146218	-55.61495731424642	-88.86053867994605
1.9470896095122412	5.476462184915828	-55.880027281393964	-86.89807571475872
1.8375330663988796	5.308383524765557	-56.027090332440245	-84.82397432844222
1.7278054986220641	5.144470113180242	-56.05358746305196	-82.64416587901637
1.6181452485395764	4.984922992949446	-55.95718110384337	-80.36463065950277
1.5087950050649472	4.8299314413230885	-55.73577641033254	-77.99142222274229
1.4000013095558874	4.679672808124623	-55.38753909712298	-75.53068187259215
1.2920140301251313	4.534312334189655	-54.910910096569346	-72.98864528732504
1.1850858101563988	4.394002963555836	-54.304617496544566	-70.37164313895937
1.0794714958920801	4.258885159477486	-53.56768615987822	-67.68609718800012
0.9754275472997326	4.129086731900259	-52.69944537606593	-64.93851301357783
0.873211435711783	4.004722681929236	-51.699534839147525	-62.13547027691595
0.7730810312952413	3.885895067411351	-50.567909150743844	-59.2836111531225
0.675293983066993	3.772692892680224	-49.30484101218214	-56.389627422425946
0.5801070938698709	3.66519202466213	-47.91092326945574	-53.46024663283449
0.4877756923841916	3.5634551367787193	-46.38706987930748	-50.502217579852
0.3985530043226792	3.467531681883844	-44.7345158382544	-47.52229527995866
0.31268952471979083	3.3774578949784897	-42.95481618558611	-44.52722566486711
0.23043239302880011	3.293256826052662	-41.049844100295765	-41.52373009905306
0.15202477285953345	3.2149384033970687	-39.02178810974544	-38.518489805065435
0.07770523800044225	3.142499527402699	-36.87314845181604	-35.518130298464925
0.007707166394500023	3.0759241947925093	-34.60673262270088	-32.52920591039644
-0.0577418564132598	3.0151836529980165	-32.225650137738	-29.558184464911573
-0.11842062279429842	2.960236584362327	-29.73330648453237	-26.611432126932634
-0.17411487592219274	2.911029319820198	-27.133396332922977	-23.695198511898187
-0.22461786871571907	2.867496081380338	-24.42989603466184	-20.815602113501573
-0.2697309073690101	2.8295592528397613	-21.627055374721852	-17.97861603777642
-0.30926387801012944	2.7971296781013697	-18.729388633465472	-15.190054117236688
-0.3430357552495012	2.770106986236095	-15.741665001720659	-12.455557458390837
-0.3708750913241046	2.7483799424520905	-12.668898341647616	-9.780581430268224
-0.3926204845710183	2.7318268240824035	-9.516336329367624	-7.170383136325151
-0.4081210260770112	2.720315820587804	-6.289449009692459	-4.630009404623599
-0.41723672335650736	2.71370545654963	-2.99391678444804	-2.164285320836527
-0.4198388999887452	2.711845036553219	0.36438211774759416	0.2221966543446945
-0.41581057025377705	2.714575110774071	3.779384677401337	2.525086969758418
-0.40504678774842684	2.7217279601139173	7.244856597995801	4.740288648491276
-0.3874549671305058	2.7331280996135674	10.75440622182772	6.8639662806902315
-0.36295517826964907	2.7485927987858947	14.301498860184347	8.892554354683467
-0.3314804119047354	2.767932617635812	17.87947150629184	10.822764909355913
-0.29297681620979843	2.7909519569438435	21.481547831641695	12.65159444947981
-0.24740390375740975	2.8174496213519755	25.100853471274977	14.37633013689109
-0.19473472825960284	2.847219393878838	28.73043158609724	15.994555259132149
-0.13495603062199982	2.880050620409244	32.36325862188226	17.504153937890724
-0.06806835400566053	2.9157288026377057	35.99226020453937	18.903315057406207
0.005913872331187524	2.954036197933339	39.61032718908185	20.19053543699758
0.08696228078526645	2.9947524247003185	43.21033181781225	21.364622238964216
0.1750345448079478	3.037655071667054	46.78514388470456	22.42469457494761
0.2700743899230534	3.082520309533773	50.32764692403068	23.370184339925483
0.37201163648712854	3.129123503525862	53.8307543928779	24.20083627871194
0.4807622740439062	3.1772398253017258	57.2874257637128	24.916707264886867
0.5962285670691747	3.226644862683932	60.69068250732672	25.518164806935733
0.7182991918808014	3.277115225720261	64.03362395444061	26.005884799205827
0.8468494044642456	3.3284291476123307	67.30944298551205	26.380848519247255
0.981741238790829	3.3803670790245555	70.5114414859086	26.644338870596204
1.1228237351331638	3.4327122743074234	73.63304557138997	26.797935898987582
1.2699331979743513	3.4852513682573836	76.66782055323061	26.843511596009968
1.4228934828953188	3.5377749420021787	79.60948558036344	26.783223992621227
1.5815163117918207	3.5900780766433766	82.45192794189805	26.619510564887584
1.745601615740321	3.6419608933324628	85.18921701706147	26.355080974806928
1.9149379048135877	3.6932290785017208	87.81561783784517	25.9929091621215
2.089302664029343	3.7436943929885156	90.32560421146569	25.53622479893437
2.268462774525782	3.7931751638204463	92.71387140680116	24.988504137292153
2.452174959163594	3.8414967575180348	94.97534837883732	24.35346027135915
2.640186251546672	3.8884920337670574	97.10520947047638	23.635032826467892
2.8322344874237757	3.934001778365267	99.09888559962589	22.837377107918407
3.028048817494327	3.9778751144242723	100.95207491441904	21.96485273524293
3.2273502405134784	4.019969890831971	102.66075285250758	21.02201177746977
3.4298521554689163	4.060153047017109	104.22118159558481	20.01358641985558
3.6352609316899356	4.098300953140604	105.62991893009406	18.944476196634614
3.843276495704118	4.134299724890434	106.88382645202931	17.819734809636593
4.0535929334591305	4.16804551208243	107.98007708391486	16.64455656095101
4.265899106600067	4.199444760354039	108.91616191491262	15.424262437053132
4.479879281462702	4.228414445299859	109.68989634286032	14.164285875174901
4.695213769390127	4.254882278456485	110.2994254811098	12.870158242008083
4.91157957688779	4.2787868846032175	110.74322879715055	11.54749405774161
5.128651064095217	4.300077949915356	111.02012400818366	10.201976005858771
5.346100610187921	4.318716340594837	111.12927020970814	8.839339763731745
5.5635992840940744	4.334674191652075	111.07017017841875	7.465358686551079
5.780817518909717	4.347934965591123	110.8426719058673	6.085828388808046
5.997425788618017	4.358493480845062	110.44696933253253	4.706551260355459
6.2130952853775545	4.366355909858659	109.88360223868939	3.333320952950856
6.427498595814453	4.37153974680573	109.15345533884063	1.9719068811277856
6.640310374766363	4.374073745009844	108.25775657159204	0.6280387758486481
6.851208014881349	4.373997824206312	107.19807458110003	-0.6926086700803085
7.059872310504524	4.371362947866673	105.97631537325061	-1.984431024527101
7.265988114189571	4.366230970881353	104.59471817540394	-3.241909166920739
7.46924498438086	4.358674457976572	103.05585053113116	-4.459624128641926
7.669337822726288	4.348776473313283	101.36260261542579	-5.63227168532662
7.865967499509728	4.3366303417913405	99.51818077482024	-6.754676662233248
8.058841465680574	4.3223393826587495	97.52610032547555	-7.821806916404317
8.247674350098674	4.306016616091128	95.3901776353896	-8.828786960040103
8.432188540574467	4.28778444348051	93.1145215029339	-9.770911190654873
8.61211474737043	4.267774302233379	90.70352384122567	-10.643656692480741
8.78719254778083	4.246126295956124	88.16184970513741	-11.442695578194568
8.957170910599931	4.22298880094886	85.49442670088764	-12.16390684120449
9.121808699252014	4.19851805000229	82.70643376388416	-12.803387683869326
9.280875152337247	4.172877694554068	79.8032893708326	-13.357464298291692
9.434150340625136	4.146238346290777	76.79063920513849	-13.822702070539739
9.58142559932409	4.118777099366046	73.67434328908483	-14.195915181263896
9.722503934711574	4.09067703442673	70.46046263761514	-14.474175581381976
9.857200404167985	4.062126705701146	67.15524545799238	-14.654821320119044
9.985342468793736	4.033319612430178	63.765112926405365	-14.735464203699634
10.106770317774268	4.004453655980208	60.29664457024808	-14.71399676467089
10.221337163784922	3.975730583997024	56.75656330130654	-14.58859852617636
10.328909508777425	3.947355423001044	53.15172014262839	-14.357741547990265
10.429367379607342	3.9195359008346355	49.48907867157067	-14.02019523684675
10.5226045329323	3.892481860430215	45.77569919420156	-13.575030402605272
10.608528628899716	3.8664046663821687	42.018722757034084	-13.021622569531235
10.687061373468637	3.841516605754946	38.22535498163664	-12.359654518885302
10.758138628827844	3.818030284703557	34.402849736298116	-11.589118049960966
10.821710491810313	3.79615802238915	30.55849276462862	-10.710314978732809
10.877741340235392	3.776111243690904	26.69958523786328	-9.723857348856743
10.926209846948721	3.758099872295777	22.833427294044508	-8.63066686286001
10.967108961738502	3.7423317256366575	18.967301626755734	-7.431973541728593
11.00044586114346	3.729011913228346	15.108457104194693	-6.129313595270392
11.026241866255898	3.718342239940883	11.264092523809456	-4.724526533422781
11.04453232894702	3.710520615641564	7.441340519894096	-3.2197515170110886
11.055366486686012	3.7057404727510157	3.6472515925308464	-1.6174229275217695
11.058807286256338	3.7041901932246493	-0.11122160312412355	0.0797347915836113
11.054931177084743	3.706052546299288	-3.8272396628992436	1.8687130044865405
11.043827874659863	3.7115041384476886	-7.494091642175612	3.7462255154677107
11.025600094336502	3.7207148770838976	-11.10520992894149	5.7087159026675
11.000363256542675	3.7338474492213383	-14.654184651422376	7.75236548852203
10.968245164193949	3.751056816373612	-18.134777768424048	9.87310201611306
10.929385652752366	3.7724897271709	-21.540936767949276	12.06660899216665
10.88393621402585	3.798284248828276	-24.86680783448617	14.328335619869398
10.832059594691755	3.8285693186380994	-28.106748519738268	16.653507328397616
10.77392937050437	3.863464316649793	-31.255339931120158	19.037136900186056
10.709729497113985	3.9030786607131915	-34.30739839110781	21.474036161221772
10.639653838640934	3.947511424912892	-37.257986452622625	23.958828152550463
10.563905675381607	3.9968509822495926	-40.10242332400868	26.485959800994628
10.482697191580234	4.051174672666296	-42.8362947301844	29.049715091130963
10.396248944539398	4.110548497283373	-45.455462079456815	31.644228640520467
10.304789316513867	4.175026839556787	-47.956070917704345	34.2634996433457
10.208553950732336	4.244652214087075	-50.334558741617805	36.9014062107752
10.107785172711058	4.319455043904243	-52.58766213984182	39.55172006757395
10.00273139832591	4.399453466797736	-54.71242314332606	42.208121496218766
9.893646530271425	4.48465317109101	-56.706194826079525	44.86421452994545
9.780789344212096	4.575047261435487	-58.5666462026178	47.51354240204293
9.664422866073313	4.670616155052039	-60.291766373320286	50.14960318967539
9.54481374196818	4.771327508753199	-61.879867854707264	52.76586556935612
9.422231602454106	4.87713617684991	-63.329589122099165	55.3557846726026
9.29694842250791	4.987984200231096	-64.63989640848196	57.912818043550516
9.169237878741848	5.10380082672682	-65.81008471635808	60.43044162998189
9.039374705418446	5.224502562775056	-66.83977801491731	62.90216574435556
8.907634050894814	5.34999325625463	-67.7289286326308	65.32155096255255
8.774290836014803	5.4801642103780015	-68.47781591655001	67.6822239874571
8.639619115800684	5.614894328612584	-69.08704408681744	69.97789336742872
8.503891446242523	5.754050290093965	-69.55753928154633	72.20236502164076
8.367378257555885	5.897486755311765	-69.89054587546002	74.34955760563753
8.230347235379666	6.045046601662018	-70.08762203425239	76.41351763524648
8.093062711433566	6.196561188326428	-70.15063451687627	78.38843433256203
7.955785065059211	6.351850649930363	-70.08175272879745	80.2686541438614
7.818770137152558	6.510724218243694	-69.88344206957758	82.04869492622684
7.682268657741882	6.672980571363736	-69.55845660265544	83.72325978101524
7.546525688609876	6.838408209558822	-69.10983100851253	85.2872504353553
7.411780082366099	7.006785856825009	-68.54087187800893	86.73578017986164
7.278263959146044	7.1778828873665	-67.85514839551524	88.06418636533617
7.146202202148818	7.351459776063115	-67.05648238398658	89.2680423660698
7.015811973298739	7.527268571773818	-66.14893774190497	90.34316898479216
6.887302250125707	7.7050533924419495	-65.13680934199759	91.28564532758162
6.760873384876048	7.884550940962004	-64.02461138762362	92.0918190814265
6.636716686964753	8.065491040510155	-62.81706525040084	92.75831616290995
6.515014029688569	8.247597188174959	-61.519086833522394	93.28204973157311
6.395937482136877	8.430587125565236	-60.135773473847436	93.66022851939121
6.279648967168618	8.61417342504146	-58.67239045304585	93.89036451387365
6.166299946117128	8.798064090394487	-57.13435712106509	93.97027992931801
6.056031131078344	8.981963170361688	-55.527232645597344	93.89811341723234
5.94897222539072	9.165571383612617	-53.85670147200812	93.67232557608668
5.845241692831737	9.348586753829737	-52.12855851622794	93.2917037292219
5.744946556051276	9.530705253394308	-50.34869409552086	92.75536590433059
5.648182224747506	9.711621454042382	-48.523078644007754	92.0627640173676
5.555032353922087	9.891029183012185	-46.65774730363935	91.2136863519532
5.465568732365356	10.068622183404234	-44.75878436869975	90.20825921703471
5.379851201794104	10.244094776816626	-42.832307608257324	89.04694775154437
5.29792760669703	10.417142526854505	-40.884452577811196	87.73055601121344
5.219833774875077	10.587462902105132	-38.921356916703594	86.26022625929474
5.145593528745157	10.754755936871314	-36.949144649785296	84.6374374201233
5.075218727322102	10.918724888093873	-34.97391055180243	82.86400273430927
5.008709338718533	11.07907688690775	-33.00170462941465	80.9420666611544
4.946053542862553	11.235523583440857	-31.038516746116994	78.87410100768544
4.887227864174044	11.38778178321963	-29.09026141104134	76.66290025428997
4.832197333817382	11.535574073672912	-27.16276278360697	74.31157611830226
4.78091568106795	11.678629439259952	-25.26173993853871	71.82355139073321
4.733325553236017	11.816683863851907	-23.39279242007727	69.20255304302735
4.68935876357254	11.949480918880411	-21.561386101223576	66.4526045616514
4.6489365665384685	12.07677233571747	-19.772839416890434	63.57801762876848
4.611969959592538	12.198318561263067	-18.032309994271312	60.583383136244606
4.578360010787896	12.313889295154826	-16.344781687381357	57.47356147933053
4.547998211305331	12.423264007366122	-14.71505207816905	54.25367224276884
4.52076685196923	12.526232435048247	-13.147720462770437	50.9290832648321
4.496539422801337	12.622595057326325	-11.64717635825264	47.505399134125895
4.475181034520101	12.71216354711919	-10.21758854848856	43.98844910252261
4.456548860967723	12.794761198627784	-8.862894692300427	40.38427443109341
4.440492601282134	12.870223329628361	-7.5867915403935	36.699115278451664
4.426854960613932	12.93839765764325	-6.392725772297692	32.939397119741606
4.415472148161595	12.999144649079405	-5.2838854672442634	29.11171668252424
4.40617439127051	13.052337840353717	-4.263192239030537	25.22282747358098
4.398786464251495	13.097864130385005	-3.3332940638665276	21.279624986929292
4.393128230550876	13.135624043825064	-2.4965587978857773	17.289131509023786
4.389015196940788	13.165531964079815	-1.7550684117929332	13.2584806310035
4.386259078254231	13.187516335922925	-1.1106139623880082	9.194901526916677
4.384668371256295	13.201519836983598	-0.5646912998726057	5.105702963191443
4.384048936180365	13.207499517774947	-0.1753045030967728	1.6988651096796659
4.383982247956503	13.208169015495065	-0.003687052999874929	0.006387279659299416
4.3840345054445535	13.207524516912557	0.026703576393856565	-0.32933877566160596
