0.000000000000000000e+00	-6.486811500000000700e-04	-1.674497145365871681e-04	-5.927984284434265278e-04
1.000000000000000000e+00	-6.395979499999999941e-04	-1.685879126908961033e-04	-5.726943509320364710e-04
2.000000000000000000e+00	-6.304181500000000452e-04	-1.696867168911934097e-04	-5.524597854946814964e-04
3.000000000000000000e+00	-6.211430500000000160e-04	-1.707458767758666506e-04	-5.320993425600704409e-04
4.000000000000000000e+00	-6.117738499999999906e-04	-1.717651510162273481e-04	-5.116176612379929808e-04
5.000000000000000000e+00	-6.023121499999999724e-04	-1.727443073714974881e-04	-4.910194082623041542e-04
6.000000000000000000e+00	-5.927594500000000393e-04	-1.736831227417254449e-04	-4.703092769276122700e-04
7.000000000000000000e+00	-5.831170499999999840e-04	-1.745813832186190703e-04	-4.494919860199155068e-04
8.000000000000000000e+00	-5.733862500000000331e-04	-1.754388841342845661e-04	-4.285722787414298967e-04
9.000000000000000000e+00	-5.635688500000000413e-04	-1.762554301078598357e-04	-4.075549216298561669e-04
1.000000000000000000e+01	-5.536662500000000525e-04	-1.770308350900319061e-04	-3.864447034723270504e-04
1.100000000000000000e+01	-5.436796500000000421e-04	-1.777649224054280136e-04	-3.652464342142866028e-04
1.200000000000000000e+01	-5.336109500000000075e-04	-1.784575247928710544e-04	-3.439649438635480720e-04
1.300000000000000000e+01	-5.234613500000000327e-04	-1.791084844434898604e-04	-3.226050813897800664e-04
1.400000000000000000e+01	-5.132325500000000469e-04	-1.797176530366757883e-04	-3.011717136196741837e-04
1.500000000000000000e+01	-5.003375499999999747e-04	-1.802848917738774639e-04	-2.796697241280416768e-04
1.600000000000000000e+01	-4.925433500000000282e-04	-1.808100714102258756e-04	-2.581040121250953012e-04
1.700000000000000000e+01	-4.820863500000000163e-04	-1.812930722839828498e-04	-2.364794913401687434e-04
1.800000000000000000e+01	-4.715560499999999996e-04	-1.817337843438057276e-04	-2.148010889021262262e-04
1.900000000000000000e+01	-4.609544500000000095e-04	-1.821321071738224938e-04	-1.930737442167222511e-04
2.000000000000000000e+01	-4.502829500000000355e-04	-1.824879500165114792e-04	-1.713024078411611462e-04
2.100000000000000000e+01	-4.395432500000000069e-04	-1.828012317933804562e-04	-1.494920403561155690e-04
2.200000000000000000e+01	-4.287369500000000355e-04	-1.830718811234401436e-04	-1.276476112354659072e-04
2.300000000000000000e+01	-4.178657499999999963e-04	-1.832998363394684044e-04	-1.057740977140053109e-04
2.400000000000000000e+01	-4.069311500000000214e-04	-1.834850455020610991e-04	-8.387648365338444003e-05
2.500000000000000000e+01	-3.959348500000000400e-04	-1.836274664114664239e-04	-6.195975840654151430e-05
2.600000000000000000e+01	-3.848786500000000153e-04	-1.837270666171999134e-04	-4.002891568088151890e-05
2.700000000000000000e+01	-3.737639499999999911e-04	-1.837838234254385642e-04	-1.808895240046605877e-05
2.800000000000000000e+01	-3.625926500000000189e-04	-1.837977239041913946e-04	3.855132432532860446e-06
2.900000000000000000e+01	-3.513662500000000141e-04	-1.837687648862459814e-04	2.579833887685093689e-05
3.000000000000000000e+01	-3.400864500000000141e-04	-1.836969529698901857e-04	4.773566719136367644e-05
3.100000000000000000e+01	-3.287550500000000365e-04	-1.835823045174087443e-04	6.966211897427446794e-05
3.200000000000000000e+01	-3.173739500000000244e-04	-1.834248456513550777e-04	9.157269830199430956e-05
3.300000000000000000e+01	-3.059444500000000418e-04	-1.832246122485993456e-04	1.134624128674601150e-04
3.400000000000000000e+01	-2.944684500000000317e-04	-1.829816499321538603e-04	1.353262751176272593e-04
3.500000000000000000e+01	-2.829479500000000257e-04	-1.826960140607779466e-04	1.571593033898791415e-04
3.600000000000000000e+01	-2.713841499999999993e-04	-1.823677697163646042e-04	1.789565230470960039e-04
3.700000000000000000e+01	-2.597791500000000181e-04	-1.819969916891114956e-04	2.007129676111199708e-04
3.800000000000000000e+01	-2.481347499999999912e-04	-1.815837644604801336e-04	2.224236798943637851e-04
3.900000000000000000e+01	-2.364524500000000234e-04	-1.811281821839468204e-04	2.440837131293032228e-04
4.000000000000000000e+01	-2.247341500000000309e-04	-1.806303486635499193e-04	2.656881320955903065e-04
4.100000000000000000e+01	-2.129815500000000242e-04	-1.800903773302382001e-04	2.872320142445436452e-04
4.200000000000000000e+01	-2.011965500000000278e-04	-1.795083912160255475e-04	3.087104508207433838e-04
4.300000000000000000e+01	-1.893807500000000180e-04	-1.788845229259583981e-04	3.301185479804884183e-04
4.400000000000000000e+01	-1.775361500000000264e-04	-1.782189146079016825e-04	3.514514279068556399e-04
4.500000000000000000e+01	-1.656643500000000294e-04	-1.775117179201505895e-04	3.727042299211033301e-04
4.600000000000000000e+01	-1.537671500000000174e-04	-1.767630939968753347e-04	3.938721115901766870e-04
4.700000000000000000e+01	-1.418464500000000148e-04	-1.759732134114069314e-04	4.149502498300487686e-04
4.800000000000000000e+01	-1.299039500000000050e-04	-1.751422561373721471e-04	4.359338420046575142e-04
4.900000000000000000e+01	-1.179415500000000126e-04	-1.742704115076865927e-04	4.568181070201836791e-04
5.000000000000000000e+01	-1.059609500000000210e-04	-1.733578781714155913e-04	4.775982864144153275e-04
5.100000000000000000e+01	-9.396392000000001836e-05	-1.724048640485119094e-04	4.982696454409638823e-04
5.200000000000000000e+01	-8.195236000000001575e-05	-1.714115862824415969e-04	5.188274741480689229e-04
5.300000000000000000e+01	-6.992808000000001777e-05	-1.703782711907078033e-04	5.392670884517575952e-04
5.400000000000000000e+01	-5.789286000000002020e-05	-1.693051542132847128e-04	5.595838312031102459e-04
5.500000000000000000e+01	-4.584849000000001951e-05	-1.681924798589726309e-04	5.797730732493863812e-04
5.600000000000000000e+01	-3.379682000000001636e-05	-1.670405016496869866e-04	5.998302144887740538e-04
5.700000000000000000e+01	-2.173966000000001879e-05	-1.658494820626933426e-04	6.197506849185188942e-04
5.800000000000000000e+01	-9.678820000000017896e-06	-1.646196924708025048e-04	6.395299456761954554e-04
5.900000000000000000e+01	2.383889199999982163e-06	-1.633514130805381202e-04	6.591634900738838629e-04
6.000000000000000000e+01	1.444664999999998136e-05	-1.620449328682920767e-04	6.786468446250135730e-04
6.100000000000000000e+01	2.650762999999998188e-05	-1.607005495144813931e-04	6.979755700636441689e-04
6.200000000000000000e+01	3.856503999999998339e-05	-1.593185693357219946e-04	7.171452623559493355e-04
6.300000000000000000e+01	5.061704999999998322e-05	-1.578993072150347706e-04	7.361515537036697129e-04
6.400000000000000000e+01	6.266180999999997731e-05	-1.564430865300996067e-04	7.549901135393154075e-04
6.500000000000000000e+01	7.469757999999997948e-05	-1.549502390795743062e-04	7.736566495128793059e-04
6.600000000000000000e+01	8.672247999999998017e-05	-1.534211050074942300e-04	7.921469084698466332e-04
6.700000000000000000e+01	9.873475999999997894e-05	-1.518560327257711126e-04	8.104566774202730684e-04
6.800000000000000000e+01	1.107325499999999805e-04	-1.502553788348073458e-04	8.285817844987098096e-04
6.900000000000000000e+01	1.227140499999999673e-04	-1.486195080422450813e-04	8.465180999147606982e-04
7.000000000000000000e+01	1.346775499999999825e-04	-1.469487930798679621e-04	8.642615368940506594e-04
7.100000000000000000e+01	1.466211499999999879e-04	-1.452436146186743466e-04	8.818080526093937136e-04
7.200000000000000000e+01	1.585430499999999931e-04	-1.435043611821417038e-04	8.991536491019493571e-04
7.300000000000000000e+01	1.704414499999999807e-04	-1.417314290577021297e-04	9.162943741921522047e-04
7.400000000000000000e+01	1.823146499999999943e-04	-1.399252222064482822e-04	9.332263223802132355e-04
7.500000000000000000e+01	1.941607499999999824e-04	-1.380861521710914207e-04	9.499456357359853387e-04
7.600000000000000000e+01	2.059780499999999887e-04	-1.362146379821916600e-04	9.664485047779886821e-04
7.700000000000000000e+01	2.177646499999999887e-04	-1.343111060626820427e-04	9.827311693413989021e-04
7.800000000000000000e+01	2.295189499999999788e-04	-1.323759901307087377e-04	9.987899194347960204e-04
7.900000000000000000e+01	2.412391499999999686e-04	-1.304097311008085868e-04	1.014621096085483809e-03
8.000000000000000000e+01	2.529232499999999810e-04	-1.284127769834470130e-04	1.030221092173183800e-03
8.100000000000000000e+01	2.645698499999999992e-04	-1.263855827829392744e-04	1.045586353251914307e-03
8.200000000000000000e+01	2.761769499999999918e-04	-1.243286103937782123e-04	1.060713378359867112e-03
8.300000000000000000e+01	2.877428499999999754e-04	-1.222423284953918306e-04	1.075598720817100545e-03
8.400000000000000000e+01	2.992659500000000006e-04	-1.201272124453551957e-04	1.090238989010860506e-03
8.500000000000000000e+01	3.107441500000000020e-04	-1.179837441710805370e-04	1.104630847168358142e-03
8.600000000000000000e+01	3.221760499999999899e-04	-1.158124120600104975e-04	1.118771016116823112e-03
8.700000000000000000e+01	3.335599499999999809e-04	-1.136137108483395127e-04	1.132656274030658088e-03
8.800000000000000000e+01	3.448937499999999638e-04	-1.113881415082885649e-04	1.146283457165531454e-03
8.900000000000000000e+01	3.561763499999999970e-04	-1.091362111339590777e-04	1.159649460579232532e-03
9.000000000000000000e+01	3.674054500000000010e-04	-1.068584328257919978e-04	1.172751238839130202e-03
9.100000000000000000e+01	3.785799499999999802e-04	-1.045553255736581119e-04	1.185585806716072483e-03
9.200000000000000000e+01	3.896976499999999974e-04	-1.022274141386069211e-04	1.198150239864568352e-03
9.300000000000000000e+01	4.007570499999999749e-04	-9.987522893330002616e-05	1.210441675489097634e-03
9.400000000000000000e+01	4.117564499999999835e-04	-9.749930590115730609e-05	1.222457312996395222e-03
9.500000000000000000e+01	4.226944499999999794e-04	-9.510018639424229296e-05	1.234194414633566286e-03
9.600000000000000000e+01	4.335690499999999854e-04	-9.267841704991594640e-05	1.245650306111878739e-03
9.700000000000000000e+01	4.443786499999999979e-04	-9.023454966628556800e-05	1.256822377216098956e-03
9.800000000000000000e+01	4.551219500000000073e-04	-8.776914107647811535e-05	1.267708082399226534e-03
9.900000000000000000e+01	4.657968500000000023e-04	-8.528275302176628104e-05	1.278304941362495189e-03
1.000000000000000000e+02	4.764023499999999671e-04	-8.277595202357609515e-05	1.288610539620507062e-03
1.010000000000000000e+02	4.869364499999999786e-04	-8.024930925440566353e-05	1.298622529051370565e-03
1.020000000000000000e+02	4.973974499999999450e-04	-7.770340040768390871e-05	1.308338628431718808e-03
1.030000000000000000e+02	5.077839499999999310e-04	-7.513880556659933226e-05	1.317756623956483058e-03
1.040000000000000000e+02	5.180946499999999812e-04	-7.255610907192838385e-05	1.326874369743308258e-03
1.050000000000000000e+02	5.283273499999999959e-04	-6.995589938889424189e-05	1.335689788321489180e-03
1.060000000000000000e+02	5.384812500000000276e-04	-6.733876897308521128e-05	1.344200871105319861e-03
1.070000000000000000e+02	5.485541499999999765e-04	-6.470531413546432953e-05	1.352405678851750304e-03
1.080000000000000000e+02	5.585450499999999353e-04	-6.205613490650049792e-05	1.360302342102239197e-03
1.090000000000000000e+02	5.684521499999999408e-04	-5.939183489945176666e-05	1.367889061608709407e-03
1.100000000000000000e+02	5.782740499999999492e-04	-5.671302117283292046e-05	1.375164108743505637e-03
1.110000000000000000e+02	5.880094499999999509e-04	-5.402030409209746485e-05	1.382125825893259488e-03
1.120000000000000000e+02	5.976565499999999826e-04	-5.131429719056645105e-05	1.388772626836576709e-03
1.130000000000000000e+02	6.072140500000000347e-04	-4.859561702963545264e-05	1.395102997105454688e-03
1.140000000000000000e+02	6.166804500000000293e-04	-4.586488305829143397e-05	1.401115494330355165e-03
1.150000000000000000e+02	6.260545499999999909e-04	-4.312271747197202285e-05	1.406808748568844124e-03
1.160000000000000000e+02	6.353347500000000245e-04	-4.036974507079864295e-05	1.412181462617734034e-03
1.170000000000000000e+02	6.445195499999999437e-04	-3.760659311721645882e-05	1.417232412308649936e-03
1.180000000000000000e+02	6.536077499999999900e-04	-3.483389119307295500e-05	1.421960446786954546e-03
1.190000000000000000e+02	6.625980499999999367e-04	-3.205227105616848817e-05	1.426364488773970794e-03
1.200000000000000000e+02	6.714888499999999974e-04	-2.926236649631064763e-05	1.430443534812437384e-03
1.210000000000000000e+02	6.802789499999999795e-04	-2.646481319090583743e-05	1.434196655495147089e-03
1.220000000000000000e+02	6.889670499999999819e-04	-2.366024856012071155e-05	1.437622995676710296e-03
1.230000000000000000e+02	6.975516500000000352e-04	-2.084931162164641841e-05	1.440721774668399582e-03
1.240000000000000000e+02	7.060318499999999409e-04	-1.803264284509914969e-05	1.443492286416029127e-03
1.250000000000000000e+02	7.144059499999999866e-04	-1.521088400608956370e-05	1.445933899660828848e-03
1.260000000000000000e+02	7.226727499999999801e-04	-1.238467803999477820e-05	1.448046058083275094e-03
1.270000000000000000e+02	7.308314499999999736e-04	-9.554668895465980467e-06	1.449828280429848841e-03
1.280000000000000000e+02	7.388801499999999699e-04	-6.721501387705469168e-06	1.451280160622687781e-03
1.290000000000000000e+02	7.468183500000000153e-04	-3.885821051545914797e-06	1.452401367852111918e-03
1.300000000000000000e+02	7.546442499999999297e-04	-1.048273994365821763e-06	1.453191646651997302e-03
1.310000000000000000e+02	7.623569499999999482e-04	1.790493251125453019e-06	1.453650816957984459e-03
1.320000000000000000e+02	7.657395499999999520e-04	4.629833874199793020e-06	1.453778774148505905e-03
1.330000000000000000e+02	7.731810499999999722e-04	7.469100933485357590e-06	1.453575489068622542e-03
1.340000000000000000e+02	7.805067499999999688e-04	1.030764750437175657e-05	1.453041008036669605e-03
1.350000000000000000e+02	7.877152500000000066e-04	1.314482682641143993e-05	1.452175452833700002e-03
1.360000000000000000e+02	7.948056499999999955e-04	1.597999245068306413e-05	1.450979020675738709e-03
1.370000000000000000e+02	8.017765500000000002e-04	1.881249838708496085e-05	1.449451984168845849e-03
1.380000000000000000e+02	8.086271499999999647e-04	2.164169925152277494e-05	1.447594691247004912e-03
1.390000000000000000e+02	8.153565500000000158e-04	2.446695041296026581e-05	1.445407565092845245e-03
1.400000000000000000e+02	8.219634500000000355e-04	2.728760814029769369e-05	1.442891104041220483e-03
1.410000000000000000e+02	8.284468500000000081e-04	3.010302974904516957e-05	1.440045881465663955e-03
1.420000000000000000e+02	8.348060500000000200e-04	3.291257374775827358e-05	1.436872545647745582e-03
1.430000000000000000e+02	8.410399500000000214e-04	3.571559998420106087e-05	1.433371819629360817e-03
1.440000000000000000e+02	8.471474499999999625e-04	3.851146979120402384e-05	1.429544501047987429e-03
1.450000000000000000e+02	8.531277500000000041e-04	4.129954613218438293e-05	1.425391461954943727e-03
1.460000000000000000e+02	8.589802499999999418e-04	4.407919374629371006e-05	1.420913648616692684e-03
1.470000000000000000e+02	8.647035499999999484e-04	4.684977929316217133e-05	1.416112081299235326e-03
1.480000000000000000e+02	8.702972499999999962e-04	4.961067149720429110e-05	1.410987854035644553e-03
1.490000000000000000e+02	8.757602500000000352e-04	5.236124129145438254e-05	1.405542134376790587e-03
1.500000000000000000e+02	8.810916499999999754e-04	5.510086196089945717e-05	1.399776163125315701e-03
1.510000000000000000e+02	8.862907500000000117e-04	5.782890928527509522e-05	1.393691254052917446e-03
1.520000000000000000e+02	8.913569499999999396e-04	6.054476168129401393e-05	1.387288793601008019e-03
1.530000000000000000e+02	8.962890500000000003e-04	6.324780034427315443e-05	1.380570240564813530e-03
1.540000000000000000e+02	9.010868500000000173e-04	6.593740938912743188e-05	1.373537125760990792e-03
1.550000000000000000e+02	9.057493499999999748e-04	6.861297599069933722e-05	1.366191051678828858e-03
1.560000000000000000e+02	9.102757500000000336e-04	7.127389052338992657e-05	1.358533692115126805e-03
1.570000000000000000e+02	9.146654499999999893e-04	7.391954670006200591e-05	1.350566791792817819e-03
1.580000000000000000e+02	9.189177499999999282e-04	7.654934171018200264e-05	1.342292165963435840e-03
1.590000000000000000e+02	9.230322499999999309e-04	7.916267635716955637e-05	1.333711699993514119e-03
1.600000000000000000e+02	9.270079499999999816e-04	8.175895519492441712e-05	1.324827348935003713e-03
1.610000000000000000e+02	9.308448499999999719e-04	8.433758666349812480e-05	1.315641137079817105e-03
1.620000000000000000e+02	9.345415499999999666e-04	8.689798322388020727e-05	1.306155157498596446e-03
1.630000000000000000e+02	9.380980499999999654e-04	8.943956149186900006e-05	1.296371571563806639e-03
1.640000000000000000e+02	9.415137499999999809e-04	9.196174237099458875e-05	1.286292608457271190e-03
1.650000000000000000e+02	9.447881499999999507e-04	9.446395118446603717e-05	1.275920564662252552e-03
1.660000000000000000e+02	9.479203500000000018e-04	9.694561780611076840e-05	1.265257803440201405e-03
1.670000000000000000e+02	9.509104499999999514e-04	9.940617679027709611e-05	1.254306754292290908e-03
1.680000000000000000e+02	9.537576499999999603e-04	1.018450675006710393e-04	1.243069912405853853e-03
1.690000000000000000e+02	9.564617499999999604e-04	1.042617342380963447e-04	1.231549838085859360e-03
1.700000000000000000e+02	9.590221499999999639e-04	1.066556263670704626e-04	1.219749156171547489e-03
1.710000000000000000e+02	9.614384499999999428e-04	1.090261984412861857e-04	1.207670555438362285e-03
1.720000000000000000e+02	9.637104499999999373e-04	1.113729103278910206e-04	1.195316787985317925e-03
1.730000000000000000e+02	9.658376499999999937e-04	1.136952273305563991e-04	1.182690668607933038e-03
1.740000000000000000e+02	9.678200500000000038e-04	1.159926203113071996e-04	1.169795074156883491e-03
1.750000000000000000e+02	9.696569499999999455e-04	1.182645658110860178e-04	1.156632942882514139e-03
1.760000000000000000e+02	9.713480499999999334e-04	1.205105461690225075e-04	1.143207273765360242e-03
1.770000000000000000e+02	9.728933499999999675e-04	1.227300496403818783e-04	1.129521125832833603e-03
1.780000000000000000e+02	9.742926499999999797e-04	1.249225705131658921e-04	1.115577617462223687e-03
1.790000000000000000e+02	9.755457500000000101e-04	1.270876092233384823e-04	1.101379925670180684e-03
1.800000000000000000e+02	9.766521499999999967e-04	1.292246724686513964e-04	1.086931285388832323e-03
1.810000000000000000e+02	9.776119499999998651e-04	1.313332733210424187e-04	1.072234988728708533e-03
1.820000000000000000e+02	9.784248499999999467e-04	1.334129313375815619e-04	1.057294384228637911e-03
1.830000000000000000e+02	9.790909499999998419e-04	1.354631726699397618e-04	1.042112876092783375e-03
1.840000000000000000e+02	9.796097500000000308e-04	1.374835301723545975e-04	1.026693923414999160e-03
1.850000000000000000e+02	9.799816499999999993e-04	1.394735435080691284e-04	1.011041039390678936e-03
1.860000000000000000e+02	9.802063500000000786e-04	1.414327592542194022e-04	9.951577905162761230e-04
1.870000000000000000e+02	9.802838500000000520e-04	1.433607310051461547e-04	9.790477957766824304e-04
1.880000000000000000e+02	9.802141499999999195e-04	1.452570194741082614e-04	9.627147258206428856e-04
1.890000000000000000e+02	9.799971500000000807e-04	1.471211925933737878e-04	9.461623021244032527e-04
1.900000000000000000e+02	9.796329499999999191e-04	1.489528256126660083e-04	9.293942961437753544e-04
1.910000000000000000e+02	9.791218499999999707e-04	1.507515011959427876e-04	9.124145284548116578e-04
1.920000000000000000e+02	9.784634500000000991e-04	1.525168095164858826e-04	8.952268678832932779e-04
1.930000000000000000e+02	9.776582500000000411e-04	1.542483483502799413e-04	8.778352306232182090e-04
1.940000000000000000e+02	9.767061499999999796e-04	1.559457231676587570e-04	8.602435793445017444e-04
1.950000000000000000e+02	9.756073499999999826e-04	1.576085472231983137e-04	8.424559222900859746e-04
1.960000000000000000e+02	9.743621499999999356e-04	1.592364416438368899e-04	8.244763123626624134e-04
1.970000000000000000e+02	9.729705499999999471e-04	1.608290355152004010e-04	8.063088462012250228e-04
1.980000000000000000e+02	9.714327499999999768e-04	1.623859659661153892e-04	7.879576632476509648e-04
1.990000000000000000e+02	9.697491499999999444e-04	1.639068782512887910e-04	7.694269448035343743e-04
2.000000000000000000e+02	9.679201499999999861e-04	1.653914258321360757e-04	7.507209130774806713e-04
2.010000000000000000e+02	9.659453499999999656e-04	1.668392704557402208e-04	7.318438302230774939e-04
2.020000000000000000e+02	9.638256499999999730e-04	1.682500822319219250e-04	7.127999973677704749e-04
2.030000000000000000e+02	9.615612499999999681e-04	1.696235397084052039e-04	6.935937536328501884e-04
2.040000000000000000e+02	9.591524499999999447e-04	1.709593299440597455e-04	6.742294751447901972e-04
2.050000000000000000e+02	9.565997499999999648e-04	1.722571485802042797e-04	6.547115740381509843e-04
2.060000000000000000e+02	9.539033499999999884e-04	1.735166999099546701e-04	6.350444974502756062e-04
2.070000000000000000e+02	9.510635500000000093e-04	1.747376969456003026e-04	6.152327265080152676e-04
2.080000000000000000e+02	9.480809500000000152e-04	1.759198614839939715e-04	5.952807753067097894e-04
2.090000000000000000e+02	9.449559500000000341e-04	1.770629241699403836e-04	5.751931898816503271e-04
2.100000000000000000e+02	9.416892499999999794e-04	1.781666245575683162e-04	5.549745471722745743e-04
2.110000000000000000e+02	9.382807500000000340e-04	1.792307111696732032e-04	5.346294539793100976e-04
2.120000000000000000e+02	9.347318500000000247e-04	1.802549415550158652e-04	5.141625459151211337e-04
2.130000000000000000e+02	9.310423499999999917e-04	1.812390823435648050e-04	4.935784863474892417e-04
2.140000000000000000e+02	9.272129499999999568e-04	1.821829092996694942e-04	4.728819653370651410e-04
2.150000000000000000e+02	9.232444499999999761e-04	1.830862073731521534e-04	4.520776985687472837e-04
2.160000000000000000e+02	9.191372499999999690e-04	1.839487707483068062e-04	4.311704262772122933e-04
2.170000000000000000e+02	9.148920499999999576e-04	1.847704028907942752e-04	4.101649121668587820e-04
2.180000000000000000e+02	9.105094499999999294e-04	1.855509165924221985e-04	3.890659423264027973e-04
2.190000000000000000e+02	9.059903499999999747e-04	1.862901340138004708e-04	3.678783241383676533e-04
2.200000000000000000e+02	9.013350499999999788e-04	1.869878867248616456e-04	3.466068851837301426e-04
2.210000000000000000e+02	8.965443499999999977e-04	1.876440157432375999e-04	3.252564721419567745e-04
2.220000000000000000e+02	8.916191500000000131e-04	1.882583715704836227e-04	3.038319496866929590e-04
2.230000000000000000e+02	8.865601499999999384e-04	1.888308142261414184e-04	2.823381993773537986e-04
2.240000000000000000e+02	8.813678499999999440e-04	1.893612132796336240e-04	2.607801185468599440e-04
2.250000000000000000e+02	8.760433499999999716e-04	1.898494478799820891e-04	2.391626191857898649e-04
2.260000000000000000e+02	8.705873499999999343e-04	1.902954067833440900e-04	2.174906268231822329e-04
2.270000000000000000e+02	8.650004499999999286e-04	1.906989883783586726e-04	1.957690794042602823e-04
2.280000000000000000e+02	8.592838499999999298e-04	1.910601007092990310e-04	1.740029261653270535e-04
2.290000000000000000e+02	8.534382499999999599e-04	1.913786614970243622e-04	1.521971265060822142e-04
2.300000000000000000e+02	8.474646500000000346e-04	1.916545981577273206e-04	1.303566488596289330e-04
2.310000000000000000e+02	8.413636500000000332e-04	1.918878478194719229e-04	1.084864695604225452e-04
2.320000000000000000e+02	8.351365499999999654e-04	1.920783573365190033e-04	8.659157171041234028e-05
2.330000000000000000e+02	8.287837499999999675e-04	1.922260833014353965e-04	6.467694404365123757e-05
2.340000000000000000e+02	8.223067500000000090e-04	1.923309920549843004e-04	4.274757978961234628e-05
2.350000000000000000e+02	8.157063499999999290e-04	1.923930596937945166e-04	2.080847553548779928e-05
2.360000000000000000e+02	8.089835499999999601e-04	1.924122720758067494e-04	-1.135369912277524925e-06
2.370000000000000000e+02	8.021392499999999755e-04	1.923886248234959366e-04	-2.307895666696434082e-05
2.380000000000000000e+02	7.951749499999999447e-04	1.923221233248686068e-04	-4.501728490079378588e-05
2.390000000000000000e+02	7.880909499999999698e-04	1.922127827322352644e-04	-6.694535598413847873e-05
2.400000000000000000e+02	7.808893500000000081e-04	1.920606279587579374e-04	-8.885817362445415108e-05
2.410000000000000000e+02	7.735705499999999792e-04	1.918656936727737561e-04	-1.107507450046787658e-04
2.420000000000000000e+02	7.661359500000000352e-04	1.916280242898957265e-04	-1.326180819208461746e-04
2.430000000000000000e+02	7.585868499999999688e-04	1.913476739628927874e-04	-1.544552019186390466e-04
2.440000000000000000e+02	7.509242500000000127e-04	1.910247065693509939e-04	-1.762571294286414459e-04
2.450000000000000000e+02	7.431495499999999938e-04	1.906591956971192138e-04	-1.980188969000161437e-04
2.460000000000000000e+02	7.352641499999999558e-04	1.902512246275421309e-04	-2.197355459323549964e-04
2.470000000000000000e+02	7.272690500000000228e-04	1.898008863164847018e-04	-2.414021284054500814e-04
2.480000000000000000e+02	7.191653500000000278e-04	1.893082833731520758e-04	-2.630137076067170739e-04
2.490000000000000000e+02	7.109548499999999343e-04	1.887735280367104835e-04	-2.845653593560186533e-04
2.500000000000000000e+02	7.026383500000000148e-04	1.881967421507132923e-04	-3.060521731276397909e-04
2.510000000000000000e+02	6.942175499999999819e-04	1.875780571353393594e-04	-3.274692531691414583e-04
2.520000000000000000e+02	6.856935499999999937e-04	1.869176139574487501e-04	-3.488117196168582135e-04
2.530000000000000000e+02	6.770674499999999917e-04	1.862155630984638720e-04	-3.700747096077693760e-04
2.540000000000000000e+02	6.683407499999999453e-04	1.854720645200822317e-04	-3.912533783874960216e-04
2.550000000000000000e+02	6.595148500000000066e-04	1.846872876278292169e-04	-4.123429004141787135e-04
2.560000000000000000e+02	6.505908500000000087e-04	1.838614112324594421e-04	-4.333384704579682271e-04
2.570000000000000000e+02	6.415703499999999551e-04	1.829946235092146263e-04	-4.542353046958976263e-04
2.580000000000000000e+02	6.324543499999999699e-04	1.820871219549481407e-04	-4.750286418018699565e-04
2.590000000000000000e+02	6.232442499999999884e-04	1.811391133431255226e-04	-4.957137440315210206e-04
2.600000000000000000e+02	6.139414499999999459e-04	1.801508136767112560e-04	-5.162858983017147053e-04
2.610000000000000000e+02	6.045472499999999605e-04	1.791224481389527964e-04	-5.367404172644095082e-04
2.620000000000000000e+02	5.950629499999999334e-04	1.780542510420725193e-04	-5.570726403746721622e-04
2.630000000000000000e+02	5.854899500000000168e-04	1.769464657738801139e-04	-5.772779349525760349e-04
2.640000000000000000e+02	5.758293499999999352e-04	1.757993447423168351e-04	-5.973516972387522828e-04
2.650000000000000000e+02	5.660828499999999430e-04	1.746131493179444599e-04	-6.172893534433557781e-04
2.660000000000000000e+02	5.562513500000000220e-04	1.733881497743922843e-04	-6.370863607881965514e-04
2.670000000000000000e+02	5.463368499999999867e-04	1.721246252267755520e-04	-6.567382085418094987e-04
2.680000000000000000e+02	5.363402500000000357e-04	1.708228635680992711e-04	-6.762404190472199282e-04
2.690000000000000000e+02	5.262630500000000299e-04	1.694831614036618422e-04	-6.955885487421757446e-04
2.700000000000000000e+02	5.161067499999999388e-04	1.681058239834743514e-04	-7.147781891716040604e-04
2.710000000000000000e+02	5.058727500000000229e-04	1.666911651327089463e-04	-7.338049679920814663e-04
2.720000000000000000e+02	4.955622499999999325e-04	1.652395071801943756e-04	-7.526645499680634970e-04
2.730000000000000000e+02	4.851769499999999762e-04	1.637511808849736507e-04	-7.713526379596667530e-04
2.740000000000000000e+02	4.747182499999999809e-04	1.622265253609406655e-04	-7.898649739017685146e-04
2.750000000000000000e+02	4.641875499999999904e-04	1.606658879995738237e-04	-8.081973397741992011e-04
2.760000000000000000e+02	4.535865499999999881e-04	1.590696243907826395e-04	-8.263455585628217857e-04
2.770000000000000000e+02	4.429165499999999835e-04	1.574380982418872063e-04	-8.443054952112562803e-04
2.780000000000000000e+02	4.321791499999999803e-04	1.557716812947476648e-04	-8.620730575630496887e-04
2.790000000000000000e+02	4.213756499999999879e-04	1.540707532410632392e-04	-8.796441972940706846e-04
2.800000000000000000e+02	4.105081499999999636e-04	1.523357016358595987e-04	-8.970149108349178115e-04
2.810000000000000000e+02	3.995775499999999975e-04	1.505669218091852256e-04	-9.141812402831252325e-04
2.820000000000000000e+02	3.885859499999999925e-04	1.487648167760351940e-04	-9.311392743049743412e-04
2.830000000000000000e+02	3.775348499999999722e-04	1.469297971445249109e-04	-9.478851490266820357e-04
2.840000000000000000e+02	3.664256499999999804e-04	1.450622810223333348e-04	-9.644150489147844830e-04
2.850000000000000000e+02	3.552602499999999602e-04	1.431626939214373834e-04	-9.807252076455014872e-04
2.860000000000000000e+02	3.440401499999999895e-04	1.412314686611597836e-04	-9.968119089628893394e-04
2.870000000000000000e+02	3.327669499999999633e-04	1.392690452695509635e-04	-1.012671487525589270e-03
2.880000000000000000e+02	3.214423499999999735e-04	1.372758708831294081e-04	-1.028300329741971579e-03
2.890000000000000000e+02	3.100681499999999834e-04	1.352523996450018912e-04	-1.043694874593487651e-03
2.900000000000000000e+02	2.986459499999999964e-04	1.331990926013872480e-04	-1.058851614446048054e-03
2.910000000000000000e+02	2.871774499999999960e-04	1.311164175965678902e-04	-1.073767095849228938e-03
2.920000000000000000e+02	2.756645499999999796e-04	1.290048491662910491e-04	-1.088437920323144341e-03
2.930000000000000000e+02	2.641087499999999707e-04	1.268648684296467405e-04	-1.102860745132782727e-03
2.940000000000000000e+02	2.525117500000000070e-04	1.246969629794451406e-04	-1.117032284049647309e-03
2.950000000000000000e+02	2.408755499999999845e-04	1.225016267711187686e-04	-1.130949308100521241e-03
2.960000000000000000e+02	2.292020499999999818e-04	1.202793600101756741e-04	-1.144608646303183798e-03
2.970000000000000000e+02	2.174925499999999816e-04	1.180306690382273050e-04	-1.158007186388919450e-03
2.980000000000000000e+02	2.057491499999999950e-04	1.157560662176194082e-04	-1.171141875511644411e-03
2.990000000000000000e+02	1.939735499999999785e-04	1.134560698146907235e-04	-1.184009720943493679e-03
3.000000000000000000e+02	1.821674499999999697e-04	1.111312038816861686e-04	-1.196607790756714805e-03
3.010000000000000000e+02	1.703328499999999730e-04	1.087819981373525834e-04	-1.208933214491699284e-03
3.020000000000000000e+02	1.584714499999999716e-04	1.064089878462419421e-04	-1.220983183811021663e-03
3.030000000000000000e+02	1.465851499999999902e-04	1.040127136967523109e-04	-1.232754953139311585e-03
3.040000000000000000e+02	1.346757499999999921e-04	1.015937216779322588e-04	-1.244245840288833250e-03
3.050000000000000000e+02	1.227449499999999877e-04	9.915256295507772499e-05	-1.255453227070619376e-03
3.060000000000000000e+02	1.107946499999999879e-04	9.668979374414981621e-05	-1.266374559891020497e-03
3.070000000000000000e+02	9.882677999999997878e-05	9.420597518504084296e-05	-1.277007350333544651e-03
3.080000000000000000e+02	8.684310999999997566e-05	9.170167321371946643e-05	-1.287349175725835708e-03
3.090000000000000000e+02	7.484546999999998459e-05	8.917745843328261750e-05	-1.297397679691680589e-03
3.100000000000000000e+02	6.283572999999997378e-05	8.663390598394382690e-05	-1.307150572687906624e-03
3.110000000000000000e+02	5.081570999999998243e-05	8.407159541198873083e-05	-1.316605632526049756e-03
3.120000000000000000e+02	3.878727999999998551e-05	8.149111053772492487e-05	-1.325760704878682595e-03
3.130000000000000000e+02	2.675228999999998370e-05	7.889303932245965445e-05	-1.334613703770273514e-03
3.140000000000000000e+02	1.471256999999998135e-05	7.627797373453316519e-05	-1.343162612052473982e-03
3.150000000000000000e+02	2.670006029999982122e-06	7.364650961443907381e-05	-1.351405481863725755e-03
3.160000000000000000e+02	-9.373570000000017727e-06	7.099924653906317410e-05	-1.359340435073077939e-03
3.170000000000000000e+02	-2.141630000000001720e-05	6.833678768506950445e-05	-1.366965663708118563e-03
3.180000000000000000e+02	-3.345634000000001653e-05	6.565973969146762584e-05	-1.374279430366919788e-03
3.190000000000000000e+02	-4.549186000000001476e-05	6.296871252139024829e-05	-1.381280068613902675e-03
3.200000000000000000e+02	-5.752096000000001788e-05	6.026431932311371829e-05	-1.387965983359532810e-03
3.210000000000000000e+02	-6.954182000000002056e-05	5.754717629035248382e-05	-1.394335651223762218e-03
3.220000000000000000e+02	-8.155262000000002422e-05	5.481790252186054404e-05	-1.400387620883126712e-03
3.230000000000000000e+02	-9.355149000000002001e-05	5.207711988036931310e-05	-1.406120513401432331e-03
3.240000000000000000e+02	-1.055365500000000119e-04	4.932545285089743274e-05	-1.411533022543942596e-03
3.250000000000000000e+02	-1.175060500000000131e-04	4.656352839846217306e-05	-1.416623915075004153e-03
3.260000000000000000e+02	-1.294581500000000168e-04	4.379197582522581479e-05	-1.421392031039037497e-03
3.270000000000000000e+02	-1.413909500000000256e-04	4.101142662711038637e-05	-1.425836284024831636e-03
3.280000000000000000e+02	-1.533026500000000221e-04	3.822251434991080164e-05	-1.429955661413084356e-03
3.290000000000000000e+02	-1.651914500000000157e-04	3.542587444494269173e-05	-1.433749224607123052e-03
3.300000000000000000e+02	-1.770554500000000092e-04	3.262214412425516714e-05	-1.437216109246766856e-03
3.310000000000000000e+02	-1.888929500000000191e-04	2.981196221544241465e-05	-1.440355525405267838e-03
3.320000000000000000e+02	-2.007021500000000279e-04	2.699596901608805819e-05	-1.443166757769295079e-03
3.330000000000000000e+02	-2.124811500000000112e-04	2.417480614787288835e-05	-1.445649165801920826e-03
3.340000000000000000e+02	-2.242282500000000126e-04	2.134911641038254580e-05	-1.447802183888563217e-03
3.350000000000000000e+02	-2.359415500000000077e-04	1.851954363464604133e-05	-1.449625321465863219e-03
3.360000000000000000e+02	-2.476193500000000401e-04	1.568673253643920390e-05	-1.451118163133457853e-03
3.370000000000000000e+02	-2.592597500000000041e-04	1.285132856938742257e-05	-1.452280368748628874e-03
3.380000000000000000e+02	-2.708611500000000045e-04	1.001397777789856170e-05	-1.453111673503805230e-03
3.390000000000000000e+02	-2.824215500000000099e-04	7.175326649962969884e-06	-1.453611887986898041e-03
3.400000000000000000e+02	-2.939395500000000308e-04	4.336021969851556143e-06	-1.453780898224457923e-03
3.410000000000000000e+02	-3.054131500000000356e-04	1.496710670746378707e-06	-1.453618665707644662e-03
3.420000000000000000e+02	-3.168405500000000068e-04	-1.341960312661872446e-06	-1.453125227401000797e-03
3.430000000000000000e+02	-3.282202500000000293e-04	-4.179344191578400528e-06	-1.452300695734028667e-03
3.440000000000000000e+02	-3.395501500000000375e-04	-7.014794470473920657e-06	-1.451145258575575704e-03
3.450000000000000000e+02	-3.508288500000000419e-04	-9.847665094388277759e-06	-1.449659179191025576e-03
3.460000000000000000e+02	-3.620546500000000048e-04	-1.267731059613370971e-05	-1.447842796182315789e-03
3.470000000000000000e+02	-3.732257500000000171e-04	-1.550308624336331533e-05	-1.445696523410786504e-03
3.480000000000000000e+02	-3.843404500000000413e-04	-1.832434818547380294e-05	-1.443220849902882713e-03
3.490000000000000000e+02	-3.953968500000000258e-04	-2.114045360030561934e-05	-1.440416339738730123e-03
3.500000000000000000e+02	-4.063935500000000352e-04	-2.395076084060961016e-05	-1.437283631923609280e-03
3.510000000000000000e+02	-4.173289500000000119e-04	-2.675462958024597051e-05	-1.433823440242360447e-03
3.520000000000000000e+02	-4.282011500000000126e-04	-2.955142096008138409e-05	-1.430036553096746335e-03
3.530000000000000000e+02	-4.390088500000000277e-04	-3.234049773355346141e-05	-1.425923833325816936e-03
3.540000000000000000e+02	-4.497497500000000319e-04	-3.512122441186626466e-05	-1.421486218009310708e-03
3.550000000000000000e+02	-4.604230500000000234e-04	-3.789296740878598212e-05	-1.416724718254144160e-03
3.560000000000000000e+02	-4.710265500000000109e-04	-4.065509518500321320e-05	-1.411640418964029298e-03
3.570000000000000000e+02	-4.815587500000000250e-04	-4.340697839202801647e-05	-1.406234478592281820e-03
3.580000000000000000e+02	-4.920182499999999678e-04	-4.614799001558743093e-05	-1.400508128877866239e-03
3.590000000000000000e+02	-5.024032499999999844e-04	-4.887750551848944096e-05	-1.394462674564746684e-03
3.600000000000000000e+02	-5.127125499999999909e-04	-5.159490298292347476e-05	-1.388099493104601049e-03
3.610000000000000000e+02	-5.229440500000000300e-04	-5.429956325216398161e-05	-1.381420034342970915e-03
3.620000000000000000e+02	-5.330966500000000521e-04	-5.699087007164413518e-05	-1.374425820188915131e-03
3.630000000000000000e+02	-5.431685499999999852e-04	-5.966821022936988112e-05	-1.367118444268242703e-03
3.640000000000000000e+02	-5.531582499999999685e-04	-6.233097369563913974e-05	-1.359499571560409152e-03
3.650000000000000000e+02	-5.630644499999999924e-04	-6.497855376203670076e-05	-1.351570938019149406e-03
3.660000000000000000e+02	-5.728854500000000191e-04	-6.761034717967225678e-05	-1.343334350176944364e-03
3.670000000000000000e+02	-5.826197499999999710e-04	-7.022575429663029632e-05	-1.334791684733402676e-03
3.680000000000000000e+02	-5.922662500000000149e-04	-7.282417919459962174e-05	-1.325944888127658563e-03
3.690000000000000000e+02	-6.018229500000000110e-04	-7.540502982465385555e-05	-1.316795976094873926e-03
3.700000000000000000e+02	-6.112886499999999838e-04	-7.796771814214860656e-05	-1.307347033206957086e-03
3.710000000000000000e+02	-6.206621500000000661e-04	-8.051166024070710657e-05	-1.297600212397594186e-03
3.720000000000000000e+02	-6.299415500000000437e-04	-8.303627648526293000e-05	-1.287557734471704313e-03
3.730000000000000000e+02	-6.391258500000000092e-04	-8.554099164412884253e-05	-1.277221887599434315e-03
3.740000000000000000e+02	-6.482136500000000275e-04	-8.802523502006361642e-05	-1.266595026794795900e-03
3.750000000000000000e+02	-6.572032500000000608e-04	-9.048844058030442220e-05	-1.255679573379081624e-03
3.760000000000000000e+02	-6.660936499999999851e-04	-9.293004708553704099e-05	-1.244478014429167313e-03
3.770000000000000000e+02	-6.748833500000000476e-04	-9.534949821777389221e-05	-1.232992902210833632e-03
3.780000000000000000e+02	-6.835710500000000221e-04	-9.774624270711003405e-05	-1.221226853597236249e-03
3.790000000000000000e+02	-6.921554500000000072e-04	-1.001197344573304788e-04	-1.209182549472651242e-03
3.800000000000000000e+02	-7.006351500000000676e-04	-1.024694326703371507e-04	-1.196862734121637972e-03
3.810000000000000000e+02	-7.090088499999999769e-04	-1.047948019693693036e-04	-1.184270214603758012e-03
3.820000000000000000e+02	-7.172754500000000106e-04	-1.070953125209890582e-04	-1.171407860113986938e-03
3.830000000000000000e+02	-7.254338500000000103e-04	-1.093704401558026661e-04	-1.158278601328973159e-03
3.840000000000000000e+02	-7.334824499999999725e-04	-1.116196664878930901e-04	-1.144885429739282787e-03
3.850000000000000000e+02	-7.414201500000000642e-04	-1.138424790329332058e-04	-1.131231396967792959e-03
3.860000000000000000e+02	-7.492459500000000529e-04	-1.160383713249550126e-04	-1.117319614074381269e-03
3.870000000000000000e+02	-7.569583499999999691e-04	-1.182068430317476272e-04	-1.103153250847072877e-03
3.880000000000000000e+02	-7.645565499999999737e-04	-1.203474000688570760e-04	-1.088735535079810718e-03
3.890000000000000000e+02	-7.720392500000000571e-04	-1.224595547121637093e-04	-1.074069751836999320e-03
3.900000000000000000e+02	-7.794052500000000269e-04	-1.245428257090093872e-04	-1.059159242705010658e-03
3.910000000000000000e+02	-7.866534500000000501e-04	-1.265967383878504617e-04	-1.044007405030803609e-03
3.920000000000000000e+02	-7.937826500000000427e-04	-1.286208247664113883e-04	-1.028617691147841549e-03
3.930000000000000000e+02	-8.007920500000000573e-04	-1.306146236583137737e-04	-1.012993607589485244e-03
3.940000000000000000e+02	-8.076804500000000098e-04	-1.325776807781579554e-04	-9.971387142900251920e-04
3.950000000000000000e+02	-8.144467500000000674e-04	-1.345095488450308882e-04	-9.810566237735589626e-04
3.960000000000000000e+02	-8.210900500000000313e-04	-1.364097876844191969e-04	-9.647510003308784653e-04
3.970000000000000000e+02	-8.276092500000000688e-04	-1.382779643285023769e-04	-9.482255591845631512e-04
3.980000000000000000e+02	-8.340035500000000154e-04	-1.401136531148038078e-04	-9.314840656424753975e-04
3.990000000000000000e+02	-8.402715500000000441e-04	-1.419164357831783024e-04	-9.145303342398303529e-04
4.000000000000000000e+02	-8.464129500000000528e-04	-1.436859015711118516e-04	-8.973682278700623963e-04
4.010000000000000000e+02	-8.524263499999999976e-04	-1.454216473073135607e-04	-8.800016569046666690e-04
4.020000000000000000e+02	-8.583109500000000395e-04	-1.471232775035780939e-04	-8.624345783022237385e-04
4.030000000000000000e+02	-8.640659500000000140e-04	-1.487904044448968611e-04	-8.446709947068130678e-04
4.040000000000000000e+02	-8.696902499999999798e-04	-1.504226482777992443e-04	-8.267149535360089271e-04
4.050000000000000000e+02	-8.751834500000000173e-04	-1.520196370969012858e-04	-8.085705460586826380e-04
4.060000000000000000e+02	-8.805441499999999743e-04	-1.535810070296444367e-04	-7.902419064628106405e-04
4.070000000000000000e+02	-8.857721499999999994e-04	-1.551064023192032498e-04	-7.717332109135016487e-04
4.080000000000000000e+02	-8.908660500000000490e-04	-1.565954754055447250e-04	-7.530486766014617920e-04
4.090000000000000000e+02	-8.958256500000000549e-04	-1.580478870046188430e-04	-7.341925607821137185e-04
4.100000000000000000e+02	-9.006498499999999671e-04	-1.594633061856650801e-04	-7.151691598055795593e-04
4.110000000000000000e+02	-9.053378500000000551e-04	-1.608414104466139799e-04	-6.959828081377644358e-04
4.120000000000000000e+02	-9.098894500000000336e-04	-1.621818857875693086e-04	-6.766378773727513892e-04
4.130000000000000000e+02	-9.143034500000000358e-04	-1.634844267823526583e-04	-6.571387752367362787e-04
4.140000000000000000e+02	-9.185791500000000396e-04	-1.647487366480942378e-04	-6.374899445837356460e-04
4.150000000000000000e+02	-9.227162500000000512e-04	-1.659745273128550769e-04	-6.176958623832789650e-04
4.160000000000000000e+02	-9.267140500000000487e-04	-1.671615194812636231e-04	-5.977610387003397382e-04
4.170000000000000000e+02	-9.305719500000000444e-04	-1.683094426981531508e-04	-5.776900156677200037e-04
4.180000000000000000e+02	-9.342890500000000566e-04	-1.694180354101846415e-04	-5.574873664511278623e-04
4.190000000000000000e+02	-9.378652500000000513e-04	-1.704870450254413925e-04	-5.371576942071900175e-04
4.200000000000000000e+02	-9.412997499999999724e-04	-1.715162279709821279e-04	-5.167056310346196391e-04
4.210000000000000000e+02	-9.445921500000000089e-04	-1.725053497483387051e-04	-4.961358369188010589e-04
4.220000000000000000e+02	-9.477419499999999901e-04	-1.734541849869464388e-04	-4.754529986700152424e-04
4.230000000000000000e+02	-9.507483499999999687e-04	-1.743625174954947072e-04	-4.546618288555522567e-04
4.240000000000000000e+02	-9.536113500000000529e-04	-1.752301403111856720e-04	-4.337670647259618908e-04
4.250000000000000000e+02	-9.563303500000000382e-04	-1.760568557468907848e-04	-4.127734671356681059e-04
4.260000000000000000e+02	-9.589047500000000453e-04	-1.768424754361937765e-04	-3.916858194582166302e-04
4.270000000000000000e+02	-9.613344500000000400e-04	-1.775868203763094504e-04	-3.705089264963864169e-04
4.280000000000000000e+02	-9.636190499999999944e-04	-1.782897209688695799e-04	-3.492476133874184525e-04
4.290000000000000000e+02	-9.657580500000000632e-04	-1.789510170585655263e-04	-3.279067245036165388e-04
4.300000000000000000e+02	-9.677511500000000357e-04	-1.795705579696397472e-04	-3.064911223485543464e-04
4.310000000000000000e+02	-9.695982499999999862e-04	-1.801482025402169492e-04	-2.850056864491627164e-04
4.320000000000000000e+02	-9.712987500000000354e-04	-1.806838191544677861e-04	-2.634553122439322660e-04
4.330000000000000000e+02	-9.728526499999999664e-04	-1.811772857725974840e-04	-2.418449099674909093e-04
4.340000000000000000e+02	-9.742597499999999279e-04	-1.816284899586521851e-04	-2.201794035318156359e-04
4.350000000000000000e+02	-9.755195499999999662e-04	-1.820373289061378316e-04	-1.984637294043160947e-04
4.360000000000000000e+02	-9.766322499999999327e-04	-1.824037094614442995e-04	-1.767028354830695719e-04
4.370000000000000000e+02	-9.775973500000000906e-04	-1.827275481450702822e-04	-1.549016799694451837e-04
4.380000000000000000e+02	-9.784147499999999720e-04	-1.830087711706442901e-04	-1.330652302383809058e-04
4.390000000000000000e+02	-9.790844500000000106e-04	-1.832473144617365057e-04	-1.111984617065760899e-04
4.400000000000000000e+02	-9.796061500000001043e-04	-1.834431236664587858e-04	-8.930635669883964299e-05
4.410000000000000000e+02	-9.799800500000001042e-04	-1.835961541698486355e-04	-6.739390331287640004e-05
4.420000000000000000e+02	-9.802060499999999763e-04	-1.837063711040346338e-04	-4.546609428275207818e-05
4.430000000000000000e+02	-9.802838500000000520e-04	-1.837737493561810060e-04	-2.352792584130168572e-05
4.440000000000000000e+02	-9.802138500000000341e-04	-1.837982735742097449e-04	-1.584396581747271536e-06
4.450000000000000000e+02	-9.799956500000000029e-04	-1.837799381702983823e-04	2.035949368123509898e-05
4.460000000000000000e+02	-9.796295500000000607e-04	-1.837187473221533302e-04	4.229874505071374484e-05
4.470000000000000000e+02	-9.791154499999999566e-04	-1.836147149720577620e-04	6.422835868672495700e-05
4.480000000000000000e+02	-9.784534499999999416e-04	-1.834678648236951436e-04	8.614333794525578256e-05
4.490000000000000000e+02	-9.776438500000001180e-04	-1.832782303367482533e-04	1.080386895167200178e-04
4.500000000000000000e+02	-9.766865500000000179e-04	-1.830458547192753433e-04	1.299094245636872591e-04
4.510000000000000000e+02	-9.755816500000001092e-04	-1.827707909178652858e-04	1.517505598575802470e-04
4.520000000000000000e+02	-9.743294500000000604e-04	-1.824531016055738449e-04	1.735571189141005364e-04
4.530000000000000000e+02	-9.729301500000000482e-04	-1.820928591676434605e-04	1.953241331271162666e-04
4.540000000000000000e+02	-9.713840500000000665e-04	-1.816901456850104728e-04	2.170466429007562132e-04
4.550000000000000000e+02	-9.696911500000000069e-04	-1.812450529156030960e-04	2.387196987794443313e-04
4.560000000000000000e+02	-9.678516500000000460e-04	-1.807576822734342867e-04	2.603383625756367642e-04
4.570000000000000000e+02	-9.658663500000000228e-04	-1.802281448054947669e-04	2.818977084949786968e-04
4.580000000000000000e+02	-9.637349500000000520e-04	-1.796565611664509971e-04	3.033928242586434744e-04
4.590000000000000000e+02	-9.608659499999999817e-04	-1.790430615911541739e-04	3.248188122225927781e-04
4.600000000000000000e+02	-9.590358499999999736e-04	-1.783877858649663209e-04	3.461707904934954510e-04
4.610000000000000000e+02	-9.564688499999999963e-04	-1.776908832919103321e-04	3.674438940410703551e-04
4.620000000000000000e+02	-9.537576500000000687e-04	-1.769525126606509330e-04	3.886332758065745097e-04
4.630000000000000000e+02	-9.509019499999999802e-04	-1.761728422083152612e-04	4.097341078072024327e-04
4.640000000000000000e+02	-9.479030500000000655e-04	-1.753520495821597324e-04	4.307415822361395112e-04
4.650000000000000000e+02	-9.447608499999999654e-04	-1.744903217990936568e-04	4.516509125580112538e-04
4.660000000000000000e+02	-9.414759499999999929e-04	-1.735878552030672745e-04	4.724573345994994948e-04
4.670000000000000000e+02	-9.380489500000000272e-04	-1.726448554203350531e-04	4.931561076348494038e-04
4.680000000000000000e+02	-9.344801500000000623e-04	-1.716615373126040593e-04	5.137425154660420039e-04
4.690000000000000000e+02	-9.307702500000000117e-04	-1.706381249280776230e-04	5.342118674973767066e-04
4.700000000000000000e+02	-9.269199500000000055e-04	-1.695748514504065723e-04	5.545594998042147668e-04
4.710000000000000000e+02	-9.229294500000000036e-04	-1.684719591455579874e-04	5.747807761956578738e-04
4.720000000000000000e+02	-9.187995500000000620e-04	-1.673296993066155410e-04	5.948710892708952182e-04
4.730000000000000000e+02	-9.145309499999999857e-04	-1.661483321965223745e-04	6.148258614689978583e-04
4.740000000000000000e+02	-9.101241500000000536e-04	-1.649281269887803349e-04	6.346405461119126448e-04
4.750000000000000000e+02	-9.055798500000000707e-04	-1.636693617061194775e-04	6.543106284404143604e-04
4.760000000000000000e+02	-9.008989500000000187e-04	-1.623723231571501380e-04	6.738316266427970668e-04
4.770000000000000000e+02	-8.960817499999999998e-04	-1.610373068710143274e-04	6.931990928760464006e-04
4.780000000000000000e+02	-8.911293500000000639e-04	-1.596646170300494857e-04	7.124086142792778213e-04
4.790000000000000000e+02	-8.860421500000000223e-04	-1.582545664004807499e-04	7.314558139792046729e-04
4.800000000000000000e+02	-8.808214499999999928e-04	-1.568074762611577271e-04	7.503363520874005693e-04
4.810000000000000000e+02	-8.754676500000000035e-04	-1.553236763303509260e-04	7.690459266891454433e-04
4.820000000000000000e+02	-8.699811499999999739e-04	-1.538035046906260331e-04	7.875802748236095802e-04
4.830000000000000000e+02	-8.643636500000000502e-04	-1.522473077118120257e-04	8.059351734551664908e-04
4.840000000000000000e+02	-8.586154500000000092e-04	-1.506554399720809575e-04	8.241064404356085709e-04
4.850000000000000000e+02	-8.527375499999999752e-04	-1.490282641771580106e-04	8.420899354570427408e-04
4.860000000000000000e+02	-8.467307500000000042e-04	-1.473661510776788077e-04	8.598815609952614779e-04
4.870000000000000000e+02	-8.405960500000000035e-04	-1.456694793847144510e-04	8.774772632433566798e-04
4.880000000000000000e+02	-8.343346500000000570e-04	-1.439386356834825270e-04	8.948730330353770824e-04
4.890000000000000000e+02	-8.279468500000000501e-04	-1.421740143452638119e-04	9.120649067598144517e-04
4.900000000000000000e+02	-8.214341500000000608e-04	-1.403760174375456285e-04	9.290489672627045290e-04
4.910000000000000000e+02	-8.147972500000000024e-04	-1.385450546324103400e-04	9.458213447401541850e-04
4.920000000000000000e+02	-8.080372500000000333e-04	-1.366815431131924280e-04	9.623782176200685115e-04
4.930000000000000000e+02	-8.011549499999999924e-04	-1.347859074794235067e-04	9.787158134328931020e-04
4.940000000000000000e+02	-7.941517500000000321e-04	-1.328585796500875800e-04	9.948304096711699674e-04
4.950000000000000000e+02	-7.870286500000000596e-04	-1.308999987652087970e-04	1.010718334637706294e-03
4.960000000000000000e+02	-7.797866499999999822e-04	-1.289106110857938755e-04	1.026375968282165979e-03
4.970000000000000000e+02	-7.724264500000000387e-04	-1.268908698921515025e-04	1.041799743025898775e-03
4.980000000000000000e+02	-7.649499500000000096e-04	-1.248412353806131324e-04	1.056986144574807848e-03
4.990000000000000000e+02	-7.573576500000000654e-04	-1.227621745586775725e-04	1.071931712720079061e-03
5.000000000000000000e+02	-7.496509500000000329e-04	-1.206541611386035190e-04	1.086633042126587201e-03
5.010000000000000000e+02	-7.418307500000000023e-04	-1.185176754294751982e-04	1.101086783108795727e-03
5.020000000000000000e+02	-7.338987500000000112e-04	-1.163532042277635548e-04	1.115289642393985006e-03
5.030000000000000000e+02	-7.258556499999999729e-04	-1.141612407064106075e-04	1.129238383872617794e-03
5.040000000000000000e+02	-7.177028500000000397e-04	-1.119422843024602698e-04	1.142929829335685406e-03
5.050000000000000000e+02	-7.094414500000000446e-04	-1.096968406032618854e-04	1.156360859198860436e-03
5.060000000000000000e+02	-7.010729500000000653e-04	-1.074254212312731515e-04	1.169528413213288863e-03
5.070000000000000000e+02	-6.925983500000000093e-04	-1.051285437274865787e-04	1.182429491162868872e-03
5.080000000000000000e+02	-6.840191500000000627e-04	-1.028067314335086681e-04	1.195061153547845529e-03
5.090000000000000000e+02	-6.753365499999999843e-04	-1.004605133723169034e-04	1.207420522254573202e-03
5.100000000000000000e+02	-6.665518500000000004e-04	-9.809042412772217795e-05	1.219504781211292648e-03
5.110000000000000000e+02	-6.576660500000000185e-04	-9.569700372256480681e-05	1.231311177029767272e-03
