0.000000000000000000e+00	1.628456999999999821e-02	1.337433714336991699e-04	7.400590321831851393e-03
1.000000000000000000e+00	1.764465999999999951e-02	1.481938416414139471e-04	7.396505482983225729e-03
2.000000000000000000e+00	1.900207999999999758e-02	1.626352458499173595e-04	7.391306855137090744e-03
3.000000000000000000e+00	2.035663000000000056e-02	1.770654094272628852e-04	7.384995221119133521e-03
4.000000000000000000e+00	2.170810999999999921e-02	1.914821594341534683e-04	7.377571531355003702e-03
5.000000000000000000e+00	2.305631000000000000e-02	2.058833249511495597e-04	7.369036903727194457e-03
6.000000000000000000e+00	2.440101999999999896e-02	2.202667374055731217e-04	7.359392623406704921e-03
7.000000000000000000e+00	2.574206000000000064e-02	2.346302308980577215e-04	7.348640142659518780e-03
8.000000000000000000e+00	2.707920999999999939e-02	2.489716425286969269e-04	7.336781080627916354e-03
9.000000000000000000e+00	2.841225999999999821e-02	2.632888127227402120e-04	7.323817223086658348e-03
1.000000000000000000e+01	2.974100999999999828e-02	2.775795855557886102e-04	7.309750522174079425e-03
1.100000000000000000e+01	3.106528999999999888e-02	2.918418090784407324e-04	7.294583096098128036e-03
1.200000000000000000e+01	3.238488999999999951e-02	3.060733356403395997e-04	7.278317228817401084e-03
1.300000000000000000e+01	3.369957999999999981e-02	3.202720222135732380e-04	7.260955369697218512e-03
1.400000000000000000e+01	3.500918999999999559e-02	3.344357307153779141e-04	7.242500133140787263e-03
1.500000000000000000e+01	3.631352999999999664e-02	3.485623283300977164e-04	7.222954298195521407e-03
1.600000000000000000e+01	3.761239999999999722e-02	3.626496878303505007e-04	7.202320808134557439e-03
1.700000000000000000e+01	3.890558000000000211e-02	3.766956878973524948e-04	7.180602770013554993e-03
1.800000000000000000e+01	4.019289000000000195e-02	3.906982134403530981e-04	7.157803454202820229e-03
1.900000000000000000e+01	4.147412999999999794e-02	4.046551559151321175e-04	7.133926293894847330e-03
2.000000000000000000e+01	4.274913999999999797e-02	4.185644136415102171e-04	7.108974884587334481e-03
2.100000000000000000e+01	4.401766000000000012e-02	4.324238921198278029e-04	7.082952983541764523e-03
2.200000000000000000e+01	4.527957999999999983e-02	4.462315043463398689e-04	7.055864509217624030e-03
2.300000000000000000e+01	4.653464000000000211e-02	4.599851711274848443e-04	7.027713540682350123e-03
2.400000000000000000e+01	4.778270999999999907e-02	4.736828213929754556e-04	6.998504316997090913e-03
2.500000000000000000e+01	4.902354999999999907e-02	4.873223925076667165e-04	6.968241236578373229e-03
2.600000000000000000e+01	5.025703000000000115e-02	5.009018305821546970e-04	6.936928856535779994e-03
2.700000000000000000e+01	5.148288999999999643e-02	5.144190907820572279e-04	6.904571891985719634e-03
2.800000000000000000e+01	5.270102999999999593e-02	5.278721376359314914e-04	6.871175215341414171e-03
2.900000000000000000e+01	5.391117000000000131e-02	5.412589453417818251e-04	6.836743855579192723e-03
3.000000000000000000e+01	5.511321999999999749e-02	5.545774980721111152e-04	6.801282997481217056e-03
3.100000000000000000e+01	5.630693999999999977e-02	5.678257902774706259e-04	6.764797980854733717e-03
3.200000000000000000e+01	5.749218999999999857e-02	5.810018269884620204e-04	6.727294299727995877e-03
3.300000000000000000e+01	5.866877999999999677e-02	5.941036241161457140e-04	6.688777601522951158e-03
3.400000000000000000e+01	5.983650000000000080e-02	6.071292087508115389e-04	6.649253686204839413e-03
3.500000000000000000e+01	6.099519999999999942e-02	6.200766194590657523e-04	6.608728505408808032e-03
3.600000000000000000e+01	6.214470999999999884e-02	6.329439065791895008e-04	6.567208161543704355e-03
3.700000000000000000e+01	6.328483999999999499e-02	6.457291325147251557e-04	6.524698906873151877e-03
3.800000000000000000e+01	6.441544999999999910e-02	6.584303720262459601e-04	6.481207142574064647e-03
3.900000000000000000e+01	6.553634999999999322e-02	6.710457125212637751e-04	6.436739417772740363e-03
4.000000000000000000e+01	6.664734999999999410e-02	6.835732543422344846e-04	6.391302428558666600e-03
4.100000000000000000e+01	6.774830999999999215e-02	6.960111110526132462e-04	6.344903016976210196e-03
4.200000000000000000e+01	6.883907000000000220e-02	7.083574097209207731e-04	6.297548169994316401e-03
4.300000000000000000e+01	6.991943999999999937e-02	7.206102912027745680e-04	6.249245018454390420e-03
4.400000000000000000e+01	7.098926999999999321e-02	7.327679104208456454e-04	6.200000835996511382e-03
4.500000000000000000e+01	7.204839999999999856e-02	7.448284366426954212e-04	6.149823037964145291e-03
4.600000000000000000e+01	7.309667999999999721e-02	7.567900537564526547e-04	6.098719180287522600e-03
4.700000000000000000e+01	7.413393999999999540e-02	7.686509605442905452e-04	6.046696958345837425e-03
4.800000000000000000e+01	7.516000000000000458e-02	7.804093709536588782e-04	5.993764205808456598e-03
4.900000000000000000e+01	7.617475999999999414e-02	7.920635143662337107e-04	5.939928893455303366e-03
5.000000000000000000e+01	7.717804999999999804e-02	8.036116358645422003e-04	5.885199127976582269e-03
5.100000000000000000e+01	7.816968000000000527e-02	8.150519964962239837e-04	5.829583150752062036e-03
5.200000000000000000e+01	7.914950999999999237e-02	8.263828735358887687e-04	5.773089336610050942e-03
5.300000000000000000e+01	8.011744999999999284e-02	8.376025607445280758e-04	5.715726192566298811e-03
5.400000000000000000e+01	8.107330000000000092e-02	8.487093686264473007e-04	5.657502356542974849e-03
5.500000000000000000e+01	8.201691999999999316e-02	8.597016246836750551e-04	5.598426596067948569e-03
5.600000000000000000e+01	8.294817999999999636e-02	8.705776736678130312e-04	5.538507806954544657e-03
5.700000000000000000e+01	8.386694999999999567e-02	8.813358778292882268e-04	5.477755011961986907e-03
5.800000000000000000e+01	8.477307000000000592e-02	8.919746171639712090e-04	5.416177359436717687e-03
5.900000000000000000e+01	8.566641999999999313e-02	9.024922896571201938e-04	5.353784121934815864e-03
6.000000000000000000e+01	8.654686000000000323e-02	9.128873115246188483e-04	5.290584694825704003e-03
6.100000000000000000e+01	8.741425999999999363e-02	9.231581174514667245e-04	5.226588594877364276e-03
6.200000000000000000e+01	8.826845999999999304e-02	9.333031608274886069e-04	5.161805458823274725e-03
6.300000000000000000e+01	8.910940000000000527e-02	9.433209139802297034e-04	5.096245041911279250e-03
6.400000000000000000e+01	8.993687000000000209e-02	9.532098684049957003e-04	5.029917216434609019e-03
6.500000000000000000e+01	9.075081000000000120e-02	9.629685349920091625e-04	4.962831970245288639e-03
6.600000000000000000e+01	9.155106000000000355e-02	9.725954442506434686e-04	4.894999405250125696e-03
6.700000000000000000e+01	9.233751999999999238e-02	9.820891465307038121e-04	4.826429735889538677e-03
6.800000000000000000e+01	9.311005999999999450e-02	9.914482122407211172e-04	4.757133287599434913e-03
6.900000000000000000e+01	9.386856000000000366e-02	1.000671232063222223e-03	4.687120495256372719e-03
7.000000000000000000e+01	9.461292999999999787e-02	1.009756817166950534e-03	4.616401901606242801e-03
7.100000000000000000e+01	9.534302000000000055e-02	1.018703599416001353e-03	4.544988155676712646e-03
7.200000000000000000e+01	9.605875999999999304e-02	1.027510231575838292e-03	4.472890011173659419e-03
7.300000000000000000e+01	9.676002999999999687e-02	1.036175387516165497e-03	4.400118324861846363e-03
7.400000000000000000e+01	9.744669000000000247e-02	1.044697762410620344e-03	4.326684054930071688e-03
7.500000000000000000e+01	9.811868999999999452e-02	1.053076072933257102e-03	4.252598259341057972e-03
7.600000000000000000e+01	9.877589999999999981e-02	1.061309057451796222e-03	4.177872094166300634e-03
7.700000000000000000e+01	9.941820999999999298e-02	1.069395476217602572e-03	4.102516811906158252e-03
7.800000000000000000e+01	1.000455999999999984e-01	1.077334111552372695e-03	4.026543759795414568e-03
7.900000000000000000e+01	1.006578000000000056e-01	1.085123768031495076e-03	3.949964378094571529e-03
8.000000000000000000e+01	1.012548999999999949e-01	1.092763272664062186e-03	3.872790198367149182e-03
8.100000000000000000e+01	1.018367000000000022e-01	1.100251475069502407e-03	3.795032841743212291e-03
8.200000000000000000e+01	1.024031999999999998e-01	1.107587247650807785e-03	3.716704017169439409e-03
8.300000000000000000e+01	1.029542999999999986e-01	1.114769485764331367e-03	3.637815519645940399e-03
8.400000000000000000e+01	1.034897999999999929e-01	1.121797107886129182e-03	3.558379228450135080e-03
8.500000000000000000e+01	1.040097999999999995e-01	1.128669055774816519e-03	3.478407105347934569e-03
8.600000000000000000e+01	1.045140999999999987e-01	1.135384294630924175e-03	3.397911192792497231e-03
8.700000000000000000e+01	1.050026000000000015e-01	1.141941813252720424e-03	3.316903612110838964e-03
8.800000000000000000e+01	1.054752999999999941e-01	1.148340624188480931e-03	3.235396561678572334e-03
8.900000000000000000e+01	1.059321000000000013e-01	1.154579763885182951e-03	3.153402315083027405e-03
9.000000000000000000e+01	1.063728999999999925e-01	1.160658292833599559e-03	3.070933219275059998e-03
9.100000000000000000e+01	1.067976999999999954e-01	1.166575295709774149e-03	2.988001692709814968e-03
9.200000000000000000e+01	1.072063999999999934e-01	1.172329881512852463e-03	2.904620223476706009e-03
9.300000000000000000e+01	1.075990000000000002e-01	1.177921183699253468e-03	2.820801367418926398e-03
9.400000000000000000e+01	1.079752999999999963e-01	1.183348360313153961e-03	2.736557746242752626e-03
9.500000000000000000e+01	1.083353999999999984e-01	1.188610594113275820e-03	2.651902045616919782e-03
9.600000000000000000e+01	1.086792000000000036e-01	1.193707092695945986e-03	2.566847013262385253e-03
9.700000000000000000e+01	1.090065999999999952e-01	1.198637088614420932e-03	2.481405457032726664e-03
9.800000000000000000e+01	1.093174999999999980e-01	1.203399839494450696e-03	2.395590242985498001e-03
9.900000000000000000e+01	1.096120000000000011e-01	1.207994628146067274e-03	2.309414293444824948e-03
1.000000000000000000e+02	1.098898999999999987e-01	1.212420762671582650e-03	2.222890585055508749e-03
1.010000000000000000e+02	1.101512999999999937e-01	1.216677576569775423e-03	2.136032146828976009e-03
1.020000000000000000e+02	1.103960999999999970e-01	1.220764428836255836e-03	2.048852058181316847e-03
1.030000000000000000e+02	1.106242999999999949e-01	1.224680704059989689e-03	1.961363446963750989e-03
1.040000000000000000e+02	1.108357999999999982e-01	1.228425812515969223e-03	1.873579487485799123e-03
1.050000000000000000e+02	1.110305999999999932e-01	1.231999190254014697e-03	1.785513398531444898e-03
1.060000000000000000e+02	1.112086999999999937e-01	1.235400299183697561e-03	1.697178441368613240e-03
1.070000000000000000e+02	1.113699999999999968e-01	1.238628627155365916e-03	1.608587917752252313e-03
1.080000000000000000e+02	1.115145000000000025e-01	1.241683688037267070e-03	1.519755167921303836e-03
1.090000000000000000e+02	1.116421999999999970e-01	1.244565021788750269e-03	1.430693568589892642e-03
1.100000000000000000e+02	1.117530999999999941e-01	1.247272194529540921e-03	1.341416530933023463e-03
1.110000000000000000e+02	1.118471999999999938e-01	1.249804798605075274e-03	1.251937498567074836e-03
1.120000000000000000e+02	1.119243999999999933e-01	1.252162452647887511e-03	1.162269945525427331e-03
1.130000000000000000e+02	1.119846999999999926e-01	1.254344801635036031e-03	1.072427374229491508e-03
1.140000000000000000e+02	1.120281999999999945e-01	1.256351516941564810e-03	9.824233134554769160e-04
1.150000000000000000e+02	1.120547999999999961e-01	1.258182296389987907e-03	8.922713162971885638e-04
1.160000000000000000e+02	1.120644999999999974e-01	1.259836864295793210e-03	8.019849581251507764e-04
1.170000000000000000e+02	1.120572999999999986e-01	1.261314971508955456e-03	7.115778345423967978e-04
1.180000000000000000e+02	1.120331999999999995e-01	1.262616395451453526e-03	6.210635593371897781e-04
1.190000000000000000e+02	1.119922000000000001e-01	1.263740940150787908e-03	5.304557624330200278e-04
1.200000000000000000e+02	1.119344000000000033e-01	1.264688436269490292e-03	4.397680878361734423e-04
1.210000000000000000e+02	1.118596999999999925e-01	1.265458741130622922e-03	3.490141915811648078e-04
1.220000000000000000e+02	1.117681999999999981e-01	1.266051738739263363e-03	2.582077396743738236e-04
1.230000000000000000e+02	1.116597000000000006e-01	1.266467339799971651e-03	1.673624060361800215e-04
1.240000000000000000e+02	1.115344999999999948e-01	1.266705481730236345e-03	7.649187044189100675e-05
1.250000000000000000e+02	1.113925000000000054e-01	1.266766128669898420e-03	-1.439018353819589340e-05
1.260000000000000000e+02	1.112337000000000048e-01	1.266649271486551889e-03	-1.052700705993038282e-04
1.270000000000000000e+02	1.110580999999999929e-01	1.266354927776917492e-03	-1.961341057629639414e-04
1.280000000000000000e+02	1.108658000000000005e-01	1.265883141864194636e-03	-2.869686064377292649e-04
1.290000000000000000e+02	1.106567999999999996e-01	1.265233984791385964e-03	-3.777598944795537662e-04
1.300000000000000000e+02	1.104311000000000043e-01	1.264407554310599752e-03	-4.684942982514852129e-04
1.310000000000000000e+02	1.101887000000000005e-01	1.263403974868330124e-03	-5.591581546823781550e-04
1.320000000000000000e+02	1.099297999999999942e-01	1.262223397586717706e-03	-6.497378113243338369e-04
1.330000000000000000e+02	1.095220999999999972e-01	1.260866000240792872e-03	-7.402196284085149711e-04
1.340000000000000000e+02	1.092304000000000053e-01	1.259331987231705925e-03	-8.305899808990770909e-04
1.350000000000000000e+02	1.089221999999999968e-01	1.257621589555947897e-03	-9.208352605448635181e-04
1.360000000000000000e+02	1.085977000000000053e-01	1.255735064770566092e-03	-1.010941877928574250e-03
1.370000000000000000e+02	1.082568000000000003e-01	1.253672696954380005e-03	-1.100896264513112231e-03
1.380000000000000000e+02	1.078995999999999983e-01	1.251434796665205429e-03	-1.190684874684772541e-03
1.390000000000000000e+02	1.075260999999999995e-01	1.249021700893087608e-03	-1.280294187792976228e-03
1.400000000000000000e+02	1.071363999999999927e-01	1.246433773009557539e-03	-1.369710710186264509e-03
1.410000000000000000e+02	1.067305000000000059e-01	1.243671402712913810e-03	-1.458920977244209218e-03
1.420000000000000000e+02	1.063086000000000031e-01	1.240735005969541022e-03	-1.547911555404951969e-03
1.430000000000000000e+02	1.058706999999999981e-01	1.237625024951271744e-03	-1.636669044188084933e-03
1.440000000000000000e+02	1.054168000000000049e-01	1.234341927968803706e-03	-1.725180078212523033e-03
1.450000000000000000e+02	1.049469999999999986e-01	1.230886209401178735e-03	-1.813431329209116896e-03
1.460000000000000000e+02	1.044613999999999959e-01	1.227258389621338833e-03	-1.901409508027660476e-03
1.470000000000000000e+02	1.039600999999999997e-01	1.223459014917766766e-03	-1.989101366638007344e-03
1.480000000000000000e+02	1.034430999999999962e-01	1.219488657412223310e-03	-2.076493700125013522e-03
1.490000000000000000e+02	1.029105000000000020e-01	1.215347914973596540e-03	-2.163573348676960800e-03
1.500000000000000000e+02	1.023623999999999923e-01	1.211037411127871425e-03	-2.250327199567213766e-03
1.510000000000000000e+02	1.017988999999999977e-01	1.206557794964238563e-03	-2.336742189128772264e-03
1.520000000000000000e+02	1.012200000000000044e-01	1.201909741037352278e-03	-2.422805304721431779e-03
1.530000000000000000e+02	1.006259000000000042e-01	1.197093949265752794e-03	-2.508503586691278927e-03
1.540000000000000000e+02	1.000167000000000000e-01	1.192111144826471601e-03	-2.593824130322192056e-03
1.550000000000000000e+02	9.939228999999999425e-02	1.186962078045831689e-03	-2.678754087779068073e-03
1.560000000000000000e+02	9.875294999999999213e-02	1.181647524286461113e-03	-2.763280670042500987e-03
1.570000000000000000e+02	9.809874999999999845e-02	1.176168283830535469e-03	-2.847391148834586046e-03
1.580000000000000000e+02	9.742976999999999888e-02	1.170525181759270780e-03	-2.931072858535579712e-03
1.590000000000000000e+02	9.674605999999999484e-02	1.164719067828678262e-03	-3.014313198091139647e-03
1.600000000000000000e+02	9.604781999999999209e-02	1.158750816341607001e-03	-3.097099632909819031e-03
1.610000000000000000e+02	9.533508000000000260e-02	1.152621326016087114e-03	-3.179419696750574072e-03
1.620000000000000000e+02	9.460799000000000292e-02	1.146331519849999635e-03	-3.261260993599963791e-03
1.630000000000000000e+02	9.386661999999999784e-02	1.139882344982086999e-03	-3.342611199538779703e-03
1.640000000000000000e+02	9.311110000000000220e-02	1.133274772549331452e-03	-3.423458064597832175e-03
1.650000000000000000e+02	9.234156000000000308e-02	1.126509797540716775e-03	-3.503789414602569499e-03
1.660000000000000000e+02	9.155811999999999284e-02	1.119588438647400441e-03	-3.583593153006323691e-03
1.670000000000000000e+02	9.076086999999999350e-02	1.112511738109316127e-03	-3.662857262711829553e-03
1.680000000000000000e+02	8.994992999999999739e-02	1.105280761558229824e-03	-3.741569807880806234e-03
1.690000000000000000e+02	8.912544000000000022e-02	1.097896597857273135e-03	-3.819718935731287752e-03
1.700000000000000000e+02	8.828753999999999769e-02	1.090360358936979168e-03	-3.897292878322465657e-03
1.710000000000000000e+02	8.743631999999999793e-02	1.082673179627844425e-03	-3.974279954326720779e-03
1.720000000000000000e+02	8.657189999999999330e-02	1.074836217489444010e-03	-4.050668570788647574e-03
1.730000000000000000e+02	8.569446999999999481e-02	1.066850652636119239e-03	-4.126447224870764471e-03
1.740000000000000000e+02	8.480408999999999864e-02	1.058717687559275608e-03	-4.201604505585628327e-03
1.750000000000000000e+02	8.390095000000000192e-02	1.050438546946307148e-03	-4.276129095514146980e-03
1.760000000000000000e+02	8.298516999999999699e-02	1.042014477496176891e-03	-4.350009772509801954e-03
1.770000000000000000e+02	8.205685000000000062e-02	1.033446747731688563e-03	-4.423235411388493771e-03
1.780000000000000000e+02	8.111617999999999606e-02	1.024736647808465991e-03	-4.495794985603817316e-03
1.790000000000000000e+02	8.016329999999999290e-02	1.015885489320677518e-03	-4.567677568907482777e-03
1.800000000000000000e+02	7.919832000000000261e-02	1.006894605103533617e-03	-4.638872336994608915e-03
1.810000000000000000e+02	7.822139999999999649e-02	9.977653490325830675e-04	-4.709368569133683992e-03
1.820000000000000000e+02	7.723270000000000135e-02	9.884990958198417495e-04	-4.779155649780940200e-03
1.830000000000000000e+02	7.623236999999999375e-02	9.790972408067859234e-04	-4.848223070178858847e-03
1.840000000000000000e+02	7.522051999999999905e-02	9.695611997542362328e-04	-4.916560429938617201e-03
1.850000000000000000e+02	7.419734999999999525e-02	9.598924086291666952e-04	-4.984157438606223733e-03
1.860000000000000000e+02	7.316298000000000246e-02	9.500923233884754323e-04	-5.051003917212066804e-03
1.870000000000000000e+02	7.211760000000000392e-02	9.401624197597392577e-04	-5.117089799803709385e-03
1.880000000000000000e+02	7.106134999999999535e-02	9.301041930189959256e-04	-5.182405134961645329e-03
1.890000000000000000e+02	6.999437999999999493e-02	9.199191577655785410e-04	-5.246940087297825503e-03
1.900000000000000000e+02	6.891685999999999646e-02	9.096088476940452847e-04	-5.310684938936687492e-03
1.910000000000000000e+02	6.782897000000000232e-02	8.991748153632291712e-04	-5.373630090978508481e-03
1.920000000000000000e+02	6.673083000000000486e-02	8.886186319624478488e-04	-5.435766064944849707e-03
1.930000000000000000e+02	6.562263000000000124e-02	8.779418870749118196e-04	-5.497083504205834900e-03
1.940000000000000000e+02	6.450453999999999910e-02	8.671461884383580791e-04	-5.557573175389114370e-03
1.950000000000000000e+02	6.337674999999999559e-02	8.562331617029511318e-04	-5.617225969770256282e-03
1.960000000000000000e+02	6.223937000000000219e-02	8.452044501864900902e-04	-5.676032904644358681e-03
1.970000000000000000e+02	6.109263000000000193e-02	8.340617146269512384e-04	-5.733985124678694922e-03
1.980000000000000000e+02	5.993667999999999912e-02	8.228066329324074763e-04	-5.791073903246187794e-03
1.990000000000000000e+02	5.877169000000000143e-02	8.114408999283664967e-04	-5.847290643739480771e-03
2.000000000000000000e+02	5.759782000000000096e-02	7.999662271025569657e-04	-5.902626880865442446e-03
2.010000000000000000e+02	5.641528999999999988e-02	7.883843423472081374e-04	-5.957074281919904658e-03
2.020000000000000000e+02	5.522424000000000083e-02	7.766969896988561856e-04	-6.010624648042423544e-03
2.030000000000000000e+02	5.402486000000000094e-02	7.649059290757251762e-04	-6.063269915450887441e-03
2.040000000000000000e+02	5.281733999999999735e-02	7.530129360127111931e-04	-6.115002156655787759e-03
2.050000000000000000e+02	5.160187000000000107e-02	7.410198013940156973e-04	-6.165813581653966334e-03
2.060000000000000000e+02	5.037861999999999896e-02	7.289283311834708363e-04	-6.215696539101661471e-03
2.070000000000000000e+02	4.914774000000000226e-02	7.167403461525907477e-04	-6.264643517466657492e-03
2.080000000000000000e+02	4.790946000000000093e-02	7.044576816063925512e-04	-6.312647146159418125e-03
2.090000000000000000e+02	4.666396999999999906e-02	6.920821871070333229e-04	-6.359700196642952170e-03
2.100000000000000000e+02	4.541143999999999736e-02	6.796157261952953622e-04	-6.405795583521316054e-03
2.110000000000000000e+02	4.415203999999999657e-02	6.670601761099676733e-04	-6.450926365606560707e-03
2.120000000000000000e+02	4.288601000000000218e-02	6.544174275051677873e-04	-6.495085746963951030e-03
2.130000000000000000e+02	4.161349999999999771e-02	6.416893841656395956e-04	-6.538267077935315703e-03
2.140000000000000000e+02	4.033470999999999584e-02	6.288779627200744666e-04	-6.580463856140387688e-03
2.150000000000000000e+02	3.904984999999999706e-02	6.159850923525019397e-04	-6.621669727455936801e-03
2.160000000000000000e+02	3.775905999999999707e-02	6.030127145117857761e-04	-6.661878486972602417e-03
2.170000000000000000e+02	3.646259999999999779e-02	5.899627826192728550e-04	-6.701084079929247629e-03
2.180000000000000000e+02	3.516065000000000162e-02	5.768372617746440282e-04	-6.739280602624703014e-03
2.190000000000000000e+02	3.385337000000000068e-02	5.636381284600010862e-04	-6.776462303306762108e-03
2.200000000000000000e+02	3.254100000000000048e-02	5.503673702422430709e-04	-6.812623583038301088e-03
2.210000000000000000e+02	3.122371000000000174e-02	5.370269854737700970e-04	-6.847758996540386466e-03
2.220000000000000000e+02	2.990171999999999969e-02	5.236189829915682435e-04	-6.881863253012238113e-03
2.230000000000000000e+02	2.857521999999999840e-02	5.101453818147107504e-04	-6.914931216927933978e-03
2.240000000000000000e+02	2.724439000000000027e-02	4.966082108403268051e-04	-6.946957908809739402e-03
2.250000000000000000e+02	2.590945000000000054e-02	4.830095085380867593e-04	-6.977938505977927461e-03
2.260000000000000000e+02	2.457059999999999800e-02	4.693513226432410217e-04	-7.007868343276992332e-03
2.270000000000000000e+02	2.322803999999999841e-02	4.556357098482646112e-04	-7.036742913778148978e-03
2.280000000000000000e+02	2.188197000000000059e-02	4.418647354931568125e-04	-7.064557869457996006e-03
2.290000000000000000e+02	2.053258999999999987e-02	4.280404732544343133e-04	-7.091309021853254083e-03
2.300000000000000000e+02	1.918011000000000021e-02	4.141650048328688900e-04	-7.116992342691481899e-03
2.310000000000000000e+02	1.782473999999999864e-02	4.002404196400215740e-04	-7.141603964497661265e-03
2.320000000000000000e+02	1.646666999999999922e-02	3.862688144836103803e-04	-7.165140181176577611e-03
2.330000000000000000e+02	1.510610999999999898e-02	3.722522932517672700e-04	-7.187597448570892666e-03
2.340000000000000000e+02	1.374325999999999846e-02	3.581929665962263064e-04	-7.208972384994837349e-03
2.350000000000000000e+02	1.237832999999999815e-02	3.440929516144981912e-04	-7.229261771743433762e-03
2.360000000000000000e+02	1.101152999999999854e-02	3.299543715310693432e-04	-7.248462553577181278e-03
2.370000000000000000e+02	9.643067999999999432e-03	3.157793553776784296e-04	-7.266571839182120809e-03
2.380000000000000000e+02	8.273134999999999170e-03	3.015700376727236927e-04	-7.283586901605219183e-03
2.390000000000000000e+02	6.901950999999999052e-03	2.873285580998383680e-04	-7.299505178665002467e-03
2.400000000000000000e+02	5.529712999999998602e-03	2.730570611856892173e-04	-7.314324273337376690e-03
2.410000000000000000e+02	4.156633999999999329e-03	2.587576959770499473e-04	-7.328041954116582164e-03
2.420000000000000000e+02	2.782917999999998809e-03	2.444326157171894127e-04	-7.340656155351214622e-03
2.430000000000000000e+02	1.408773999999998923e-03	2.300839775216281086e-04	-7.352164977555286293e-03
2.440000000000000000e+02	3.440699999999900836e-05	2.157139420533158076e-04	-7.362566687694244508e-03
2.450000000000000000e+02	-1.339975000000001061e-03	2.013246731972707817e-04	-7.371859719445949567e-03
2.460000000000000000e+02	-2.714165000000001021e-03	1.869183377347336276e-04	-7.380042673436527749e-03
2.470000000000000000e+02	-4.087958000000000910e-03	1.724971050168896329e-04	-7.387114317451100309e-03
2.480000000000000000e+02	-5.461144000000001109e-03	1.580631466381995291e-04	-7.393073586619327772e-03
2.490000000000000000e+02	-6.833520000000000913e-03	1.436186361093924071e-04	-7.397919583575764298e-03
2.500000000000000000e+02	-8.204874000000000889e-03	1.291657485301747339e-04	-7.401651578594988304e-03
2.510000000000000000e+02	-9.575004000000001542e-03	1.147066602616950587e-04	-7.404269009701483321e-03
2.520000000000000000e+02	-1.094370000000000065e-02	1.002435485988216663e-04	-7.405771482754260407e-03
2.530000000000000000e+02	-1.231076000000000045e-02	8.577859144227660104e-05	-7.406158771506217778e-03
2.540000000000000000e+02	-1.367598000000000077e-02	7.131396697068374075e-05	-7.405430817638197771e-03
2.550000000000000000e+02	-1.503915000000000113e-02	5.685185331257019579e-05	-7.403587730767777556e-03
2.560000000000000000e+02	-1.640006000000000103e-02	4.239442821837533795e-05	-7.400629788432759766e-03
2.570000000000000000e+02	-1.775851000000000166e-02	2.794386873252143930e-05	-7.396557436049380416e-03
2.580000000000000000e+02	-1.911430000000000073e-02	1.350235086558595500e-05	-7.391371286845235811e-03
2.590000000000000000e+02	-2.046722000000000125e-02	-9.279507333705703034e-07	-7.385072121766940619e-03
2.600000000000000000e+02	-2.181707000000000091e-02	-1.534486310426689778e-05	-7.377660889362532698e-03
2.610000000000000000e+02	-2.316365000000000091e-02	-2.974621530321364885e-05	-7.369138705638635101e-03
2.620000000000000000e+02	-2.450674000000000255e-02	-4.412983872942260837e-05	-7.359506853892407337e-03
2.630000000000000000e+02	-2.584615000000000176e-02	-5.849356745175813253e-05	-7.348766784518297179e-03
2.640000000000000000e+02	-2.718169000000000141e-02	-7.283523853489209130e-05	-7.336920114789641581e-03
2.650000000000000000e+02	-2.851313999999999932e-02	-8.715269236500427250e-05	-7.323968628615131447e-03
2.660000000000000000e+02	-2.984031000000000183e-02	-1.014437729749859232e-04	-7.309914276270180165e-03
2.670000000000000000e+02	-3.116299000000000152e-02	-1.157063283690891014e-04	-7.294759174103251399e-03
2.680000000000000000e+02	-3.248096999999999790e-02	-1.299382108469822501e-04	-7.278505604217169571e-03
2.690000000000000000e+02	-3.379410000000000053e-02	-1.441372773271591950e-04	-7.261156014125472007e-03
2.700000000000000000e+02	-3.510213000000000222e-02	-1.583013896696482342e-04	-7.242713016383859129e-03
2.710000000000000000e+02	-3.640489000000000225e-02	-1.724284149979814240e-04	-7.223179388196785192e-03
2.720000000000000000e+02	-3.770219000000000348e-02	-1.865162260203711078e-04	-7.202558070999254616e-03
2.730000000000000000e+02	-3.899380000000000207e-02	-2.005627013500413522e-04	-7.180852170013898514e-03
2.740000000000000000e+02	-4.027957000000000065e-02	-2.145657258246746178e-04	-7.158064953783378238e-03
2.750000000000000000e+02	-4.155927000000000232e-02	-2.285231908249208679e-04	-7.134199853678189693e-03
2.760000000000000000e+02	-4.283271999999999774e-02	-2.424329945919169622e-04	-7.109260463379970738e-03
2.770000000000000000e+02	-4.409973000000000365e-02	-2.562930425437779563e-04	-7.083250538340346396e-03
2.780000000000000000e+02	-4.536012000000000377e-02	-2.701012475910071799e-04	-7.056173995215415072e-03
2.790000000000000000e+02	-4.661368999999999929e-02	-2.838555304507734333e-04	-7.028034911275978999e-03
2.800000000000000000e+02	-4.786025000000000001e-02	-2.975538199600178410e-04	-6.998837523793564885e-03
2.810000000000000000e+02	-4.909960000000000019e-02	-3.111940533873373458e-04	-6.968586229402368333e-03
2.820000000000000000e+02	-5.033156999999999909e-02	-3.247741767435942655e-04	-6.937285583437193155e-03
2.830000000000000000e+02	-5.155596999999999958e-02	-3.382921450912146160e-04	-6.904940299247495743e-03
2.840000000000000000e+02	-5.277261999999999925e-02	-3.517459228521199592e-04	-6.871555247487632495e-03
2.850000000000000000e+02	-5.398134000000000265e-02	-3.651334841142532040e-04	-6.837135455383421337e-03
2.860000000000000000e+02	-5.518193999999999877e-02	-3.784528129366440414e-04	-6.801686105975126607e-03
2.870000000000000000e+02	-5.637422000000000266e-02	-3.917019036529768784e-04	-6.765212537336985285e-03
2.880000000000000000e+02	-5.755803999999999782e-02	-4.048787611736119423e-04	-6.727720241773372557e-03
2.890000000000000000e+02	-5.873319999999999930e-02	-4.179814012860091368e-04	-6.689214864991763730e-03
2.900000000000000000e+02	-5.989951000000000303e-02	-4.310078509535186027e-04	-6.649702205252583549e-03
2.910000000000000000e+02	-6.105681999999999776e-02	-4.439561486124880547e-04	-6.609188212496078241e-03
2.920000000000000000e+02	-6.220492999999999856e-02	-4.568243444676384842e-04	-6.567678987446365531e-03
2.930000000000000000e+02	-6.334370000000000278e-02	-4.696105007856715284e-04	-6.525180780692764124e-03
2.940000000000000000e+02	-6.447295000000000109e-02	-4.823126921870613437e-04	-6.481699991748554428e-03
2.950000000000000000e+02	-6.559249000000000329e-02	-4.949290059359810539e-04	-6.437243168087332726e-03
2.960000000000000000e+02	-6.670215999999999645e-02	-5.074575422283307069e-04	-6.391817004157058536e-03
2.970000000000000000e+02	-6.780179999999999541e-02	-5.198964144778144263e-04	-6.345428340371997260e-03
2.980000000000000000e+02	-6.889124000000000636e-02	-5.322437496000306540e-04	-6.298084162082651788e-03
2.990000000000000000e+02	-6.997031000000000778e-02	-5.444976882945243638e-04	-6.249791598523902515e-03
3.000000000000000000e+02	-7.103884000000000587e-02	-5.566563853247673103e-04	-6.200557921741461573e-03
3.010000000000000000e+02	-7.209669000000000494e-02	-5.687180097960214823e-04	-6.150390545496813022e-03
3.020000000000000000e+02	-7.314371999999999541e-02	-5.806807454310377280e-04	-6.099297024150842836e-03
3.030000000000000000e+02	-7.417972000000000454e-02	-5.925427908435578969e-04	-6.047285051526271431e-03
3.040000000000000000e+02	-7.520456000000000363e-02	-6.043023598095753927e-04	-5.994362459749086498e-03
3.050000000000000000e+02	-7.621809000000000223e-02	-6.159576815363062164e-04	-5.940537218069173037e-03
3.060000000000000000e+02	-7.722014000000000655e-02	-6.275070009288432867e-04	-5.885817431660266344e-03
3.070000000000000000e+02	-7.821058000000000177e-02	-6.389485788544445972e-04	-5.830211340399449153e-03
3.080000000000000000e+02	-7.918925999999999743e-02	-6.502806924044149872e-04	-5.773727317626375054e-03
3.090000000000000000e+02	-8.015600999999999976e-02	-6.615016351535481318e-04	-5.716373868882377793e-03
3.100000000000000000e+02	-8.111071999999999727e-02	-6.726097174170872278e-04	-5.658159630629675495e-03
3.110000000000000000e+02	-8.205321999999999616e-02	-6.836032665051599211e-04	-5.599093368950877093e-03
3.120000000000000000e+02	-8.298334999999999739e-02	-6.944806269746587463e-04	-5.539183978228952310e-03
3.130000000000000000e+02	-8.390100999999999809e-02	-7.052401608785241428e-04	-5.478440479807877676e-03
3.140000000000000000e+02	-8.480603999999999920e-02	-7.158802480123892817e-04	-5.416872020634195400e-03
3.150000000000000000e+02	-8.569830999999999976e-02	-7.263992861585567796e-04	-5.354487871879616903e-03
3.160000000000000000e+02	-8.657768000000000408e-02	-7.367956913272656659e-04	-5.291297427544956397e-03
3.170000000000000000e+02	-8.744403000000000592e-02	-7.470678979952140178e-04	-5.227310203045536750e-03
3.180000000000000000e+02	-8.829721000000000097e-02	-7.572143593412986647e-04	-5.162535833778346926e-03
3.190000000000000000e+02	-8.913712000000000024e-02	-7.672335474795419306e-04	-5.096984073671100186e-03
3.200000000000000000e+02	-8.996361999999999415e-02	-7.771239536891654063e-04	-5.030664793713456734e-03
3.210000000000000000e+02	-9.077654999999999752e-02	-7.868840886417770341e-04	-4.963587980470631107e-03
3.220000000000000000e+02	-9.157585000000000031e-02	-7.965124826256391941e-04	-4.895763734579574276e-03
3.230000000000000000e+02	-9.236136999999999819e-02	-8.060076857669830992e-04	-4.827202269227983712e-03
3.240000000000000000e+02	-9.313296999999999548e-02	-8.153682682483341529e-04	-4.757913908616382553e-03
3.250000000000000000e+02	-9.389055999999999791e-02	-8.245928205238195387e-04	-4.687909086403460428e-03
3.260000000000000000e+02	-9.463404000000000260e-02	-8.336799535314215037e-04	-4.617198344134942206e-03
3.270000000000000000e+02	-9.536326999999999998e-02	-8.426282989021463034e-04	-4.545792329656210204e-03
3.280000000000000000e+02	-9.607812000000000296e-02	-8.514365091660784516e-04	-4.473701795508914017e-03
3.290000000000000000e+02	-9.677855999999999959e-02	-8.601032579552860121e-04	-4.400937597311826467e-03
3.300000000000000000e+02	-9.746438999999999797e-02	-8.686272402035492878e-04	-4.327510692126167700e-03
3.310000000000000000e+02	-9.813558000000000003e-02	-8.770071723428839562e-04	-4.253432136805641167e-03
3.320000000000000000e+02	-9.879198000000000146e-02	-8.852417924968210327e-04	-4.178713086331487664e-03
3.330000000000000000e+02	-9.943351999999999746e-02	-8.933298606704269612e-04	-4.103364792132710957e-03
3.340000000000000000e+02	-1.000601100000000077e-01	-9.012701589370246966e-04	-4.027398600391809795e-03
3.350000000000000000e+02	-1.006716000000000000e-01	-9.090614916215938738e-04	-3.950825950336232274e-03
3.360000000000000000e+02	-1.012679999999999969e-01	-9.167026854808181914e-04	-3.873658372515822752e-03
3.370000000000000000e+02	-1.018490999999999980e-01	-9.241925898797563729e-04	-3.795907487066519335e-03
3.380000000000000000e+02	-1.024150000000000060e-01	-9.315300769651102498e-04	-3.717585001960536147e-03
3.390000000000000000e+02	-1.029653999999999986e-01	-9.387140418350572264e-04	-3.638702711243374261e-03
3.400000000000000000e+02	-1.035002000000000005e-01	-9.457434027056321616e-04	-3.559272493257812676e-03
3.410000000000000000e+02	-1.040196000000000037e-01	-9.526171010736250592e-04	-3.479306308855237978e-03
3.420000000000000000e+02	-1.045231999999999967e-01	-9.593341018759733154e-04	-3.398816199594541666e-03
3.430000000000000000e+02	-1.050111999999999990e-01	-9.658933936456253226e-04	-3.317814285928869216e-03
3.440000000000000000e+02	-1.054833000000000021e-01	-9.722939886638522254e-04	-3.236312765380460702e-03
3.450000000000000000e+02	-1.059395000000000059e-01	-9.785349231089775831e-04	-3.154323910703945959e-03
3.460000000000000000e+02	-1.063797999999999966e-01	-9.846152572015153936e-04	-3.071860068038250423e-03
3.470000000000000000e+02	-1.068040999999999990e-01	-9.905340753456851489e-04	-2.988933655047482443e-03
3.480000000000000000e+02	-1.072123999999999994e-01	-9.962904862672837536e-04	-2.905557159051037983e-03
3.490000000000000000e+02	-1.076045000000000057e-01	-1.001883623147897502e-03	-2.821743135143231929e-03
3.500000000000000000e+02	-1.079803000000000013e-01	-1.007312643755430481e-03	-2.737504204302686726e-03
3.510000000000000000e+02	-1.083400000000000057e-01	-1.012576730570929331e-03	-2.652853051491860410e-03
3.520000000000000000e+02	-1.086832999999999966e-01	-1.017675090911688337e-03	-2.567802423746882740e-03
3.530000000000000000e+02	-1.090103000000000044e-01	-1.022606957050614662e-03	-2.482365128258072831e-03
3.540000000000000000e+02	-1.093208999999999986e-01	-1.027371586331834443e-03	-2.396554030441391554e-03
3.550000000000000000e+02	-1.096150000000000041e-01	-1.031968261282524340e-03	-2.310382052001125775e-03
3.560000000000000000e+02	-1.098926000000000069e-01	-1.036396289720951198e-03	-2.223862168984105415e-03
3.570000000000000000e+02	-1.101537000000000072e-01	-1.040655004860702691e-03	-2.137007409825705719e-03
3.580000000000000000e+02	-1.103982000000000019e-01	-1.044743765411094202e-03	-2.049830853388017685e-03
3.590000000000000000e+02	-1.106261000000000050e-01	-1.048661955673736105e-03	-1.962345626990371836e-03
3.600000000000000000e+02	-1.108374000000000026e-01	-1.052408985635247150e-03	-1.874564904432589156e-03
3.610000000000000000e+02	-1.110319000000000028e-01	-1.055984291056102659e-03	-1.786501904011229174e-03
3.620000000000000000e+02	-1.112097999999999975e-01	-1.059387333555596297e-03	-1.698169886529143739e-03
3.630000000000000000e+02	-1.113708999999999949e-01	-1.062617600692914322e-03	-1.609582153298598885e-03
3.640000000000000000e+02	-1.115151999999999949e-01	-1.065674606044297824e-03	-1.520752044138358981e-03
3.650000000000000000e+02	-1.116428000000000004e-01	-1.068557889276291421e-03	-1.431692935364909909e-03
3.660000000000000000e+02	-1.117535999999999946e-01	-1.071267016215062158e-03	-1.342418237778217859e-03
3.670000000000000000e+02	-1.118475000000000025e-01	-1.073801578911776902e-03	-1.252941394642288504e-03
3.680000000000000000e+02	-1.119245999999999991e-01	-1.076161195704034099e-03	-1.163275879660845107e-03
3.690000000000000000e+02	-1.119848999999999983e-01	-1.078345511273335819e-03	-1.073435194948389650e-03
3.700000000000000000e+02	-1.120282999999999973e-01	-1.080354196698591609e-03	-9.834328689970516305e-04
3.710000000000000000e+02	-1.120548999999999989e-01	-1.082186949505648758e-03	-8.932824546393977605e-04
3.720000000000000000e+02	-1.120644999999999974e-01	-1.083843493712840925e-03	-8.029975270076128522e-04
3.730000000000000000e+02	-1.120572999999999986e-01	-1.085323579872544747e-03	-7.125916814893115377e-04
3.740000000000000000e+02	-1.120333000000000023e-01	-1.086626985108743752e-03	-6.220785316803034920e-04
3.750000000000000000e+02	-1.119924000000000058e-01	-1.087753513150588325e-03	-5.314717073346215872e-04
3.760000000000000000e+02	-1.119345999999999952e-01	-1.088702994361952572e-03	-4.407848523120846788e-04
3.770000000000000000e+02	-1.118600000000000011e-01	-1.089475285766977478e-03	-3.500316225238014390e-04
3.780000000000000000e+02	-1.117685999999999957e-01	-1.090070271071600120e-03	-2.592256838757945616e-04
3.790000000000000000e+02	-1.116603000000000040e-01	-1.090487860681067442e-03	-1.683807102111521605e-04
3.800000000000000000e+02	-1.115352000000000010e-01	-1.090727991713425892e-03	-7.751038125097762794e-05
3.810000000000000000e+02	-1.113934000000000035e-01	-1.090790628008991283e-03	1.337161946553913626e-05
3.820000000000000000e+02	-1.112347000000000058e-01	-1.090675760135793870e-03	1.042516066416583230e-04
3.830000000000000000e+02	-1.110594000000000026e-01	-1.090383405390998222e-03	1.951158952838255817e-04
3.840000000000000000e+02	-1.108673000000000020e-01	-1.089913607798298966e-03	2.859508027624275885e-04
3.850000000000000000e+02	-1.106585000000000069e-01	-1.089266438101291548e-03	3.767426508721589636e-04
3.860000000000000000e+02	-1.104331000000000063e-01	-1.088441993752818637e-03	4.674777678917289869e-04
3.870000000000000000e+02	-1.101911000000000002e-01	-1.087440398900296539e-03	5.581424906425924964e-04
3.880000000000000000e+02	-1.099323999999999996e-01	-1.086261804367020080e-03	6.487231665463876048e-04
3.890000000000000000e+02	-1.096572999999999992e-01	-1.084906387629450955e-03	7.392061556808097794e-04
3.900000000000000000e+02	-1.093656000000000073e-01	-1.083374352790493662e-03	8.295778328335155468e-04
3.910000000000000000e+02	-1.090573999999999988e-01	-1.081665930548759893e-03	9.198245895538746534e-04
3.920000000000000000e+02	-1.087329000000000073e-01	-1.079781378163829604e-03	1.009932836202167899e-03
3.930000000000000000e+02	-1.083920000000000022e-01	-1.077720979417512914e-03	1.099889003995956722e-03
3.940000000000000000e+02	-1.080348000000000003e-01	-1.075485044571116268e-03	1.189679547053307728e-03
3.950000000000000000e+02	-1.076613000000000014e-01	-1.073073910318722438e-03	1.279290944432598951e-03
3.960000000000000000e+02	-1.072715999999999947e-01	-1.070487939736490405e-03	1.368709702168507004e-03
3.970000000000000000e+02	-1.068657000000000079e-01	-1.067727522227982515e-03	1.457922355303997112e-03
3.980000000000000000e+02	-1.064438000000000051e-01	-1.064793073465526490e-03	1.546915469917911276e-03
3.990000000000000000e+02	-1.060059000000000001e-01	-1.061685035327621617e-03	1.635675645147891119e-03
4.000000000000000000e+02	-1.055520000000000069e-01	-1.058403875832400606e-03	1.724189515208321638e-03
4.010000000000000000e+02	-1.050822000000000006e-01	-1.054950089067152553e-03	1.812443751402985793e-03
4.020000000000000000e+02	-1.045965999999999979e-01	-1.051324195113922597e-03	1.900425064132168183e-03
4.030000000000000000e+02	-1.040953000000000017e-01	-1.047526739971196092e-03	1.988120204893805386e-03
4.040000000000000000e+02	-1.035782999999999981e-01	-1.043558295471680745e-03	2.075515968278513791e-03
4.050000000000000000e+02	-1.030457000000000040e-01	-1.039419459196197753e-03	2.162599193958093368e-03
4.060000000000000000e+02	-1.024975999999999943e-01	-1.035110854383696714e-03	2.249356768667251909e-03
4.070000000000000000e+02	-1.019340999999999997e-01	-1.030633129837405567e-03	2.335775628178236862e-03
4.080000000000000000e+02	-1.013552000000000064e-01	-1.025986959827132486e-03	2.421842759268110629e-03
4.090000000000000000e+02	-1.007611000000000062e-01	-1.021173043987732079e-03	2.507545201678285963e-03
4.100000000000000000e+02	-1.001519000000000020e-01	-1.016192107213752163e-03	2.592870050066147132e-03
4.110000000000000000e+02	-9.952748999999999624e-02	-1.011044899550276720e-03	2.677804455948370847e-03
4.120000000000000000e+02	-9.888814999999999411e-02	-1.005732196079981529e-03	2.762335629635691119e-03
4.130000000000000000e+02	-9.823395000000000044e-02	-1.000254796806421308e-03	2.846450842158804867e-03
4.140000000000000000e+02	-9.756497000000000086e-02	-9.946135265335596855e-04	2.930137427185164171e-03
4.150000000000000000e+02	-9.688125999999999682e-02	-9.888092347415703646e-04	3.013382782926274806e-03
4.160000000000000000e+02	-9.618301999999999408e-02	-9.828427954589190503e-04	3.096174374035340175e-03
4.170000000000000000e+02	-9.547028000000000458e-02	-9.767151071307484615e-04	3.178499733494864234e-03
4.180000000000000000e+02	-9.474319000000000490e-02	-9.704270924835890896e-04	3.260346464493974871e-03
4.190000000000000000e+02	-9.400181999999999982e-02	-9.639796983864113182e-04	3.341702242295177192e-03
4.200000000000000000e+02	-9.324630000000000418e-02	-9.573738957080430790e-04	3.422554816090240051e-03
4.210000000000000000e+02	-9.247676000000000507e-02	-9.506106791709725617e-04	3.502892010844989475e-03
4.220000000000000000e+02	-9.169331999999999483e-02	-9.436910672015616725e-04	3.582701729132626873e-03
4.230000000000000000e+02	-9.089606999999999548e-02	-9.366161017766867205e-04	3.661971952955418112e-03
4.240000000000000000e+02	-9.008512999999999937e-02	-9.293868482668346314e-04	3.740690745554400409e-03
4.250000000000000000e+02	-8.926064000000000220e-02	-9.220043952756759370e-04	3.818846253206854228e-03
4.260000000000000000e+02	-8.842273999999999967e-02	-9.144698544761405623e-04	3.896426707011266082e-03
4.270000000000000000e+02	-8.757151999999999992e-02	-9.067843604430159262e-04	3.973420424659554993e-03
4.280000000000000000e+02	-8.670709999999999529e-02	-8.989490704821022663e-04	4.049815812196192258e-03
4.290000000000000000e+02	-8.582966999999999680e-02	-8.909651644559405835e-04	4.125601365764080056e-03
4.300000000000000000e+02	-8.493929000000000062e-02	-8.828338446061444319e-04	4.200765673336832005e-03
4.310000000000000000e+02	-8.403615000000000390e-02	-8.745563353723639606e-04	4.275297416437233607e-03
4.320000000000000000e+02	-8.312036999999999898e-02	-8.661338832079054076e-04	4.349185371841607188e-03
4.330000000000000000e+02	-8.219205000000000261e-02	-8.575677563920348868e-04	4.422418413269861917e-03
4.340000000000000000e+02	-8.125137999999999805e-02	-8.488592448389995371e-04	4.494985513060890600e-03
4.350000000000000000e+02	-8.029849999999999488e-02	-8.400096599037865227e-04	4.566875743833174496e-03
4.360000000000000000e+02	-7.933352000000000459e-02	-8.310203341846556652e-04	4.638078280130251800e-03
4.370000000000000000e+02	-7.835659999999999847e-02	-8.218926213224717276e-04	4.708582400050854641e-03
4.380000000000000000e+02	-7.736790000000000334e-02	-8.126278957968700693e-04	4.778377486863443976e-03
4.390000000000000000e+02	-7.636756999999999573e-02	-8.032275527192835355e-04	4.847453030604902124e-03
4.400000000000000000e+02	-7.535572000000000104e-02	-7.936930076228586621e-04	4.915798629663183442e-03
4.410000000000000000e+02	-7.433254999999999724e-02	-7.840256962493057568e-04	4.983403992343584873e-03
4.420000000000000000e+02	-7.329818000000000444e-02	-7.742270743326961930e-04	5.050258938418524489e-03
4.430000000000000000e+02	-7.225280000000000591e-02	-7.642986173802553780e-04	5.116353400660507075e-03
4.440000000000000000e+02	-7.119654999999999734e-02	-7.542418204501754675e-04	5.181677426358079035e-03
4.450000000000000000e+02	-7.012957999999999692e-02	-7.440581979264859888e-04	5.246221178814532322e-03
4.460000000000000000e+02	-6.905205999999999844e-02	-7.337492832910093689e-04	5.309974938829165741e-03
4.470000000000000000e+02	-6.796417000000000430e-02	-7.233166288924502670e-04	5.372929106160805220e-03
4.480000000000000000e+02	-6.686603000000000685e-02	-7.127618057126337793e-04	5.435074200973454700e-03
4.490000000000000000e+02	-6.575783000000000322e-02	-7.020864031299433672e-04	5.496400865263794885e-03
4.500000000000000000e+02	-6.463974000000000109e-02	-6.912920286799873479e-04	5.556899864270345088e-03
4.510000000000000000e+02	-6.351194999999999757e-02	-6.803803078135309181e-04	5.616562087864055731e-03
4.520000000000000000e+02	-6.237457000000000418e-02	-6.693528836517317676e-04	5.675378551920142421e-03
4.530000000000000000e+02	-6.122783000000000392e-02	-6.582114167387099644e-04	5.733340399670955150e-03
4.540000000000000000e+02	-6.007188000000000111e-02	-6.469575847915036123e-04	5.790438903039638041e-03
4.550000000000000000e+02	-5.890689000000000342e-02	-6.355930824474290359e-04	5.846665463954441727e-03
4.560000000000000000e+02	-5.773302000000000295e-02	-6.241196210088980787e-04	5.902011615643448957e-03
4.570000000000000000e+02	-5.655049000000000187e-02	-6.125389281857252562e-04	5.956469023909524360e-03
4.580000000000000000e+02	-5.535944000000000281e-02	-6.008527478349633610e-04	6.010029488385302751e-03
4.590000000000000000e+02	-5.416006000000000292e-02	-5.890628396983064443e-04	6.062684943768036419e-03
4.600000000000000000e+02	-5.295253999999999933e-02	-5.771709791371057094e-04	6.114427461034077638e-03
4.610000000000000000e+02	-5.173707000000000306e-02	-5.651789568650278069e-04	6.165249248632868884e-03
4.620000000000000000e+02	-5.051382000000000094e-02	-5.530885786784038886e-04	6.215142653660209182e-03
4.630000000000000000e+02	-4.928294000000000424e-02	-5.409016651843071488e-04	6.264100163010663004e-03
4.640000000000000000e+02	-4.804466000000000292e-02	-5.286200515264003787e-04	6.312114404508895743e-03
4.650000000000000000e+02	-4.679917000000000105e-02	-5.162455871085947336e-04	6.359178148019808269e-03
4.660000000000000000e+02	-4.554663999999999935e-02	-5.037801353165579851e-04	6.405284306537273667e-03
4.670000000000000000e+02	-4.428723999999999855e-02	-4.912255732371239745e-04	6.450425937251312233e-03
4.680000000000000000e+02	-4.302121000000000417e-02	-4.785837913756329207e-04	6.494596242593565945e-03
4.690000000000000000e+02	-4.174869999999999970e-02	-4.658566933712529981e-04	6.537788571260900669e-03
4.700000000000000000e+02	-4.046990999999999783e-02	-4.530461957103249795e-04	6.579996419216976519e-03
4.710000000000000000e+02	-3.918504999999999905e-02	-4.401542274377725551e-04	6.621213430671645840e-03
4.720000000000000000e+02	-3.789425999999999906e-02	-4.271827298666167603e-04	6.661433399038034844e-03
4.730000000000000000e+02	-3.659779999999999978e-02	-4.141336562856525187e-04	6.700650267867141498e-03
4.740000000000000000e+02	-3.529585000000000361e-02	-4.010089716653132664e-04	6.738858131759838631e-03
4.750000000000000000e+02	-3.398857000000000267e-02	-3.878106523617792225e-04	6.776051237256127020e-03
4.760000000000000000e+02	-3.267620000000000247e-02	-3.745406858193727298e-04	6.812223983701512671e-03
4.770000000000000000e+02	-3.135891000000000373e-02	-3.612010702712828382e-04	6.847370924090363450e-03
4.780000000000000000e+02	-3.003692000000000167e-02	-3.477938144386615265e-04	6.881486765886147931e-03
4.790000000000000000e+02	-2.871042000000000038e-02	-3.343209372281497277e-04	6.914566371818390775e-03
4.800000000000000000e+02	-2.737959000000000226e-02	-3.207844674278607510e-04	6.946604760656263991e-03
4.810000000000000000e+02	-2.604465000000000252e-02	-3.071864434018789437e-04	6.977597107958676166e-03
4.820000000000000000e+02	-2.470579999999999998e-02	-2.935289127833176658e-04	7.007538746800751235e-03
4.830000000000000000e+02	-2.336324000000000040e-02	-2.798139321659791844e-04	7.036425168476587513e-03
4.840000000000000000e+02	-2.201717000000000257e-02	-2.660435667946680987e-04	7.064252023178197240e-03
4.850000000000000000e+02	-2.066779000000000185e-02	-2.522198902541958072e-04	7.091015120650512142e-03
4.860000000000000000e+02	-1.931531000000000220e-02	-2.383449841571399315e-04	7.116710430822361343e-03
4.870000000000000000e+02	-1.795994000000000063e-02	-2.244209378303842293e-04	7.141334084413335746e-03
4.880000000000000000e+02	-1.660187000000000121e-02	-2.104498480005026397e-04	7.164882373516437419e-03
4.890000000000000000e+02	-1.524131000000000097e-02	-1.964338184780271964e-04	7.187351752156423759e-03
4.900000000000000000e+02	-1.387846000000000045e-02	-1.823749598406509292e-04	7.208738836823774462e-03
4.910000000000000000e+02	-1.251353000000000014e-02	-1.682753891154062484e-04	7.229040406984195422e-03
4.920000000000000000e+02	-1.114673000000000053e-02	-1.541372294598823472e-04	7.248253405563567613e-03
4.930000000000000000e+02	-9.778268000000001417e-03	-1.399626098425099728e-04	7.266374939408294133e-03
4.940000000000000000e+02	-8.408335000000001155e-03	-1.257536647219749328e-04	7.283402279720965593e-03
4.950000000000000000e+02	-7.037151000000001037e-03	-1.115125337258051009e-04	7.299332862471264935e-03
4.960000000000000000e+02	-5.664913000000000587e-03	-9.724136132817949379e-05	7.314164288782066571e-03
4.970000000000000000e+02	-4.291834000000001315e-03	-8.294229652700258447e-05	7.327894325290677802e-03
4.980000000000000000e+02	-2.918118000000000795e-03	-6.861749252030738559e-05	7.340520904485127972e-03
4.990000000000000000e+02	-1.543974000000000908e-03	-5.426910638201634673e-05	7.352042125015514039e-03
5.000000000000000000e+02	-1.696070000000009801e-04	-3.989929873712321970e-05	7.362456251980309743e-03
5.010000000000000000e+02	1.204774999999999076e-03	-2.551023343633934161e-05	7.371761717187608025e-03
5.020000000000000000e+02	2.578964999999999036e-03	-1.110407723025437152e-05	7.379957119391268063e-03
5.030000000000000000e+02	3.957607999999998745e-03	3.317000556938849275e-06	7.387041224501917497e-03
5.040000000000000000e+02	5.332451999999998811e-03	1.775082835411221629e-05	7.393012965772787284e-03
5.050000000000000000e+02	6.706480999999999380e-03	3.219523267019787940e-05	7.397871443960344490e-03
5.060000000000000000e+02	8.079492999999998357e-03	4.664803842148372521e-05	7.401615927459703932e-03
5.070000000000000000e+02	9.451274999999998566e-03	6.110706925914312164e-05	7.404245852414791801e-03
5.080000000000000000e+02	1.082162999999999875e-02	7.557014789695643757e-05	7.405760822803261235e-03
5.090000000000000000e+02	1.219033999999999916e-02	9.003509643917252615e-05	7.406160610496117375e-03
5.100000000000000000e+02	1.355719999999999842e-02	1.044997367084673189e-04	7.405445155292077024e-03
5.110000000000000000e+02	1.492200999999999944e-02	1.189618905739343153e-04	7.403614564926626514e-03
