0.000000000000000000e+00	1.009508900000000153e-02	-1.199818705787457189e-04	1.101960363960970135e-02
1.000000000000000000e+00	1.228307000000000183e-02	-9.845154396325028084e-05	1.102716992986185578e-02
2.000000000000000000e+00	1.446924000000000127e-02	-7.690808559783946126e-05	1.103305038020610702e-02
3.000000000000000000e+00	1.665327000000000127e-02	-5.535478905848048678e-05	1.103724409163591227e-02
4.000000000000000000e+00	1.883482000000000212e-02	-3.379494942520601094e-05	1.103975042301432417e-02
5.000000000000000000e+00	2.101357000000000225e-02	-1.223186277836058279e-05	1.104056899117199925e-02
6.000000000000000000e+00	2.311828999999999967e-02	9.331174305305997411e-06	1.103969967096577777e-02
7.000000000000000000e+00	2.528375000000000067e-02	3.089086525662114398e-05	1.103714259529782298e-02
8.000000000000000000e+00	2.744542999999999983e-02	5.244391401797093502e-05	1.103289815509529009e-02
9.000000000000000000e+00	2.960303000000000240e-02	7.398702554720310107e-05	1.102696699925057380e-02
1.000000000000000000e+01	3.175619999999999832e-02	9.551690632137496261e-05	1.101935003452209592e-02
1.100000000000000000e+01	3.390461000000000169e-02	1.170302648402691908e-04	1.101004842539568540e-02
1.200000000000000000e+01	3.604796000000000389e-02	1.385238121295999131e-04	1.099906359390655057e-02
1.300000000000000000e+01	3.818591000000000346e-02	1.599942622438332569e-04	1.098639721942187494e-02
1.400000000000000000e+01	4.031814000000000231e-02	1.814383327685443212e-04	1.097205123838407639e-02
1.500000000000000000e+01	4.244434999999999875e-02	2.028527453222347043e-04	1.095602784401475752e-02
1.600000000000000000e+01	4.456419999999999826e-02	2.242342260575331202e-04	1.093832948597942001e-02
1.700000000000000000e+01	4.667737000000000275e-02	2.455795061617030471e-04	1.091895887001293440e-02
1.800000000000000000e+01	4.878352999999999856e-02	2.668853223563808635e-04	1.089791895750591259e-02
1.900000000000000000e+01	5.088241000000000291e-02	2.881484173964673308e-04	1.087521296505194676e-02
2.000000000000000000e+01	5.297364000000000239e-02	3.093655405680974767e-04	1.085084436395586556e-02
2.100000000000000000e+01	5.505693999999999866e-02	3.305334481856110076e-04	1.082481687970303537e-02
2.200000000000000000e+01	5.713197999999999888e-02	3.516489040874491972e-04	1.079713449138981242e-02
2.300000000000000000e+01	5.919844999999999968e-02	3.727086801309010037e-04	1.076780143111520822e-02
2.400000000000000000e+01	6.125604999999999939e-02	3.937095566856233333e-04	1.073682218333388803e-02
2.500000000000000000e+01	6.330444999999999822e-02	4.146483231258595568e-04	1.070420148417058209e-02
2.600000000000000000e+01	6.534333999999999976e-02	4.355217783212826069e-04	1.066994432069602941e-02
2.700000000000000000e+01	6.737244000000000566e-02	4.563267311263845402e-04	1.063405593016454598e-02
2.800000000000000000e+01	6.939141999999999533e-02	4.770600008683415481e-04	1.059654179921335274e-02
2.900000000000000000e+01	7.140001999999999460e-02	4.977184178332765170e-04	1.055740766302377780e-02
3.000000000000000000e+01	7.339785000000000059e-02	5.182988237508465504e-04	1.051665950444445434e-02
3.100000000000000000e+01	7.538471000000000755e-02	5.387980722770818352e-04	1.047430355307665990e-02
3.200000000000000000e+01	7.736023000000000205e-02	5.592130294753990373e-04	1.043034628432193932e-02
3.300000000000000000e+01	7.932413000000000658e-02	5.795405742957212463e-04	1.038479441839212924e-02
3.400000000000000000e+01	8.127613000000000198e-02	5.997775990516240755e-04	1.033765491928197687e-02
3.500000000000000000e+01	8.321593000000000739e-02	6.199210098954415112e-04	1.028893499370447766e-02
3.600000000000000000e+01	8.514322000000000557e-02	6.399677272912549647e-04	1.023864208998910737e-02
3.700000000000000000e+01	8.705772999999999984e-02	6.599146864856936462e-04	1.018678389694312701e-02
3.800000000000000000e+01	8.895917000000000407e-02	6.797588379764770870e-04	1.013336834267609780e-02
3.900000000000000000e+01	9.084725000000000439e-02	6.994971479786235916e-04	1.007840359338783680e-02
4.000000000000000000e+01	9.272165999999999741e-02	7.191265988882578324e-04	1.002189805211996937e-02
4.100000000000000000e+01	9.458215999999999846e-02	7.386441897439432113e-04	9.963860357471250248e-03
4.200000000000000000e+01	9.642846000000000750e-02	7.580469366854708990e-04	9.904299382276911604e-03
4.300000000000000000e+01	9.826025000000000731e-02	7.773318734100335622e-04	9.843224232252157854e-03
4.400000000000000000e+01	1.000772899999999993e-01	7.964960516257161248e-04	9.780644244600095183e-03
4.500000000000000000e+01	1.018792500000000045e-01	8.155365415022318952e-04	9.716568986584243200e-03
4.600000000000000000e+01	1.036659500000000067e-01	8.344504321188364084e-04	9.651008254065895908e-03
4.700000000000000000e+01	1.054371500000000073e-01	8.532348319093512176e-04	9.583972070006515839e-03
4.800000000000000000e+01	1.071923500000000057e-01	8.718868691042274896e-04	9.515470682935425056e-03
4.900000000000000000e+01	1.089315500000000020e-01	8.904036921695841333e-04	9.445514565383004643e-03
5.000000000000000000e+01	1.106543499999999985e-01	9.087824702431518322e-04	9.374114412279636877e-03
5.100000000000000000e+01	1.123605500000000035e-01	9.270203935670572786e-04	9.301281139320674574e-03
5.200000000000000000e+01	1.140498499999999943e-01	9.451146739173794118e-04	9.227025881297635374e-03
5.300000000000000000e+01	1.157220500000000069e-01	9.630625450304155372e-04	9.151359990395903712e-03
5.400000000000000000e+01	1.173767500000000019e-01	9.808612630255895623e-04	9.074295034459214579e-03
5.500000000000000000e+01	1.190138500000000044e-01	9.985081068249366480e-04	8.995842795221141094e-03
5.600000000000000000e+01	1.206330500000000056e-01	1.016000378569104426e-03	8.916015266503910311e-03
5.700000000000000000e+01	1.222341499999999997e-01	1.033335404029803346e-03	8.834824652384769272e-03
5.800000000000000000e+01	1.238169499999999951e-01	1.050510533018642403e-03	8.752283365330227466e-03
5.900000000000000000e+01	1.253810499999999939e-01	1.067523139792293536e-03	8.668404024298423730e-03
6.000000000000000000e+01	1.269262499999999905e-01	1.084370623453915746e-03	8.583199452809943744e-03
6.100000000000000000e+01	1.284524499999999958e-01	1.101050408350781910e-03	8.496682676987341379e-03
6.200000000000000000e+01	1.299593500000000013e-01	1.117559944468045612e-03	8.408866923563703896e-03
6.300000000000000000e+01	1.314467500000000011e-01	1.133896707818588803e-03	8.319765617860547247e-03
6.400000000000000000e+01	1.329142500000000116e-01	1.150058200828891521e-03	8.229392381735327680e-03
6.500000000000000000e+01	1.343619500000000078e-01	1.166041952720860576e-03	8.137761031498947847e-03
6.600000000000000000e+01	1.357892500000000002e-01	1.181845519889564936e-03	8.044885575803491576e-03
6.700000000000000000e+01	1.371962499999999918e-01	1.197466486276815151e-03	7.950780213500581103e-03
6.800000000000000000e+01	1.385826500000000017e-01	1.212902463740529995e-03	7.855459331470656878e-03
6.900000000000000000e+01	1.399481499999999934e-01	1.228151092419840036e-03	7.758937502423486968e-03
7.000000000000000000e+01	1.412926499999999919e-01	1.243210041095861975e-03	7.661229482670293793e-03
7.100000000000000000e+01	1.426158499999999885e-01	1.258077007548097587e-03	7.562350209867800890e-03
7.200000000000000000e+01	1.439177500000000109e-01	1.272749718906398490e-03	7.462314800734547518e-03
7.300000000000000000e+01	1.451978499999999894e-01	1.287225931998443830e-03	7.361138548739850143e-03
7.400000000000000000e+01	1.464562500000000100e-01	1.301503433692677552e-03	7.258836921765712651e-03
7.500000000000000000e+01	1.476925500000000058e-01	1.315580041236653203e-03	7.155425559742099872e-03
7.600000000000000000e+01	1.489066500000000015e-01	1.329453602590734227e-03	7.050920272255889291e-03
7.700000000000000000e+01	1.500983499999999915e-01	1.343121996757099890e-03	6.945337036133896434e-03
7.800000000000000000e+01	1.512675500000000006e-01	1.356583134104003257e-03	6.838691993000327839e-03
7.900000000000000000e+01	1.524138499999999896e-01	1.369834956685235484e-03	6.731001446809038030e-03
8.000000000000000000e+01	1.535373499999999891e-01	1.382875438554747411e-03	6.622281861350974748e-03
8.100000000000000000e+01	1.546377499999999905e-01	1.395702586076375332e-03	6.512549857737185387e-03
8.200000000000000000e+01	1.557149499999999909e-01	1.408314438228629954e-03	6.401822211857773233e-03
8.300000000000000000e+01	1.567686500000000094e-01	1.420709066904498902e-03	6.290115851817181664e-03
8.400000000000000000e+01	1.577988499999999905e-01	1.432884577206216137e-03	6.177447855346227847e-03
8.500000000000000000e+01	1.588052500000000089e-01	1.444839107734954917e-03	6.063835447191244163e-03
8.600000000000000000e+01	1.597878500000000090e-01	1.456570830875400947e-03	5.949295996480746286e-03
8.700000000000000000e+01	1.607463500000000101e-01	1.468077953075156263e-03	5.833847014070040783e-03
8.800000000000000000e+01	1.616807500000000120e-01	1.479358715118942423e-03	5.717506149864140866e-03
8.900000000000000000e+01	1.625907500000000061e-01	1.490411392397546827e-03	5.600291190119455198e-03
9.000000000000000000e+01	1.634763499999999925e-01	1.501234295171483771e-03	5.482220054724603643e-03
9.100000000000000000e+01	1.643373499999999932e-01	1.511825768829322533e-03	5.363310794460815316e-03
9.200000000000000000e+01	1.651736500000000052e-01	1.522184194140644960e-03	5.243581588242328742e-03
9.300000000000000000e+01	1.659850499999999951e-01	1.532307987503594635e-03	5.123050740337164490e-03
9.400000000000000000e+01	1.667715499999999906e-01	1.542195601186978566e-03	5.001736677568783748e-03
9.500000000000000000e+01	1.675329500000000138e-01	1.551845523566885206e-03	4.879657946498971131e-03
9.600000000000000000e+01	1.682692500000000091e-01	1.561256279357782798e-03	4.756833210592424817e-03
9.700000000000000000e+01	1.689801499999999956e-01	1.570426429838060961e-03	4.633281247363487711e-03
9.800000000000000000e+01	1.696656500000000012e-01	1.579354573069984740e-03	4.509020945505413415e-03
9.900000000000000000e+01	1.703256499999999951e-01	1.588039344114021423e-03	4.384071302002668334e-03
1.000000000000000000e+02	1.709599499999999994e-01	1.596479415237515419e-03	4.258451419226654162e-03
1.010000000000000000e+02	1.715686499999999892e-01	1.604673496117671721e-03	4.132180502015323463e-03
1.020000000000000000e+02	1.721514500000000114e-01	1.612620334038821282e-03	4.005277854737144573e-03
1.030000000000000000e+02	1.727084500000000133e-01	1.620318714083936879e-03	3.877762878339820890e-03
1.040000000000000000e+02	1.732394499999999893e-01	1.627767459320370383e-03	3.749655067384286260e-03
1.050000000000000000e+02	1.737443499999999919e-01	1.634965430979783054e-03	3.620974007064348566e-03
1.060000000000000000e+02	1.742232499999999962e-01	1.641911528632240868e-03	3.491739370212494122e-03
1.070000000000000000e+02	1.746758499999999936e-01	1.648604690354448432e-03	3.361970914292309112e-03
1.080000000000000000e+02	1.751021500000000120e-01	1.655043892892097855e-03	3.231688478377927904e-03
1.090000000000000000e+02	1.755021499999999957e-01	1.661228151816302422e-03	3.100911980121039049e-03
1.100000000000000000e+02	1.758757499999999974e-01	1.667156521674097950e-03	2.969661412705860547e-03
1.110000000000000000e+02	1.762229499999999893e-01	1.672828096132984287e-03	2.837956841792561424e-03
1.120000000000000000e+02	1.765435499999999935e-01	1.678242008119484830e-03	2.705818402449627035e-03
1.130000000000000000e+02	1.768376500000000129e-01	1.683397429951707372e-03	2.573266296075583590e-03
1.140000000000000000e+02	1.771051499999999890e-01	1.688293573465876997e-03	2.440320787310610966e-03
1.150000000000000000e+02	1.773460500000000051e-01	1.692929690136834317e-03	2.307002200938465791e-03
1.160000000000000000e+02	1.775602500000000028e-01	1.697305071192469535e-03	2.173330918779212226e-03
1.170000000000000000e+02	1.777477500000000099e-01	1.701419047722078698e-03	2.039327376573251381e-03
1.180000000000000000e+02	1.779085499999999986e-01	1.705270990778628678e-03	1.905012060857078906e-03
1.190000000000000000e+02	1.780425499999999939e-01	1.708860311474910080e-03	1.770405505831304429e-03
1.200000000000000000e+02	1.781497499999999956e-01	1.712186461073566352e-03	1.635528290221366929e-03
1.210000000000000000e+02	1.782302500000000067e-01	1.715248931070986749e-03	1.500401034131439810e-03
1.220000000000000000e+02	1.782838499999999937e-01	1.718047253275044274e-03	1.365044395892034369e-03
1.230000000000000000e+02	1.783106499999999872e-01	1.720580999876675362e-03	1.229479068901723204e-03
1.240000000000000000e+02	1.783106499999999872e-01	1.722849783515281773e-03	1.093725778463539976e-03
1.250000000000000000e+02	1.782838499999999937e-01	1.724853257337951445e-03	9.578052786164749930e-04
1.260000000000000000e+02	1.782302500000000067e-01	1.726591115052485961e-03	8.217383489625789111e-04
1.270000000000000000e+02	1.781497499999999956e-01	1.728063090974225500e-03	6.855457914901834761e-04
1.280000000000000000e+02	1.780425499999999939e-01	1.729268960066667610e-03	5.492484273936614880e-04
1.290000000000000000e+02	1.779085499999999986e-01	1.730208537975870889e-03	4.128670938902885318e-04
1.300000000000000000e+02	1.777477500000000099e-01	1.730881681058638825e-03	2.764226410346301262e-04
1.310000000000000000e+02	1.775602500000000028e-01	1.731288286404480525e-03	1.399359285309663566e-04
1.320000000000000000e+02	1.773460500000000051e-01	1.731428291851342923e-03	3.427822544265599108e-06
1.330000000000000000e+02	1.771051499999999890e-01	1.731301675995115547e-03	-1.330808074898658458e-04
1.340000000000000000e+02	1.768376500000000129e-01	1.730908458192900691e-03	-2.695690920556976394e-04
1.350000000000000000e+02	1.765435499999999935e-01	1.730248698560056574e-03	-4.060161647479260593e-04
1.360000000000000000e+02	1.762229499999999893e-01	1.729322497961004396e-03	-5.424011654617489839e-04
1.370000000000000000e+02	1.758757499999999974e-01	1.728129997993810328e-03	-6.787032435819533374e-04
1.380000000000000000e+02	1.755021499999999957e-01	1.726671380968535950e-03	-8.149015611705881165e-04
1.390000000000000000e+02	1.751021500000000120e-01	1.724946869879368828e-03	-9.509752961526636529e-04
1.400000000000000000e+02	1.746758499999999936e-01	1.722956728370528484e-03	-1.086903645499448122e-03
1.410000000000000000e+02	1.742232499999999962e-01	1.720701260695962258e-03	-1.222665828408854918e-03
1.420000000000000000e+02	1.737443499999999919e-01	1.718180811672830001e-03	-1.358241089482405259e-03
1.430000000000000000e+02	1.732394499999999893e-01	1.715395766628788647e-03	-1.493608701898345003e-03
1.440000000000000000e+02	1.727084500000000133e-01	1.712346551343082307e-03	-1.628747970580355503e-03
1.450000000000000000e+02	1.721514500000000114e-01	1.709033631981449804e-03	-1.763638235361435951e-03
1.460000000000000000e+02	1.715686499999999892e-01	1.705457515024856813e-03	-1.898258874142448854e-03
1.470000000000000000e+02	1.709599499999999994e-01	1.701618747192063874e-03	-2.032589306044820573e-03
1.480000000000000000e+02	1.703256499999999951e-01	1.697517915356044817e-03	-2.166608994556976694e-03
1.490000000000000000e+02	1.696656500000000012e-01	1.693155646454265126e-03	-2.300297450673959715e-03
1.500000000000000000e+02	1.689801499999999956e-01	1.688532607392834997e-03	-2.433634236029805133e-03
1.510000000000000000e+02	1.682692500000000091e-01	1.683649504944552053e-03	-2.566598966022178713e-03
1.520000000000000000e+02	1.675329500000000138e-01	1.678507085640850837e-03	-2.699171312928768610e-03
1.530000000000000000e+02	1.667715499999999906e-01	1.673106135657671020e-03	-2.831331009015019499e-03
1.540000000000000000e+02	1.659850499999999951e-01	1.667447480695267732e-03	-2.963057849632654440e-03
1.550000000000000000e+02	1.651736500000000052e-01	1.661531985851977256e-03	-3.094331696308585521e-03
1.560000000000000000e+02	1.643373499999999932e-01	1.655360555491960407e-03	-3.225132479823697614e-03
1.570000000000000000e+02	1.634763499999999925e-01	1.648934133106943339e-03	-3.355440203281026892e-03
1.580000000000000000e+02	1.625907500000000061e-01	1.642253701171975718e-03	-3.485234945162916931e-03
1.590000000000000000e+02	1.616807500000000120e-01	1.635320280995228607e-03	-3.614496862376614158e-03
1.600000000000000000e+02	1.607463500000000101e-01	1.628134932561857645e-03	-3.743206193287898498e-03
1.610000000000000000e+02	1.597878500000000090e-01	1.620698754371951251e-03	-3.871343260742259127e-03
1.620000000000000000e+02	1.588052500000000089e-01	1.613012883272590741e-03	-3.998888475073137869e-03
1.630000000000000000e+02	1.577988499999999905e-01	1.605078494284050122e-03	-4.125822337096811745e-03
1.640000000000000000e+02	1.567686500000000094e-01	1.596896800420156580e-03	-4.252125441093443717e-03
1.650000000000000000e+02	1.557149499999999909e-01	1.588469052502844642e-03	-4.377778477773840160e-03
1.660000000000000000e+02	1.546377499999999905e-01	1.579796538970931318e-03	-4.502762237231451060e-03
1.670000000000000000e+02	1.535373499999999891e-01	1.570880585683137381e-03	-4.627057611879210886e-03
1.680000000000000000e+02	1.524138499999999896e-01	1.561722555715388183e-03	-4.750645599370717509e-03
1.690000000000000000e+02	1.512675500000000006e-01	1.552323849152429996e-03	-4.873507305505291216e-03
1.700000000000000000e+02	1.500983499999999915e-01	1.542685902873779449e-03	-4.995623947116568583e-03
1.710000000000000000e+02	1.489066500000000015e-01	1.532810190334055493e-03	-5.116976854944064838e-03
1.720000000000000000e+02	1.476925500000000058e-01	1.522698221337715797e-03	-5.237547476487344755e-03
1.730000000000000000e+02	1.464562500000000100e-01	1.512351541808238135e-03	-5.357317378842326762e-03
1.740000000000000000e+02	1.451978499999999894e-01	1.501771733551777099e-03	-5.476268251519339492e-03
1.750000000000000000e+02	1.439177500000000109e-01	1.490960414015337363e-03	-5.594381909242425975e-03
1.760000000000000000e+02	1.426158499999999885e-01	1.479919236039498390e-03	-5.711640294729507759e-03
1.770000000000000000e+02	1.412926499999999919e-01	1.468649887605725938e-03	-5.828025481453017777e-03
1.780000000000000000e+02	1.399481499999999934e-01	1.457154091578312209e-03	-5.943519676380502360e-03
1.790000000000000000e+02	1.385826500000000017e-01	1.445433605440986499e-03	-6.058105222694821178e-03
1.800000000000000000e+02	1.371962499999999918e-01	1.433490221028225825e-03	-6.171764602493554769e-03
1.810000000000000000e+02	1.357892500000000002e-01	1.421325764251320407e-03	-6.284480439467132230e-03
1.820000000000000000e+02	1.343619500000000078e-01	1.408942094819227390e-03	-6.396235501555345114e-03
1.830000000000000000e+02	1.329142500000000116e-01	1.396341105954258333e-03	-6.507012703581773957e-03
1.840000000000000000e+02	1.314467500000000011e-01	1.383524724102639953e-03	-6.616795109865801321e-03
1.850000000000000000e+02	1.299593500000000013e-01	1.370494908639999275e-03	-6.725565936811743820e-03
1.860000000000000000e+02	1.284524499999999958e-01	1.357253651571814403e-03	-6.833308555474717182e-03
1.870000000000000000e+02	1.269262499999999905e-01	1.343802977228873621e-03	-6.940006494102911663e-03
1.880000000000000000e+02	1.253810499999999939e-01	1.330144941957794001e-03	-7.045643440655781700e-03
1.890000000000000000e+02	1.238169499999999951e-01	1.316281633806650267e-03	-7.150203245297833202e-03
1.900000000000000000e+02	1.222341499999999997e-01	1.302215172205747288e-03	-7.253669922867640729e-03
1.910000000000000000e+02	1.206330500000000056e-01	1.287947707643604311e-03	-7.356027655321654805e-03
1.920000000000000000e+02	1.190138500000000044e-01	1.273481421338184963e-03	-7.457260794152476696e-03
1.930000000000000000e+02	1.173767500000000019e-01	1.258818524903433092e-03	-7.557353862781204280e-03
1.940000000000000000e+02	1.157220500000000069e-01	1.243961260011158679e-03	-7.656291558923510737e-03
1.950000000000000000e+02	1.140498499999999943e-01	1.228911898048329126e-03	-7.754058756929065738e-03
1.960000000000000000e+02	1.123605500000000035e-01	1.213672739769822064e-03	-7.850640510093933114e-03
1.970000000000000000e+02	1.106543499999999985e-01	1.198246114946679595e-03	-7.946022052945663980e-03
1.980000000000000000e+02	1.089315500000000020e-01	1.182634382009934652e-03	-8.040188803500629075e-03
1.990000000000000000e+02	1.071923500000000057e-01	1.166839927690053492e-03	-8.133126365493317106e-03
2.000000000000000000e+02	1.054371500000000073e-01	1.150865166652047895e-03	-8.224820530577261687e-03
2.010000000000000000e+02	1.036659500000000067e-01	1.134712541126322314e-03	-8.315257280497204834e-03
2.020000000000000000e+02	1.018792500000000045e-01	1.118384520535303057e-03	-8.404422789232229851e-03
2.030000000000000000e+02	1.000772899999999993e-01	1.101883601115913455e-03	-8.492303425109473322e-03
2.040000000000000000e+02	9.826025000000000731e-02	1.085212305537945317e-03	-8.578885752888159438e-03
2.050000000000000000e+02	9.642846000000000750e-02	1.068373182518392393e-03	-8.664156535813583720e-03
2.060000000000000000e+02	9.458215999999999846e-02	1.051368806431803721e-03	-8.748102737640742546e-03
2.070000000000000000e+02	9.272165999999999741e-02	1.034201776916707834e-03	-8.830711524627343073e-03
2.080000000000000000e+02	9.084725000000000439e-02	1.016874718478179805e-03	-8.911970267495815390e-03
2.090000000000000000e+02	8.895917000000000407e-02	9.993902800866088110e-04	-8.991866543364087500e-03
2.100000000000000000e+02	8.705772999999999984e-02	9.817511347727169661e-04	-9.070388137644809154e-03
2.110000000000000000e+02	8.514322000000000557e-02	9.639599792189079090e-04	-9.147523045912717490e-03
2.120000000000000000e+02	8.321593000000000739e-02	9.460195333469949156e-04	-9.223259475739891203e-03
2.130000000000000000e+02	8.127613000000000198e-02	9.279325399023809597e-04	-9.297585848498558445e-03
2.140000000000000000e+02	7.932413000000000658e-02	9.097017640347416795e-04	-9.370490801131274583e-03
2.150000000000000000e+02	7.736023000000000205e-02	8.913299928752899635e-04	-9.441963187888100309e-03
2.160000000000000000e+02	7.538471000000000755e-02	8.728200351106801596e-04	-9.511992082030556322e-03
2.170000000000000000e+02	7.339785000000000059e-02	8.541747205536095880e-04	-9.580566777502132550e-03
2.180000000000000000e+02	7.140001999999999460e-02	8.353968997101981304e-04	-9.647676790565024030e-03
2.190000000000000000e+02	6.939141999999999533e-02	8.164894433442027076e-04	-9.713311861402883565e-03
2.200000000000000000e+02	6.737244000000000566e-02	7.974552420381294214e-04	-9.777461955689367365e-03
2.210000000000000000e+02	6.534333999999999976e-02	7.782972057513222897e-04	-9.840117266122173564e-03
2.220000000000000000e+02	6.330444999999999822e-02	7.590182633750860389e-04	-9.901268213922391481e-03
2.230000000000000000e+02	6.125604999999999939e-02	7.396213622849179790e-04	-9.960905450298906602e-03
2.240000000000000000e+02	5.919844999999999968e-02	7.201094678899072924e-04	-1.001901985787766007e-02
2.250000000000000000e+02	5.713197999999999888e-02	7.004855631793842439e-04	-1.007560255209551461e-02
2.260000000000000000e+02	5.505693999999999866e-02	6.807526482668807858e-04	-1.013064488255851700e-02
2.270000000000000000e+02	5.297364000000000239e-02	6.609137399314672862e-04	-1.018413843436439745e-02
2.280000000000000000e+02	5.088241000000000291e-02	6.409718711565479945e-04	-1.023607502938903013e-02
2.290000000000000000e+02	4.878352999999999856e-02	6.209300906661789979e-04	-1.028644672753670740e-02
2.300000000000000000e+02	4.667737000000000275e-02	6.007914624589730680e-04	-1.033524582795404025e-02
2.310000000000000000e+02	4.456419999999999826e-02	5.805590653396768344e-04	-1.038246487020725445e-02
2.320000000000000000e+02	4.244434999999999875e-02	5.602359924484800243e-04	-1.042809663542276083e-02
2.330000000000000000e+02	4.031814000000000231e-02	5.398253507881371066e-04	-1.047213414739075511e-02
2.340000000000000000e+02	3.818591000000000346e-02	5.193302607489630332e-04	-1.051457067363177796e-02
2.350000000000000000e+02	3.604796000000000389e-02	4.987538556317878610e-04	-1.055539972642595588e-02
2.360000000000000000e+02	3.390461000000000169e-02	4.780992811689387220e-04	-1.059461506380485543e-02
2.370000000000000000e+02	3.175619999999999832e-02	4.573696950433137607e-04	-1.063221069050575979e-02
2.380000000000000000e+02	2.960303000000000240e-02	4.365682664056359666e-04	-1.066818085888822550e-02
2.390000000000000000e+02	2.744542999999999983e-02	4.156981753899541233e-04	-1.070252006981278932e-02
2.400000000000000000e+02	2.528375000000000067e-02	3.947626126274575518e-04	-1.073522307348167247e-02
2.410000000000000000e+02	2.311828999999999967e-02	3.737647787586934446e-04	-1.076628487024137992e-02
2.420000000000000000e+02	2.094939000000000176e-02	3.527078839442500543e-04	-1.079570071134704559e-02
2.430000000000000000e+02	1.877737000000000156e-02	3.315951473739880257e-04	-1.082346609968842452e-02
2.440000000000000000e+02	1.660256000000000232e-02	3.104297967748848724e-04	-1.084957679047741236e-02
2.450000000000000000e+02	1.442527000000000045e-02	2.892150679175800360e-04	-1.087402879189700022e-02
2.460000000000000000e+02	1.224586000000000077e-02	2.679542041216911646e-04	-1.089681836571152439e-02
2.470000000000000000e+02	1.006463300000000165e-02	2.466504557599687782e-04	-1.091794202783819348e-02
2.480000000000000000e+02	7.881927999999999851e-03	2.253070797613797142e-04	-1.093739654887972493e-02
2.490000000000000000e+02	5.698070000000001259e-03	2.039273391131886078e-04	-1.095517895461805592e-02
2.500000000000000000e+02	3.513393000000000939e-03	1.825145023621055492e-04	-1.097128652646905261e-02
2.510000000000000000e+02	1.328219000000001142e-03	1.610718431145922644e-04	-1.098571680189811689e-02
2.520000000000000000e+02	-8.571189999999990691e-04	1.396026395363895946e-04	-1.099846757479666821e-02
2.530000000000000000e+02	-3.042292999999998866e-03	1.181101738513527940e-04	-1.100953689581941376e-02
2.540000000000000000e+02	-5.226969999999999186e-03	9.659773183965880369e-05	-1.101892307268236178e-02
2.550000000000000000e+02	-7.410827999999998646e-03	7.506860233547646573e-05	-1.102662467042154516e-02
2.560000000000000000e+02	-9.593532999999999575e-03	5.352607672417014406e-05	-1.103264051161238768e-02
2.570000000000000000e+02	-1.177475999999999870e-02	3.197344843910625647e-05	-1.103696967654972660e-02
2.580000000000000000e+02	-1.395416999999999838e-02	1.041401245815365499e-05	-1.103961150338840513e-02
2.590000000000000000e+02	-1.613146000000000024e-02	-1.114893520005217542e-05	-1.104056558824445533e-02
2.600000000000000000e+02	-1.830626999999999949e-02	-3.271209798001086536e-05	-1.103983178525685255e-02
2.610000000000000000e+02	-2.047828999999999969e-02	-5.427217929333411084e-05	-1.103741020660980662e-02
2.620000000000000000e+02	-2.264718999999999760e-02	-7.582588302272762399e-05	-1.103330122251561761e-02
2.630000000000000000e+02	-2.481264999999999860e-02	-9.736991402590808417e-05	-1.102750546115807001e-02
2.640000000000000000e+02	-2.697432999999999775e-02	-1.189009786393631135e-04	-1.102002380859640543e-02
2.650000000000000000e+02	-2.913193000000000032e-02	-1.404157851818900904e-04	-1.101085740862985107e-02
2.660000000000000000e+02	-3.128509999999999625e-02	-1.619110444578270296e-04	-1.100000766262276310e-02
2.670000000000000000e+02	-3.343350999999999962e-02	-1.833834702599112414e-04	-1.098747622929038131e-02
2.680000000000000000e+02	-3.557686000000000182e-02	-2.048297798716744412e-04	-1.097326502444524038e-02
2.690000000000000000e+02	-3.771481000000000139e-02	-2.262466945693037529e-04	-1.095737622070429122e-02
2.700000000000000000e+02	-3.984704000000000024e-02	-2.476309401228994362e-04	-1.093981224715673793e-02
2.710000000000000000e+02	-4.197324999999999667e-02	-2.689792472970388860e-04	-1.092057578899268203e-02
2.720000000000000000e+02	-4.409309999999999619e-02	-2.902883523505767581e-04	-1.089966978709260882e-02
2.730000000000000000e+02	-4.620627000000000068e-02	-3.115549975356120206e-04	-1.087709743757778354e-02
2.740000000000000000e+02	-4.831242999999999649e-02	-3.327759315955314550e-04	-1.085286219132163173e-02
2.750000000000000000e+02	-5.041131000000000084e-02	-3.539479102620648522e-04	-1.082696775342215263e-02
2.760000000000000000e+02	-5.250254000000000032e-02	-3.750676967512677710e-04	-1.079941808263550594e-02
2.770000000000000000e+02	-5.458583999999999659e-02	-3.961320622583672387e-04	-1.077021739077076851e-02
2.780000000000000000e+02	-5.666087999999999680e-02	-4.171377864513810567e-04	-1.073937014204605182e-02
2.790000000000000000e+02	-5.872734999999999761e-02	-4.380816579634417012e-04	-1.070688105240599590e-02
2.800000000000000000e+02	-6.078494999999999732e-02	-4.589604748837563522e-04	-1.067275508880080256e-02
2.810000000000000000e+02	-6.283334999999999615e-02	-4.797710452471144705e-04	-1.063699746842687588e-02
2.820000000000000000e+02	-6.487223999999999768e-02	-5.005101875218752154e-04	-1.059961365792922751e-02
2.830000000000000000e+02	-6.690134000000000358e-02	-5.211747310963662887e-04	-1.056060937256571818e-02
2.840000000000000000e+02	-6.892031999999999325e-02	-5.417615167636050848e-04	-1.051999057533331387e-02
2.850000000000000000e+02	-7.092891999999999253e-02	-5.622673972042827864e-04	-1.047776347605645746e-02
2.860000000000000000e+02	-7.292674999999999852e-02	-5.826892374679241808e-04	-1.043393453043771346e-02
2.870000000000000000e+02	-7.491361000000000547e-02	-6.030239154521658445e-04	-1.038851043907080759e-02
2.880000000000000000e+02	-7.688912999999999998e-02	-6.232683223800621628e-04	-1.034149814641623782e-02
2.890000000000000000e+02	-7.885303000000000451e-02	-6.434193632753552189e-04	-1.029290483973960800e-02
2.900000000000000000e+02	-8.080502999999999991e-02	-6.634739574356401373e-04	-1.024273794801282625e-02
2.910000000000000000e+02	-8.274483000000000532e-02	-6.834290389033431581e-04	-1.019100514077836243e-02
2.920000000000000000e+02	-8.467212000000000349e-02	-7.032815569344445707e-04	-1.013771432697673468e-02
2.930000000000000000e+02	-8.658662999999999776e-02	-7.230284764648819973e-04	-1.008287365373736373e-02
2.940000000000000000e+02	-8.848807000000000200e-02	-7.426667785745506498e-04	-1.002649150513305887e-02
2.950000000000000000e+02	-9.037615000000000232e-02	-7.621934609488382204e-04	-9.968576500898237644e-03
2.960000000000000000e+02	-9.225055999999999534e-02	-7.816055383376178597e-04	-9.909137495111148414e-03
2.970000000000000000e+02	-9.411105999999999638e-02	-8.009000430116391782e-04	-9.848183574840249990e-03
2.980000000000000000e+02	-9.595736000000000543e-02	-8.200740252162342205e-04	-9.785724058754972227e-03
2.990000000000000000e+02	-9.778915000000000524e-02	-8.391245536222756386e-04	-9.721768495701076096e-03
3.000000000000000000e+02	-9.960618999999999723e-02	-8.580487157743236365e-04	-9.656326663240819702e-03
3.010000000000000000e+02	-1.014081500000000025e-01	-8.768436185358822153e-04	-9.589408566158160938e-03
3.020000000000000000e+02	-1.031948500000000046e-01	-8.955063885317011843e-04	-9.521024434929222305e-03
3.030000000000000000e+02	-1.049660500000000052e-01	-9.140341725870638730e-04	-9.451184724158238210e-03
3.040000000000000000e+02	-1.067212500000000036e-01	-9.324241381639783617e-04	-9.379900110979264016e-03
3.050000000000000000e+02	-1.084604499999999999e-01	-9.506734737942197557e-04	-9.307181493423839422e-03
3.060000000000000000e+02	-1.101832499999999965e-01	-9.687793895091467407e-04	-9.233039988754901048e-03
3.070000000000000000e+02	-1.118894500000000014e-01	-9.867391172662359333e-04	-9.157486931767161095e-03
3.080000000000000000e+02	-1.135787499999999922e-01	-1.004549911372261059e-03	-9.080533873054233082e-03
3.090000000000000000e+02	-1.152509500000000048e-01	-1.022209048903053967e-03	-9.002192577242792634e-03
3.100000000000000000e+02	-1.169056499999999998e-01	-1.039713830119790450e-03	-8.922475021193964143e-03
3.110000000000000000e+02	-1.185427500000000023e-01	-1.057061578881725739e-03	-8.841393392172313195e-03
3.120000000000000000e+02	-1.201619500000000035e-01	-1.074249643055322960e-03	-8.758960085982649482e-03
3.130000000000000000e+02	-1.217630499999999977e-01	-1.091275394919716127e-03	-8.675187705074936806e-03
3.140000000000000000e+02	-1.233458499999999930e-01	-1.108136231568435451e-03	-8.590089056617634597e-03
3.150000000000000000e+02	-1.249099499999999918e-01	-1.124829575307341846e-03	-8.503677150539722465e-03
3.160000000000000000e+02	-1.264551499999999884e-01	-1.141352874048704499e-03	-8.415965197541749529e-03
3.170000000000000000e+02	-1.279813499999999937e-01	-1.157703601701368795e-03	-8.326966607076160057e-03
3.180000000000000000e+02	-1.294882499999999992e-01	-1.173879258556944586e-03	-8.236694985297245836e-03
3.190000000000000000e+02	-1.309756499999999990e-01	-1.189877371671960995e-03	-8.145164132981054864e-03
3.200000000000000000e+02	-1.324431500000000095e-01	-1.205695495245935741e-03	-8.052388043415492289e-03
3.210000000000000000e+02	-1.338908500000000057e-01	-1.221331210995288278e-03	-7.958380900261026458e-03
3.220000000000000000e+02	-1.353181499999999982e-01	-1.236782128523046228e-03	-7.863157075382307126e-03
3.230000000000000000e+02	-1.367251499999999897e-01	-1.252045885684295026e-03	-7.766731126650943881e-03
3.240000000000000000e+02	-1.381115499999999996e-01	-1.267120148947300943e-03	-7.669117795719924448e-03
3.250000000000000000e+02	-1.394770499999999913e-01	-1.282002613750261952e-03	-7.570332005769898377e-03
3.260000000000000000e+02	-1.408215499999999898e-01	-1.296691004853634845e-03	-7.470388859227683476e-03
3.270000000000000000e+02	-1.421447499999999864e-01	-1.311183076687969830e-03	-7.369303635457444268e-03
3.280000000000000000e+02	-1.434466500000000089e-01	-1.325476613697215787e-03	-7.267091788424747192e-03
3.290000000000000000e+02	-1.447267499999999874e-01	-1.339569430677441065e-03	-7.163768944333934012e-03
3.300000000000000000e+02	-1.459851500000000080e-01	-1.353459373110900464e-03	-7.059350899239219372e-03
3.310000000000000000e+02	-1.472214500000000037e-01	-1.367144317495422789e-03	-6.953853616629761432e-03
3.320000000000000000e+02	-1.484355499999999994e-01	-1.380622171669057411e-03	-6.847293224989127979e-03
3.330000000000000000e+02	-1.496272499999999894e-01	-1.393890875129916510e-03	-6.739686015329615122e-03
3.340000000000000000e+02	-1.507964499999999985e-01	-1.406948399351191535e-03	-6.631048438701643219e-03
3.350000000000000000e+02	-1.519427499999999875e-01	-1.419792748091276225e-03	-6.521397103678687988e-03
3.360000000000000000e+02	-1.530662499999999870e-01	-1.432421957698948485e-03	-6.410748773818199589e-03
3.370000000000000000e+02	-1.541666499999999884e-01	-1.444834097413577731e-03	-6.299120365098753380e-03
3.380000000000000000e+02	-1.552438499999999888e-01	-1.457027269660302179e-03	-6.186528943333910284e-03
3.390000000000000000e+02	-1.562975500000000073e-01	-1.468999610340125574e-03	-6.072991721563232581e-03
3.400000000000000000e+02	-1.573277499999999884e-01	-1.480749289114908617e-03	-5.958526057420686708e-03
3.410000000000000000e+02	-1.583341500000000068e-01	-1.492274509687186584e-03	-5.843149450481050639e-03
3.420000000000000000e+02	-1.593167500000000070e-01	-1.503573510074789283e-03	-5.726879539584547006e-03
3.430000000000000000e+02	-1.602752500000000080e-01	-1.514644562880218667e-03	-5.609734100140184240e-03
3.440000000000000000e+02	-1.612096500000000099e-01	-1.525485975554726880e-03	-5.491731041408287085e-03
3.450000000000000000e+02	-1.621196500000000040e-01	-1.536096090657078448e-03	-5.372888403762500140e-03
3.460000000000000000e+02	-1.630052499999999904e-01	-1.546473286106942640e-03	-5.253224355931734521e-03
3.470000000000000000e+02	-1.638662499999999911e-01	-1.556615975432872620e-03	-5.132757192222575475e-03
3.480000000000000000e+02	-1.647025500000000031e-01	-1.566522608014849719e-03	-5.011505329722412867e-03
3.490000000000000000e+02	-1.655139499999999930e-01	-1.576191669321343582e-03	-4.889487305483802837e-03
3.500000000000000000e+02	-1.663004499999999886e-01	-1.585621681140852004e-03	-4.766721773690560209e-03
3.510000000000000000e+02	-1.670618500000000117e-01	-1.594811201807891593e-03	-4.643227502805874832e-03
3.520000000000000000e+02	-1.677981500000000070e-01	-1.603758826423403502e-03	-4.519023372702949716e-03
3.530000000000000000e+02	-1.685090499999999936e-01	-1.612463187069529966e-03	-4.394128371778687446e-03
3.540000000000000000e+02	-1.691945499999999991e-01	-1.620922953018745201e-03	-4.268561594050709375e-03
3.550000000000000000e+02	-1.698545499999999930e-01	-1.629136830937299215e-03	-4.142342236238224541e-03
3.560000000000000000e+02	-1.704888499999999973e-01	-1.637103565082940722e-03	-4.015489594827275667e-03
3.570000000000000000e+02	-1.710975499999999871e-01	-1.644821937496895089e-03	-3.888023063120658006e-03
3.580000000000000000e+02	-1.716803500000000093e-01	-1.652290768190071719e-03	-3.759962128273028857e-03
3.590000000000000000e+02	-1.722373500000000113e-01	-1.659508915323454478e-03	-3.631326368311769363e-03
3.600000000000000000e+02	-1.727683499999999872e-01	-1.666475275382672339e-03	-3.502135449143807620e-03
3.610000000000000000e+02	-1.732732499999999898e-01	-1.673188783346702107e-03	-3.372409121549150342e-03
3.620000000000000000e+02	-1.737521499999999941e-01	-1.679648412850689564e-03	-3.242167218161341648e-03
3.630000000000000000e+02	-1.742047499999999915e-01	-1.685853176342863233e-03	-3.111429650435417089e-03
3.640000000000000000e+02	-1.746310500000000099e-01	-1.691802125235509309e-03	-2.980216405603878984e-03
3.650000000000000000e+02	-1.750310499999999936e-01	-1.697494350049992161e-03	-2.848547543621012239e-03
3.660000000000000000e+02	-1.754046499999999953e-01	-1.702928980555798704e-03	-2.716443194096078428e-03
3.670000000000000000e+02	-1.757518499999999873e-01	-1.708105185903576297e-03	-2.583923553215946699e-03
3.680000000000000000e+02	-1.760724499999999915e-01	-1.713022174752155263e-03	-2.451008880657462065e-03
3.690000000000000000e+02	-1.763665500000000108e-01	-1.717679195389530894e-03	-2.317719496490102705e-03
3.700000000000000000e+02	-1.766340499999999869e-01	-1.722075535847781723e-03	-2.184075778069497018e-03
3.710000000000000000e+02	-1.768749500000000030e-01	-1.726210524011919300e-03	-2.050098156922093139e-03
3.720000000000000000e+02	-1.770891500000000007e-01	-1.730083527722639774e-03	-1.915807115621544080e-03
3.730000000000000000e+02	-1.772766500000000078e-01	-1.733693954872969449e-03	-1.781223184657381798e-03
3.740000000000000000e+02	-1.774374499999999966e-01	-1.737041253498785263e-03	-1.646366939296273159e-03
3.750000000000000000e+02	-1.775714499999999918e-01	-1.740124911863201278e-03	-1.511258996436433497e-03
3.760000000000000000e+02	-1.776786499999999935e-01	-1.742944458534801235e-03	-1.375920011455760913e-03
3.770000000000000000e+02	-1.777591500000000047e-01	-1.745499462459712634e-03	-1.240370675054003769e-03
3.780000000000000000e+02	-1.778127499999999916e-01	-1.747789533027506274e-03	-1.104631710089522788e-03
3.790000000000000000e+02	-1.778395499999999851e-01	-1.749814320130912374e-03	-9.687238684112391878e-04
3.800000000000000000e+02	-1.778395499999999851e-01	-1.751573514219345899e-03	-8.326679276860010854e-04
3.810000000000000000e+02	-1.778127499999999916e-01	-1.753066846346230468e-03	-6.964846882221516124e-04
3.820000000000000000e+02	-1.783106499999999872e-01	-1.754294088210115203e-03	-5.601949697895357554e-04
3.830000000000000000e+02	-1.782299499999999981e-01	-1.755255052189577149e-03	-4.238196084365337154e-04
3.840000000000000000e+02	-1.781223500000000126e-01	-1.755949591371905793e-03	-2.873794533046927064e-04
3.850000000000000000e+02	-1.779879500000000059e-01	-1.756377599575561881e-03	-1.508953634412690348e-04
3.860000000000000000e+02	-1.778266500000000028e-01	-1.756539011366412472e-03	-1.438820461025589812e-05
3.870000000000000000e+02	-1.776386500000000090e-01	-1.756433802067732279e-03	1.221211538975273904e-04
3.880000000000000000e+02	-1.774237499999999912e-01	-1.756061987763977766e-03	2.586118424549736826e-04
3.890000000000000000e+02	-1.771821500000000105e-01	-1.755423625298327753e-03	3.950629942892777084e-04
3.900000000000000000e+02	-1.769137500000000085e-01	-1.754518812263993095e-03	5.314537486720011120e-04
3.910000000000000000e+02	-1.766187499999999910e-01	-1.753347686989296982e-03	6.677632541083018203e-04
3.920000000000000000e+02	-1.762971499999999858e-01	-1.751910428516525835e-03	8.039706715247514840e-04
3.930000000000000000e+02	-1.759488499999999900e-01	-1.750207256574559710e-03	9.400551774551657667e-04
3.940000000000000000e+02	-1.755741500000000122e-01	-1.748238431545277860e-03	1.075995967224137751e-03
3.950000000000000000e+02	-1.751728499999999911e-01	-1.746004254423751817e-03	1.211772258127695933e-03
3.960000000000000000e+02	-1.747452499999999909e-01	-1.743505066772230118e-03	1.347363292610518791e-03
3.970000000000000000e+02	-1.742912500000000087e-01	-1.740741250667918790e-03	1.482748341439390312e-03
3.980000000000000000e+02	-1.738109499999999918e-01	-1.737713228644570396e-03	1.617906706872324898e-03
3.990000000000000000e+02	-1.733044499999999988e-01	-1.734421463627885528e-03	1.752817725822792758e-03
4.000000000000000000e+02	-1.727717500000000017e-01	-1.730866458864741952e-03	1.887460773018732885e-03
4.010000000000000000e+02	-1.722130500000000064e-01	-1.727048757846256144e-03	2.021815264155784209e-03
4.020000000000000000e+02	-1.716284499999999880e-01	-1.722968944224695896e-03	2.155860659044159418e-03
4.030000000000000000e+02	-1.710178499999999990e-01	-1.718627641724249609e-03	2.289576464748917066e-03
4.040000000000000000e+02	-1.703815499999999927e-01	-1.714025514045672879e-03	2.422942238722865672e-03
4.050000000000000000e+02	-1.697195499999999968e-01	-1.709163264764819966e-03	2.555937591931860611e-03
4.060000000000000000e+02	-1.690318500000000113e-01	-1.704041637225079883e-03	2.688542191971919192e-03
4.070000000000000000e+02	-1.683187499999999892e-01	-1.698661414423737262e-03	2.820735766177594021e-03
4.080000000000000000e+02	-1.675802499999999862e-01	-1.693023418892263855e-03	2.952498104721295886e-03
4.090000000000000000e+02	-1.668165500000000079e-01	-1.687128512570569734e-03	3.083809063703015375e-03
4.100000000000000000e+02	-1.660275499999999960e-01	-1.680977596675231958e-03	3.214648568229873382e-03
4.110000000000000000e+02	-1.652135499999999868e-01	-1.674571611561713512e-03	3.344996615485210361e-03
4.120000000000000000e+02	-1.643747499999999861e-01	-1.667911536580602002e-03	3.474833277786660516e-03
4.130000000000000000e+02	-1.635110499999999911e-01	-1.660998389927886973e-03	3.604138705632645417e-03
4.140000000000000000e+02	-1.626227500000000104e-01	-1.653833228489296012e-03	3.732893130737008174e-03
4.150000000000000000e+02	-1.617098499999999883e-01	-1.646417147678718058e-03	3.861076869051226993e-03
4.160000000000000000e+02	-1.607726499999999892e-01	-1.638751281270736443e-03	3.988670323773669049e-03
4.170000000000000000e+02	-1.598111499999999852e-01	-1.630836801227296406e-03	4.115653988345584560e-03
4.180000000000000000e+02	-1.588255500000000098e-01	-1.622674917518533971e-03	4.242008449433314586e-03
4.190000000000000000e+02	-1.578159500000000104e-01	-1.614266877937797166e-03	4.367714389896149192e-03
4.200000000000000000e+02	-1.567826499999999956e-01	-1.605613967910881528e-03	4.492752591739579242e-03
4.210000000000000000e+02	-1.557256499999999932e-01	-1.596717510299511299e-03	4.617103939053370659e-03
4.220000000000000000e+02	-1.546451500000000090e-01	-1.587578865199104497e-03	4.740749420933963731e-03
4.230000000000000000e+02	-1.535413499999999931e-01	-1.578199429730835299e-03	4.863670134390932903e-03
4.240000000000000000e+02	-1.524143500000000040e-01	-1.568580637828045996e-03	4.985847287236830523e-03
4.250000000000000000e+02	-1.512643499999999919e-01	-1.558723960017024349e-03	5.107262200960168211e-03
4.260000000000000000e+02	-1.500916499999999931e-01	-1.548630903192187115e-03	5.227896313581030172e-03
4.270000000000000000e+02	-1.488962500000000078e-01	-1.538303010385708765e-03	5.347731182488784166e-03
4.280000000000000000e+02	-1.476783499999999860e-01	-1.527741860531619915e-03	5.466748487261620382e-03
4.290000000000000000e+02	-1.464381499999999892e-01	-1.516949068224417510e-03	5.584930032467420348e-03
4.300000000000000000e+02	-1.451759499999999981e-01	-1.505926283472227775e-03	5.702257750445429395e-03
4.310000000000000000e+02	-1.438918499999999878e-01	-1.494675191444551181e-03	5.818713704068477661e-03
4.320000000000000000e+02	-1.425859499999999891e-01	-1.483197512214629553e-03	5.934280089485239641e-03
4.330000000000000000e+02	-1.412586499999999856e-01	-1.471495000496485413e-03	6.048939238842053479e-03
4.340000000000000000e+02	-1.399099500000000051e-01	-1.459569445376658050e-03	6.162673622984012056e-03
4.350000000000000000e+02	-1.385402500000000037e-01	-1.447422670040683819e-03	6.275465854134858364e-03
4.360000000000000000e+02	-1.371495500000000090e-01	-1.435056531494372477e-03	6.387298688555183811e-03
4.370000000000000000e+02	-1.357382500000000047e-01	-1.422472920279904294e-03	6.498155029178690964e-03
4.380000000000000000e+02	-1.343063499999999910e-01	-1.409673760186799102e-03	6.608017928226024573e-03
4.390000000000000000e+02	-1.328543500000000099e-01	-1.396661007957813658e-03	6.716870589795707717e-03
4.400000000000000000e+02	-1.313821500000000031e-01	-1.383436652989789234e-03	6.824696372431935873e-03
4.410000000000000000e+02	-1.298902500000000126e-01	-1.370002717029509707e-03	6.931478791668752720e-03
4.420000000000000000e+02	-1.283786500000000108e-01	-1.356361253864622187e-03	7.037201522550153195e-03
4.430000000000000000e+02	-1.268477500000000091e-01	-1.342514349009644916e-03	7.141848402125907345e-03
4.440000000000000000e+02	-1.252977499999999855e-01	-1.328464119387139835e-03	7.245403431922517803e-03
4.450000000000000000e+02	-1.237287499999999985e-01	-1.314212713004072382e-03	7.347850780389087073e-03
4.460000000000000000e+02	-1.221411500000000039e-01	-1.299762308623421403e-03	7.449174785317681791e-03
4.470000000000000000e+02	-1.205350500000000047e-01	-1.285115115431093588e-03	7.549359956237740310e-03
4.480000000000000000e+02	-1.189108499999999985e-01	-1.270273372698179975e-03	7.648390976784274695e-03
4.490000000000000000e+02	-1.172685499999999992e-01	-1.255239349438610000e-03	7.746252707039478526e-03
4.500000000000000000e+02	-1.156087499999999962e-01	-1.240015344062271423e-03	7.842930185847274763e-03
4.510000000000000000e+02	-1.139314500000000036e-01	-1.224603684023624090e-03	7.938408633100609360e-03
4.520000000000000000e+02	-1.122368499999999991e-01	-1.209006725465874539e-03	8.032673452001067374e-03
4.530000000000000000e+02	-1.105254499999999973e-01	-1.193226852860773679e-03	8.125710231290392618e-03
4.540000000000000000e+02	-1.087972499999999981e-01	-1.177266478644074408e-03	8.217504747453713981e-03
4.550000000000000000e+02	-1.070527500000000021e-01	-1.161128042846713360e-03	8.308042966894057732e-03
4.560000000000000000e+02	-1.052919499999999953e-01	-1.144814012721785288e-03	8.397311048077778922e-03
4.570000000000000000e+02	-1.035153499999999921e-01	-1.128326882367343062e-03	8.485295343650681166e-03
4.580000000000000000e+02	-1.017231499999999983e-01	-1.111669172345096769e-03	8.571982402524446626e-03
4.590000000000000000e+02	-9.991555000000000575e-02	-1.094843429295074607e-03	8.657358971933013653e-03
4.600000000000000000e+02	-9.809289000000000203e-02	-1.077852225546288263e-03	8.741411999458681761e-03
4.610000000000000000e+02	-9.625540999999999958e-02	-1.060698158723470024e-03	8.824128635027591802e-03
4.620000000000000000e+02	-9.440340999999999316e-02	-1.043383851349955101e-03	8.905496232874210091e-03
4.630000000000000000e+02	-9.253714000000000384e-02	-1.025911950446738250e-03	8.985502353474672521e-03
4.640000000000000000e+02	-9.065689999999999860e-02	-1.008285127127805285e-03	9.064134765448494252e-03
4.650000000000000000e+02	-8.876298000000000521e-02	-9.905060761917676773e-04	9.141381447428539170e-03
4.660000000000000000e+02	-8.685566000000000120e-02	-9.725775157098762473e-04	9.217230589898860529e-03
4.670000000000000000e+02	-8.493520000000000236e-02	-9.545021866104886482e-04	9.291670597000121351e-03
4.680000000000000000e+02	-8.300193000000000154e-02	-9.362828522600311889e-04	9.364690088302384668e-03
4.690000000000000000e+02	-8.105614999999999348e-02	-9.179222980405291575e-04	9.436277900544978725e-03
4.700000000000000000e+02	-7.909808999999999590e-02	-8.994233309237844665e-04	9.506423089343117930e-03
4.710000000000000000e+02	-7.712810000000000499e-02	-8.807887790422404099e-04	9.575114930861088752e-03
4.720000000000000000e+02	-7.514645000000000352e-02	-8.620214912566108358e-04	9.642342923451742084e-03
4.730000000000000000e+02	-7.315346000000000348e-02	-8.431243367203528809e-04	9.708096789261955531e-03
4.740000000000000000e+02	-7.114940999999999627e-02	-8.241002044410253346e-04	9.772366475803933791e-03
4.750000000000000000e+02	-6.913461999999999386e-02	-8.049520028386110198e-04	9.835142157492052228e-03
4.760000000000000000e+02	-6.710937999999999626e-02	-7.856826593008847236e-04	9.896414237144973008e-03
4.770000000000000000e+02	-6.507396999999999487e-02	-7.662951197358676587e-04	9.956173347452875952e-03
4.780000000000000000e+02	-6.302876999999999785e-02	-7.467923481214520497e-04	1.001441035240955083e-02
4.790000000000000000e+02	-6.097401000000000210e-02	-7.271773260522742307e-04	1.007111634870909780e-02
4.800000000000000000e+02	-5.891006000000000020e-02	-7.074530522838829837e-04	1.012628266710707478e-02
4.810000000000000000e+02	-5.683716999999999936e-02	-6.876225422742838914e-04	1.017990087374587294e-02
4.820000000000000000e+02	-5.475569999999999743e-02	-6.676888277229436203e-04	1.023196277144405517e-02
4.830000000000000000e+02	-5.266594999999999610e-02	-6.476549561072919743e-04	1.028246040094958277e-02
4.840000000000000000e+02	-5.056824000000000041e-02	-6.275239902168306804e-04	1.033138604215660429e-02
4.850000000000000000e+02	-4.846285999999999650e-02	-6.072990076848884793e-04	1.037873221528571796e-02
4.860000000000000000e+02	-4.635016000000000136e-02	-5.869831005181065479e-04	1.042449168202749452e-02
4.870000000000000000e+02	-4.423044999999999755e-02	-5.665793746237395793e-04	1.046865744664905555e-02
4.880000000000000000e+02	-4.210403000000000062e-02	-5.460909493348184906e-04	1.051122275706359473e-02
4.890000000000000000e+02	-3.997123999999999816e-02	-5.255209569332604117e-04	1.055218110586264753e-02
4.900000000000000000e+02	-3.783239000000000046e-02	-5.048725421710127973e-04	1.059152623131093610e-02
4.910000000000000000e+02	-3.568781000000000037e-02	-4.841488617892776894e-04	1.062925211830366770e-02
4.920000000000000000e+02	-3.353783999999999932e-02	-4.633530840359022132e-04	1.066535299928613595e-02
4.930000000000000000e+02	-3.138275999999999566e-02	-4.424883881810250260e-04	1.069982335513545990e-02
4.940000000000000000e+02	-2.922291999999999945e-02	-4.215579640310224119e-04	1.073265791600435011e-02
4.950000000000000000e+02	-2.705865000000000006e-02	-4.005650114408446615e-04	1.076385166212677665e-02
4.960000000000000000e+02	-2.489024999999999918e-02	-3.795127398248294721e-04	1.079339982458537781e-02
4.970000000000000000e+02	-2.271810999999999969e-02	-3.584043676660405632e-04	1.082129788604054704e-02
4.980000000000000000e+02	-2.054247000000000017e-02	-3.372431220242193793e-04	1.084754158142104373e-02
4.990000000000000000e+02	-1.836372000000000004e-02	-3.160322380424396001e-04	1.087212689857603581e-02
5.000000000000000000e+02	-1.618216999999999919e-02	-2.947749584525119980e-04	1.089505007888847896e-02
5.010000000000000000e+02	-1.399813999999999919e-02	-2.734745330792295263e-04	1.091630761784974889e-02
5.020000000000000000e+02	-1.181196999999999976e-02	-2.521342183435424061e-04	1.093589626559539167e-02
5.030000000000000000e+02	-9.623988999999999461e-03	-2.307572767647031421e-04	1.095381302740198667e-02
5.040000000000000000e+02	-7.434520999999998624e-03	-2.093469764615008336e-04	1.097005516414495917e-02
5.050000000000000000e+02	-5.243895999999998760e-03	-1.879065906526251710e-04	1.098462019271736166e-02
5.060000000000000000e+02	-3.052448999999999180e-03	-1.664393971562501309e-04	1.099750588640947824e-02
5.070000000000000000e+02	-8.605049999999990398e-04	-1.449486778889285256e-04	1.100871027524924668e-02
5.080000000000000000e+02	1.331605000000001112e-03	-1.234377183638462499e-04	1.101823164630343251e-02
5.090000000000000000e+02	3.523549000000001253e-03	-1.019098071885264850e-04	1.102606854393950279e-02
5.100000000000000000e+02	5.714996000000000832e-03	-8.036823556207485140e-05	1.103221977004816348e-02
5.110000000000000000e+02	7.905621000000001564e-03	-5.881629677201425830e-05	1.103668438422652533e-02
