0.000000000000000000e+00	5.565115999999999813e-02	3.543682493430322031e-04	1.605807553617576849e-02
1.000000000000000000e+00	5.887285999999999908e-02	3.857064758650217951e-04	1.603186652381978494e-02
2.000000000000000000e+00	6.208568999999999893e-02	4.169911593531711405e-04	1.600324815618841406e-02
3.000000000000000000e+00	6.528915999999999886e-02	4.482175981766944243e-04	1.597222473420413166e-02
4.000000000000000000e+00	6.848281999999999980e-02	4.793810994581281719e-04	1.593880092023393716e-02
5.000000000000000000e+00	7.172122999999999693e-02	5.104769797786011835e-04	1.590298173738867102e-02
6.000000000000000000e+00	7.489619999999999611e-02	5.415005658816852497e-04	1.586477256876811168e-02
7.000000000000000000e+00	7.805990000000000151e-02	5.724471953757163814e-04	1.582417915665197336e-02
8.000000000000000000e+00	8.121183999999999348e-02	6.033122174344843170e-04	1.578120760163694014e-02
9.000000000000000000e+00	8.435154999999999736e-02	6.340909934961839979e-04	1.573586436171981254e-02
1.000000000000000000e+01	8.747855999999999688e-02	6.647788979605234131e-04	1.568815625132697483e-02
1.100000000000000000e+01	9.059242000000000683e-02	6.953713188838837834e-04	1.563809044029029760e-02
1.200000000000000000e+01	9.369262000000000423e-02	7.258636586724272416e-04	1.558567445276959861e-02
1.300000000000000000e+01	9.677869999999999528e-02	7.562513347730483605e-04	1.553091616612188065e-02
1.400000000000000000e+01	9.985020999999999480e-02	7.865297803620638177e-04	1.547382380971748170e-02
1.500000000000000000e+01	1.029067000000000037e-01	8.166944450315414281e-04	1.541440596370331241e-02
1.600000000000000000e+01	1.059477000000000058e-01	8.467407954731570856e-04	1.535267155771340153e-02
1.700000000000000000e+01	1.089727000000000057e-01	8.766643161594873512e-04	1.528862986952687908e-02
1.800000000000000000e+01	1.119813000000000058e-01	9.064605100226261203e-04	1.522229052367368198e-02
1.900000000000000000e+01	1.149730000000000057e-01	9.361248991300272519e-04	1.515366348998811903e-02
2.000000000000000000e+01	1.179474999999999968e-01	9.656530253574749281e-04	1.508275908211055213e-02
2.100000000000000000e+01	1.209041000000000005e-01	9.950404510590718076e-04	1.500958795593740347e-02
2.200000000000000000e+01	1.238425999999999971e-01	1.024282759734154551e-03	1.493416110801973860e-02
2.300000000000000000e+01	1.267623999999999973e-01	1.053375556691027318e-03	1.485648987391063533e-02
2.400000000000000000e+01	1.296631000000000034e-01	1.082314469707421848e-03	1.477658592646161756e-02
2.500000000000000000e+01	1.325443000000000038e-01	1.111095149687577315e-03	1.469446127406840753e-02
2.600000000000000000e+01	1.354055999999999871e-01	1.139713271315845322e-03	1.461012825886622533e-02
2.700000000000000000e+01	1.382463999999999915e-01	1.168164533706723528e-03	1.452359955487495143e-02
2.800000000000000000e+01	1.410664000000000085e-01	1.196444661051213835e-03	1.443488816609441068e-02
2.900000000000000000e+01	1.438651999999999986e-01	1.224549403259415567e-03	1.434400742455005373e-02
3.000000000000000000e+01	1.466423000000000032e-01	1.252474536599250876e-03	1.425097098828935482e-02
3.100000000000000000e+01	1.493973000000000106e-01	1.280215864331230415e-03	1.415579283932920374e-02
3.200000000000000000e+01	1.521299000000000123e-01	1.307769217339161717e-03	1.405848728155461094e-02
3.300000000000000000e+01	1.548394999999999910e-01	1.335130454756707462e-03	1.395906893856905216e-02
3.400000000000000000e+01	1.575257999999999936e-01	1.362295464589694536e-03	1.385755275149673851e-02
3.500000000000000000e+01	1.601884000000000086e-01	1.389260164334090190e-03	1.375395397673720259e-02
3.600000000000000000e+01	1.628267999999999938e-01	1.416020501589540558e-03	1.364828818367246413e-02
3.700000000000000000e+01	1.654407999999999990e-01	1.442572454668386529e-03	1.354057125232719858e-02
3.800000000000000000e+01	1.680298000000000069e-01	1.468912033200067213e-03	1.343081937098219297e-02
3.900000000000000000e+01	1.705935000000000090e-01	1.495035278730812113e-03	1.331904903374147610e-02
4.000000000000000000e+01	1.731314999999999937e-01	1.520938265318540249e-03	1.320527703805351311e-02
4.100000000000000000e+01	1.756435000000000080e-01	1.546617100122869544e-03	1.308952048218677867e-02
4.200000000000000000e+01	1.781290000000000096e-01	1.572067923990158383e-03	1.297179676266014235e-02
4.300000000000000000e+01	1.805875999999999870e-01	1.597286912033475063e-03	1.285212357162843211e-02
4.400000000000000000e+01	1.830190999999999901e-01	1.622270274207424654e-03	1.273051889422355948e-02
4.500000000000000000e+01	1.854230000000000045e-01	1.647014255877739166e-03	1.260700100585159834e-02
4.600000000000000000e+01	1.877989999999999937e-01	1.671515138385540377e-03	1.248158846944628919e-02
4.700000000000000000e+01	1.901467000000000018e-01	1.695769239606202032e-03	1.235430013267928978e-02
4.800000000000000000e+01	1.924657999999999924e-01	1.719772914502720783e-03	1.222515512512762498e-02
4.900000000000000000e+01	1.947559000000000096e-01	1.743522555673509980e-03	1.209417285539882321e-02
5.000000000000000000e+01	1.970166999999999891e-01	1.767014593894538277e-03	1.196137300821406915e-02
5.100000000000000000e+01	1.992478000000000027e-01	1.790245498655736048e-03	1.182677554144987223e-02
5.200000000000000000e+01	2.014488000000000112e-01	1.813211778691575099e-03	1.169040068313870542e-02
5.300000000000000000e+01	2.036196000000000117e-01	1.835909982505757026e-03	1.155226892842902038e-02
5.400000000000000000e+01	2.057596999999999898e-01	1.858336698889923077e-03	1.141240103650511227e-02
5.500000000000000000e+01	2.078687999999999925e-01	1.880488557436307221e-03	1.127081802746734800e-02
5.600000000000000000e+01	2.099466000000000110e-01	1.902362229044260227e-03	1.112754117917312373e-02
5.700000000000000000e+01	2.119928000000000090e-01	1.923954426420565814e-03	1.098259202403912421e-02
5.800000000000000000e+01	2.140070000000000028e-01	1.945261904573470377e-03	1.083599234580532450e-02
5.900000000000000000e+01	2.159889999999999866e-01	1.966281461300359301e-03	1.068776417626119378e-02
6.000000000000000000e+01	2.179385000000000072e-01	1.987009937669002857e-03	1.053792979193465644e-02
6.100000000000000000e+01	2.198552000000000006e-01	2.007444218492293424e-03	1.038651171074424402e-02
6.200000000000000000e+01	2.217388000000000137e-01	2.027581232796415913e-03	1.023353268861498626e-02
6.300000000000000000e+01	2.235889000000000071e-01	2.047417954282370299e-03	1.007901571605852691e-02
6.400000000000000000e+01	2.254054000000000058e-01	2.066951401780777516e-03	9.922984014717988258e-03
6.500000000000000000e+01	2.271880000000000011e-01	2.086178639699907793e-03	9.765461033878090891e-03
6.600000000000000000e+01	2.289363000000000092e-01	2.105096778466857693e-03	9.606470446941073327e-03
6.700000000000000000e+01	2.306500999999999968e-01	2.123702974961808217e-03	9.446036147868930311e-03
6.800000000000000000e+01	2.323293999999999915e-01	2.141994432945306271e-03	9.284182247592493581e-03
6.900000000000000000e+01	2.339735000000000009e-01	2.159968403478499267e-03	9.120933070387901576e-03
7.000000000000000000e+01	2.355823999999999974e-01	2.177622185336256042e-03	8.956313150221039202e-03
7.100000000000000000e+01	2.371557999999999999e-01	2.194953125413127287e-03	8.790347227060431659e-03
7.200000000000000000e+01	2.386936000000000058e-01	2.211958619122066094e-03	8.623060243159168248e-03
7.300000000000000000e+01	2.401951999999999976e-01	2.228636110785856602e-03	8.454477339306478920e-03
7.400000000000000000e+01	2.416609000000000118e-01	2.244983094021199554e-03	8.284623851049423282e-03
7.500000000000000000e+01	2.430900000000000005e-01	2.260997112115382783e-03	8.113525304885323489e-03
7.600000000000000000e+01	2.444825999999999944e-01	2.276675758395488476e-03	7.941207414425520417e-03
7.700000000000000000e+01	2.458384999999999876e-01	2.292016676590083023e-03	7.767696076530985691e-03
7.800000000000000000e+01	2.471570999999999907e-01	2.307017561183328288e-03	7.593017367420391503e-03
7.900000000000000000e+01	2.484387000000000123e-01	2.321676157761467900e-03	7.417197538751253184e-03
8.000000000000000000e+01	2.496828000000000103e-01	2.335990263351633064e-03	7.240263013674681433e-03
8.100000000000000000e+01	2.508892999999999818e-01	2.349957726752915400e-03	7.062240382864369559e-03
8.200000000000000000e+01	2.520581000000000071e-01	2.363576448859663892e-03	6.883156400520394277e-03
8.300000000000000000e+01	2.531888999999999945e-01	2.376844382976946949e-03	6.703037980348468435e-03
8.400000000000000000e+01	2.542815999999999965e-01	2.389759535128142300e-03	6.521912191515194697e-03
8.500000000000000000e+01	2.553356999999999988e-01	2.402319964354602665e-03	6.339806254579955988e-03
8.600000000000000000e+01	2.563517000000000157e-01	2.414523783007352115e-03	6.156747537404081913e-03
8.700000000000000000e+01	2.573289999999999744e-01	2.426369157030773636e-03	5.972763551037852357e-03
8.800000000000000000e+01	2.582675999999999861e-01	2.437854306238240645e-03	5.787881945585971431e-03
8.900000000000000000e+01	2.591670999999999836e-01	2.448977504579651684e-03	5.602130506052190040e-03
9.000000000000000000e+01	2.600276999999999727e-01	2.459737080400831860e-03	5.415537148163609635e-03
9.100000000000000000e+01	2.608492000000000033e-01	2.470131416694758969e-03	5.228129914175347163e-03
9.200000000000000000e+01	2.616315000000000168e-01	2.480158951344572666e-03	5.039936968656215203e-03
9.300000000000000000e+01	2.623743000000000047e-01	2.489818177358340667e-03	4.850986594255990610e-03
9.400000000000000000e+01	2.630774000000000168e-01	2.499107643095537738e-03	4.661307187454929134e-03
9.500000000000000000e+01	2.637410000000000032e-01	2.508025952485204522e-03	4.470927254296215569e-03
9.600000000000000000e+01	2.643650000000000166e-01	2.516571765235756705e-03	4.279875406101911473e-03
9.700000000000000000e+01	2.649491999999999958e-01	2.524743797036411996e-03	4.088180355173077866e-03
9.800000000000000000e+01	2.654932999999999876e-01	2.532540819750203707e-03	3.895870910474758149e-03
9.900000000000000000e+01	2.659976000000000007e-01	2.539961661598550986e-03	3.702975973306399295e-03
1.000000000000000000e+02	2.664618000000000264e-01	2.547005207337359276e-03	3.509524532958413923e-03
1.010000000000000000e+02	2.668858000000000064e-01	2.553670398424627130e-03	3.315545662355499912e-03
1.020000000000000000e+02	2.672696999999999989e-01	2.559956233179528588e-03	3.121068513687427510e-03
1.030000000000000000e+02	2.676130999999999927e-01	2.565861766932949883e-03	2.926122314027876804e-03
1.040000000000000000e+02	2.679165000000000019e-01	2.571386112169461811e-03	2.730736360942029838e-03
1.050000000000000000e+02	2.681796000000000180e-01	2.576528438660699583e-03	2.534940018083591765e-03
1.060000000000000000e+02	2.684019000000000266e-01	2.581287973590132376e-03	2.338762710781854253e-03
1.070000000000000000e+02	2.685841999999999952e-01	2.585664001669208713e-03	2.142233921619487655e-03
1.080000000000000000e+02	2.687258000000000147e-01	2.589655865244851630e-03	1.945383186001759966e-03
1.090000000000000000e+02	2.688270999999999855e-01	2.593262964398296722e-03	1.748240087717787758e-03
1.100000000000000000e+02	2.688878000000000101e-01	2.596484757035249624e-03	1.550834254494512987e-03
1.110000000000000000e+02	2.689080999999999833e-01	2.599320758967354258e-03	1.353195353544111050e-03
1.120000000000000000e+02	2.688878000000000101e-01	2.601770543984961454e-03	1.155353087105430747e-03
1.130000000000000000e+02	2.688270999999999855e-01	2.603833743921180142e-03	9.573371879801715213e-04
1.140000000000000000e+02	2.687258000000000147e-01	2.605510048707207656e-03	7.591774150644989240e-04
1.150000000000000000e+02	2.685841999999999952e-01	2.606799206418929614e-03	5.609035488767069632e-04
1.160000000000000000e+02	2.684019000000000266e-01	2.607701023314779824e-03	3.625453870816308872e-04
1.170000000000000000e+02	2.681796000000000180e-01	2.608215363864855880e-03	1.641327400125141775e-04
1.180000000000000000e+02	2.679165000000000019e-01	2.608342150771289589e-03	-3.430457380905876241e-05
1.190000000000000000e+02	2.676130999999999927e-01	2.608081364979860945e-03	-2.327367321544619922e-04
1.200000000000000000e+02	2.672696999999999989e-01	2.607433045682863888e-03	-4.311339135698515979e-04
1.210000000000000000e+02	2.668858000000000064e-01	2.606397290313215622e-03	-6.294663018579049578e-04
1.220000000000000000e+02	2.664618000000000264e-01	2.604974254529812943e-03	-8.277040905587707302e-04
1.230000000000000000e+02	2.659976000000000007e-01	2.603164152194140362e-03	-1.025817487429522357e-03
1.240000000000000000e+02	2.654932999999999876e-01	2.600967255338129582e-03	-1.223776718921507382e-03
1.250000000000000000e+02	2.649491999999999958e-01	2.598383894123275101e-03	-1.421552034654888089e-03
1.260000000000000000e+02	2.643650000000000166e-01	2.595414456791019387e-03	-1.619113711889667373e-03
1.270000000000000000e+02	2.637410000000000032e-01	2.592059389604403283e-03	-1.816432059992592260e-03
1.280000000000000000e+02	2.630774000000000168e-01	2.588319196780998997e-03	-2.013477424899233481e-03
1.290000000000000000e+02	2.623743000000000047e-01	2.584194440417134780e-03	-2.210220193570536489e-03
1.300000000000000000e+02	2.616315000000000168e-01	2.579685740403420396e-03	-2.406630798443239790e-03
1.310000000000000000e+02	2.608492000000000033e-01	2.574793774331584663e-03	-2.602679721873457381e-03
1.320000000000000000e+02	2.600276999999999727e-01	2.569519277392645455e-03	-2.798337500572728367e-03
1.330000000000000000e+02	2.591670999999999836e-01	2.563863042266419957e-03	-2.993574730035928992e-03
1.340000000000000000e+02	2.582675999999999861e-01	2.557825919002396000e-03	-3.188362068960351459e-03
1.350000000000000000e+02	2.573289999999999744e-01	2.551408814891984421e-03	-3.382670243655252606e-03
1.360000000000000000e+02	2.563517000000000157e-01	2.544612694332164162e-03	-3.576470052441269205e-03
1.370000000000000000e+02	2.553356999999999988e-01	2.537438578680548291e-03	-3.769732370039016820e-03
1.380000000000000000e+02	2.542815999999999965e-01	2.529887546101887430e-03	-3.962428151946173135e-03
1.390000000000000000e+02	2.531888999999999945e-01	2.521960731406040941e-03	-4.154528438802450319e-03
1.400000000000000000e+02	2.520581000000000071e-01	2.513659325877427592e-03	-4.346004360741778129e-03
1.410000000000000000e+02	2.508892999999999818e-01	2.504984577095996021e-03	-4.536827141730995216e-03
1.420000000000000000e+02	2.496828000000000103e-01	2.495937788749729314e-03	-4.726968103894484824e-03
1.430000000000000000e+02	2.484387000000000123e-01	2.486520320438721440e-03	-4.916398671824045823e-03
1.440000000000000000e+02	2.471570999999999907e-01	2.476733587470847636e-03	-5.105090376873339456e-03
1.450000000000000000e+02	2.458384999999999876e-01	2.466579060649066058e-03	-5.293014861436320245e-03
1.460000000000000000e+02	2.444825999999999944e-01	2.456058266050377154e-03	-5.480143883208984067e-03
1.470000000000000000e+02	2.430900000000000005e-01	2.445172784796474999e-03	-5.666449319433747300e-03
1.480000000000000000e+02	2.416609000000000118e-01	2.433924252816130080e-03	-5.851903171125901956e-03
1.490000000000000000e+02	2.401951999999999976e-01	2.422314360599331275e-03	-6.036477567281461551e-03
1.500000000000000000e+02	2.386936000000000058e-01	2.410344852943230830e-03	-6.220144769065743748e-03
1.510000000000000000e+02	2.371557999999999999e-01	2.398017528689927891e-03	-6.402877173982124241e-03
1.520000000000000000e+02	2.355823999999999974e-01	2.385334240456125302e-03	-6.584647320020302688e-03
1.530000000000000000e+02	2.339735000000000009e-01	2.372296894354712984e-03	-6.765427889783412821e-03
1.540000000000000000e+02	2.323293999999999915e-01	2.358907449708303947e-03	-6.945191714593441576e-03
1.550000000000000000e+02	2.306500999999999968e-01	2.345167918754777116e-03	-7.123911778574298047e-03
1.560000000000000000e+02	2.289363000000000092e-01	2.331080366344866900e-03	-7.301561222711887809e-03
1.570000000000000000e+02	2.271880000000000011e-01	2.316646909631850208e-03	-7.478113348890620161e-03
1.580000000000000000e+02	2.254054000000000058e-01	2.301869717753363478e-03	-7.653541623905778420e-03
1.590000000000000000e+02	2.235889000000000071e-01	2.286751011505416039e-03	-7.827819683451050711e-03
1.600000000000000000e+02	2.217388000000000137e-01	2.271293063008638421e-03	-8.000921336080686966e-03
1.610000000000000000e+02	2.198552000000000006e-01	2.255498195366812449e-03	-8.172820567145721790e-03
1.620000000000000000e+02	2.179385000000000072e-01	2.239368782317743400e-03	-8.343491542703584951e-03
1.630000000000000000e+02	2.159889999999999866e-01	2.222907247876526257e-03	-8.512908613400541752e-03
1.640000000000000000e+02	2.140070000000000028e-01	2.206116065971244680e-03	-8.681046318326451558e-03
1.650000000000000000e+02	2.119928000000000090e-01	2.188997760071180292e-03	-8.847879388841149717e-03
1.660000000000000000e+02	2.099466000000000110e-01	2.171554902807571342e-03	-9.013382752371967149e-03
1.670000000000000000e+02	2.078687999999999925e-01	2.153790115586984473e-03	-9.177531536181742292e-03
1.680000000000000000e+02	2.057596999999999898e-01	2.135706068197352949e-03	-9.340301071106876102e-03
1.690000000000000000e+02	2.036196000000000117e-01	2.117305478406748560e-03	-9.501666895264718887e-03
1.700000000000000000e+02	2.014488000000000112e-01	2.098591111554942712e-03	-9.661604757729822315e-03
1.710000000000000000e+02	1.992478000000000027e-01	2.079565780137811355e-03	-9.820090622178527517e-03
1.720000000000000000e+02	1.970166999999999891e-01	2.060232343384660932e-03	-9.977100670501264784e-03
1.730000000000000000e+02	1.947559000000000096e-01	2.040593706828530869e-03	-1.013261130638204791e-02
1.740000000000000000e+02	1.924657999999999924e-01	2.020652821869527681e-03	-1.028659915884467743e-02
1.750000000000000000e+02	1.901467000000000018e-01	2.000412685331276995e-03	-1.043904108576506479e-02
1.760000000000000000e+02	1.877989999999999937e-01	1.979876339010546403e-03	-1.058991417734911171e-02
1.770000000000000000e+02	1.854230000000000045e-01	1.959046869220102891e-03	-1.073919575957577033e-02
1.780000000000000000e+02	1.830190999999999901e-01	1.937927406324887894e-03	-1.088686339760458824e-02
1.790000000000000000e+02	1.805875999999999870e-01	1.916521124271570922e-03	-1.103289489914733267e-02
1.800000000000000000e+02	1.781290000000000096e-01	1.894831240111547865e-03	-1.117726831780319063e-02
1.810000000000000000e+02	1.756435000000000080e-01	1.872861013517467497e-03	-1.131996195635697269e-02
1.820000000000000000e+02	1.731314999999999937e-01	1.850613746293352070e-03	-1.146095437003988651e-02
1.830000000000000000e+02	1.705935000000000090e-01	1.828092781878379444e-03	-1.160022436975238942e-02
1.840000000000000000e+02	1.680298000000000069e-01	1.805301504844416529e-03	-1.173775102524858734e-02
1.850000000000000000e+02	1.654407999999999990e-01	1.782243340387369094e-03	-1.187351366828174118e-02
1.860000000000000000e+02	1.628267999999999938e-01	1.758921753812420349e-03	-1.200749189571041244e-02
1.870000000000000000e+02	1.601884000000000086e-01	1.735340250013248965e-03	-1.213966557256476557e-02
1.880000000000000000e+02	1.575257999999999936e-01	1.711502372945296335e-03	-1.227001483507252425e-02
1.890000000000000000e+02	1.548394999999999910e-01	1.687411705093157461e-03	-1.239852009364424655e-02
1.900000000000000000e+02	1.521299000000000123e-01	1.663071866932188921e-03	-1.252516203581733462e-02
1.910000000000000000e+02	1.493973000000000106e-01	1.638486516384405700e-03	-1.264992162915841087e-02
1.920000000000000000e+02	1.466423000000000032e-01	1.613659348268744933e-03	-1.277278012412362725e-02
1.930000000000000000e+02	1.438651999999999986e-01	1.588594093745790024e-03	-1.289371905687644593e-02
1.940000000000000000e+02	1.410664000000000085e-01	1.563294519757036033e-03	-1.301272025206246831e-02
1.950000000000000000e+02	1.382463999999999915e-01	1.537764428458765053e-03	-1.312976582554094968e-02
1.960000000000000000e+02	1.354055999999999871e-01	1.512007656650646509e-03	-1.324483818707250342e-02
1.970000000000000000e+02	1.325443000000000038e-01	1.486028075199115729e-03	-1.335792004296266697e-02
1.980000000000000000e+02	1.296631000000000034e-01	1.459829588455641581e-03	-1.346899439866089745e-02
1.990000000000000000e+02	1.267623999999999973e-01	1.433416133669961675e-03	-1.357804456131458254e-02
2.000000000000000000e+02	1.238425999999999971e-01	1.406791680398367106e-03	-1.368505414227775586e-02
2.010000000000000000e+02	1.209041000000000005e-01	1.379960229907137986e-03	-1.379000705957406439e-02
2.020000000000000000e+02	1.179474999999999968e-01	1.352925814571214781e-03	-1.389288754031363891e-02
2.030000000000000000e+02	1.149730000000000057e-01	1.325692497268185022e-03	-1.399368012306355553e-02
2.040000000000000000e+02	1.119813000000000058e-01	1.298264370767696204e-03	-1.409236966017144224e-02
2.050000000000000000e+02	1.089727000000000057e-01	1.270645557116373801e-03	-1.418894132004195133e-02
2.060000000000000000e+02	1.059477000000000058e-01	1.242840207018333296e-03	-1.428338058936574895e-02
2.070000000000000000e+02	1.029067000000000037e-01	1.214852499211391832e-03	-1.437567327530063326e-02
2.080000000000000000e+02	9.985020999999999480e-02	1.186686639839068828e-03	-1.446580550760451743e-02
2.090000000000000000e+02	9.677869999999999528e-02	1.158346861818457729e-03	-1.455376374071993238e-02
2.100000000000000000e+02	9.369262000000000423e-02	1.129837424204083608e-03	-1.463953475580971782e-02
2.110000000000000000e+02	9.059242000000000683e-02	1.101162611547831837e-03	-1.472310566274361888e-02
2.120000000000000000e+02	8.747855999999999688e-02	1.072326733255037816e-03	-1.480446390203548832e-02
2.130000000000000000e+02	8.435154999999999736e-02	1.043334122936848130e-03	-1.488359724673080260e-02
2.140000000000000000e+02	8.121183999999999348e-02	1.014189137758945503e-03	-1.496049380424417131e-02
2.150000000000000000e+02	7.805990000000000151e-02	9.848961577867245201e-04	-1.503514201814664004e-02
2.160000000000000000e+02	7.489619999999999611e-02	9.554595853270350788e-04	-1.510753066990244697e-02
2.170000000000000000e+02	7.172122999999999693e-02	9.258838442665826007e-04	-1.517764888055499715e-02
2.180000000000000000e+02	6.853544000000000302e-02	8.961733794070763943e-04	-1.524548611236182204e-02
2.190000000000000000e+02	6.533933000000000102e-02	8.663326557972445647e-04	-1.531103217037824669e-02
2.200000000000000000e+02	6.213341000000000003e-02	8.363661580618045929e-04	-1.537427720398952882e-02
2.210000000000000000e+02	5.891811000000000270e-02	8.062783897274843417e-04	-1.543521170839127349e-02
2.220000000000000000e+02	5.569393000000000260e-02	7.760738725462106935e-04	-1.549382652601786689e-02
2.230000000000000000e+02	5.246137000000000022e-02	7.457571458155591668e-04	-1.555011284791872096e-02
2.240000000000000000e+02	4.922092000000000134e-02	7.153327656965579717e-04	-1.560406221508212586e-02
2.250000000000000000e+02	4.597303999999999974e-02	6.848053045289664159e-04	-1.565566651970652645e-02
2.260000000000000000e+02	4.271824999999999928e-02	6.541793501441223136e-04	-1.570491800641899555e-02
2.270000000000000000e+02	3.945701000000000069e-02	6.234595051754518533e-04	-1.575180927344076165e-02
2.280000000000000000e+02	3.618984000000000090e-02	5.926503863667635739e-04	-1.579633327369958304e-02
2.290000000000000000e+02	3.291722999999999871e-02	5.617566238784232674e-04	-1.583848331588881553e-02
2.300000000000000000e+02	2.963963999999999835e-02	5.307828605915015322e-04	-1.587825306547303861e-02
2.310000000000000000e+02	2.635759999999999839e-02	4.997337514100200695e-04	-1.591563654564001271e-02
2.320000000000000000e+02	2.307158999999999946e-02	4.686139625613908849e-04	-1.595062813819892594e-02
2.330000000000000000e+02	1.978210999999999858e-02	4.374281708951434822e-04	-1.598322258442473262e-02
2.340000000000000000e+02	1.648963999999999985e-02	4.061810631800668973e-04	-1.601341498584844120e-02
2.350000000000000000e+02	1.319470000000000018e-02	3.748773353998594384e-04	-1.604120080499330317e-02
2.360000000000000000e+02	9.897760999999999712e-03	3.435216920473844115e-04	-1.606657586605671553e-02
2.370000000000000000e+02	6.599335999999999917e-03	3.121188454176572762e-04	-1.608953635553779168e-02
2.380000000000000000e+02	3.299916999999999868e-03	2.806735148996594774e-04	-1.611007882281046549e-02
2.390000000000000000e+02	8.386504999999999888e-17	2.491904262670766946e-04	-1.612820018064207994e-02
2.400000000000000000e+02	-3.299916999999999868e-03	2.176743109680876549e-04	-1.614389770565734933e-02
2.410000000000000000e+02	-6.599335999999999917e-03	1.861299054142997338e-04	-1.615716903874764299e-02
2.420000000000000000e+02	-9.897760999999999712e-03	1.545619502689287849e-04	-1.616801218542552113e-02
2.430000000000000000e+02	-1.319470000000000018e-02	1.229751897343502683e-04	-1.617642551612448118e-02
2.440000000000000000e+02	-1.648963999999999985e-02	9.137437083911817155e-05	-1.618240776644385912e-02
2.450000000000000000e+02	-1.978210999999999858e-02	5.976424272454928041e-05	-1.618595803733884411e-02
2.460000000000000000e+02	-2.307158999999999946e-02	2.814955593100001031e-05	-1.618707579525560311e-02
2.470000000000000000e+02	-2.635759999999999839e-02	-3.464938316066941155e-06	-1.618576087221145279e-02
2.480000000000000000e+02	-2.963963999999999835e-02	-3.507448882012926134e-05	-1.618201346582011022e-02
2.490000000000000000e+02	-3.291722999999999871e-02	-6.667434512763691068e-05	-1.617583413926199434e-02
2.500000000000000000e+02	-3.618984000000000090e-02	-9.825975824193262931e-05	-1.616722382119960277e-02
2.510000000000000000e+02	-3.945701000000000069e-02	-1.298259813369633214e-04	-1.615618380563791506e-02
2.520000000000000000e+02	-4.271824999999999928e-02	-1.613682704706554522e-04	-1.614271575172995105e-02
2.530000000000000000e+02	-4.597303999999999974e-02	-1.928818852978567502e-04	-1.612682168352741474e-02
2.540000000000000000e+02	-4.922092000000000134e-02	-2.243620897827475929e-04	-1.610850398967650712e-02
2.550000000000000000e+02	-5.246137000000000022e-02	-2.558041529105946062e-04	-1.608776542305894938e-02
2.560000000000000000e+02	-5.569393000000000260e-02	-2.872033493987496055e-04	-1.606460910037826526e-02
2.570000000000000000e+02	-5.891811000000000270e-02	-3.185549604067975196e-04	-1.603903850169138487e-02
2.580000000000000000e+02	-6.213341000000000003e-02	-3.498542742457253331e-04	-1.601105746988564296e-02
2.590000000000000000e+02	-6.533933000000000102e-02	-3.810965870860172637e-04	-1.598067021010125474e-02
2.600000000000000000e+02	-6.853544000000000302e-02	-4.122772036645778342e-04	-1.594788128909933531e-02
2.610000000000000000e+02	-7.172122999999999693e-02	-4.433914379903584023e-04	-1.591269563457558753e-02
2.620000000000000000e+02	-7.489619999999999611e-02	-4.744346140485894057e-04	-1.587511853441974513e-02
2.630000000000000000e+02	-7.805990000000000151e-02	-5.054020665035241066e-04	-1.583515563592086811e-02
2.640000000000000000e+02	-8.121183999999999348e-02	-5.362891413995664412e-04	-1.579281294491864662e-02
2.650000000000000000e+02	-8.435154999999999736e-02	-5.670911968606900033e-04	-1.574809682490081741e-02
2.660000000000000000e+02	-8.747855999999999688e-02	-5.978036037880504229e-04	-1.570101399604681425e-02
2.670000000000000000e+02	-9.059242000000000683e-02	-6.284217465556676471e-04	-1.565157153421781536e-02
2.680000000000000000e+02	-9.369262000000000423e-02	-6.589410237040845041e-04	-1.559977686989337010e-02
2.690000000000000000e+02	-9.677869999999999528e-02	-6.893568486319047841e-04	-1.554563778705468115e-02
2.700000000000000000e+02	-9.985020999999999480e-02	-7.196646502850894073e-04	-1.548916242201479887e-02
2.710000000000000000e+02	-1.029067000000000037e-01	-7.498598738439158111e-04	-1.543035926219585817e-02
2.720000000000000000e+02	-1.059477000000000058e-01	-7.799379814075072057e-04	-1.536923714485352241e-02
2.730000000000000000e+02	-1.089727000000000057e-01	-8.098944526758092939e-04	-1.530580525574888953e-02
2.740000000000000000e+02	-1.119813000000000058e-01	-8.397247856289226202e-04	-1.524007312776800953e-02
2.750000000000000000e+02	-1.149730000000000057e-01	-8.694244972036967688e-04	-1.517205063948921274e-02
2.760000000000000000e+02	-1.179474999999999968e-01	-8.989891239674653025e-04	-1.510174801369851792e-02
2.770000000000000000e+02	-1.209041000000000005e-01	-9.284142227888317811e-04	-1.502917581585330210e-02
2.780000000000000000e+02	-1.238425999999999971e-01	-9.576953715054145914e-04	-1.495434495249444579e-02
2.790000000000000000e+02	-1.267623999999999973e-01	-9.868281695884282938e-04	-1.487726666960725516e-02
2.800000000000000000e+02	-1.296631000000000034e-01	-1.015808238804017782e-03	-1.479795255093136266e-02
2.810000000000000000e+02	-1.325443000000000038e-01	-1.044631223871247570e-03	-1.471641451621983482e-02
2.820000000000000000e+02	-1.354055999999999871e-01	-1.073292793116634647e-03	-1.463266481944782392e-02
2.830000000000000000e+02	-1.382463999999999915e-01	-1.101788639125131754e-03	-1.454671604697098213e-02
2.840000000000000000e+02	-1.410664000000000085e-01	-1.130114479387476101e-03	-1.445858111563389642e-02
2.850000000000000000e+02	-1.438651999999999986e-01	-1.158266056943784350e-03	-1.436827327082888621e-02
2.860000000000000000e+02	-1.466423000000000032e-01	-1.186239141023308222e-03	-1.427580608450542028e-02
2.870000000000000000e+02	-1.493973000000000106e-01	-1.214029527680263783e-03	-1.418119345313044108e-02
2.880000000000000000e+02	-1.521299000000000123e-01	-1.241633040425620116e-03	-1.408444959559992590e-02
2.890000000000000000e+02	-1.548394999999999910e-01	-1.269045530854761737e-03	-1.398558905110201464e-02
2.900000000000000000e+02	-1.575257999999999936e-01	-1.296262879270938676e-03	-1.388462667693195901e-02
2.910000000000000000e+02	-1.601884000000000086e-01	-1.323280995304394704e-03	-1.378157764625929579e-02
2.920000000000000000e+02	-1.628267999999999938e-01	-1.350095818527085679e-03	-1.367645744584755282e-02
2.930000000000000000e+02	-1.654407999999999990e-01	-1.376703319062909511e-03	-1.356928187372679825e-02
2.940000000000000000e+02	-1.680298000000000069e-01	-1.403099498193334776e-03	-1.346006703681942862e-02
2.950000000000000000e+02	-1.705935000000000090e-01	-1.429280388958346004e-03	-1.334882934851955652e-02
2.960000000000000000e+02	-1.731314999999999937e-01	-1.455242056752627158e-03	-1.323558552622628587e-02
2.970000000000000000e+02	-1.756435000000000080e-01	-1.480980599916869450e-03	-1.312035258883134485e-02
2.980000000000000000e+02	-1.781290000000000096e-01	-1.506492150324134768e-03	-1.300314785416140789e-02
2.990000000000000000e+02	-1.805875999999999870e-01	-1.531772873961180590e-03	-1.288398893637545881e-02
3.000000000000000000e+02	-1.830190999999999901e-01	-1.556818971504656413e-03	-1.276289374331764266e-02
3.010000000000000000e+02	-1.854230000000000045e-01	-1.581626678892081479e-03	-1.263988047382600538e-02
3.020000000000000000e+02	-1.877989999999999937e-01	-1.606192267887535281e-03	-1.251496761499742635e-02
3.030000000000000000e+02	-1.901467000000000018e-01	-1.630512046641953514e-03	-1.238817393940931828e-02
3.040000000000000000e+02	-1.924657999999999924e-01	-1.654582360247956394e-03	-1.225951850229837874e-02
3.050000000000000000e+02	-1.947559000000000096e-01	-1.678399591289133665e-03	-1.212902063869684272e-02
3.060000000000000000e+02	-1.970166999999999891e-01	-1.701960160383686341e-03	-1.199669996052672542e-02
3.070000000000000000e+02	-1.992478000000000027e-01	-1.725260526722352961e-03	-1.186257635365244902e-02
3.080000000000000000e+02	-2.014488000000000112e-01	-1.748297188600546207e-03	-1.172666997489226447e-02
3.090000000000000000e+02	-2.036196000000000117e-01	-1.771066683944606856e-03	-1.158900124898898029e-02
3.100000000000000000e+02	-2.057596999999999898e-01	-1.793565590832098527e-03	-1.144959086554044915e-02
3.110000000000000000e+02	-2.078687999999999925e-01	-1.815790528006078382e-03	-1.130845977589018531e-02
3.120000000000000000e+02	-2.099466000000000110e-01	-1.837738155383248587e-03	-1.116562918997869927e-02
3.130000000000000000e+02	-2.119928000000000090e-01	-1.859405174555919154e-03	-1.102112057315597984e-02
3.140000000000000000e+02	-2.140070000000000028e-01	-1.880788329287714491e-03	-1.087495564295551560e-02
3.150000000000000000e+02	-2.159889999999999866e-01	-1.901884406002938253e-03	-1.072715636583050289e-02
3.160000000000000000e+02	-2.179385000000000072e-01	-1.922690234269520786e-03	-1.057774495385260805e-02
3.170000000000000000e+02	-2.198552000000000006e-01	-1.943202687275497791e-03	-1.042674386137378527e-02
3.180000000000000000e+02	-2.217388000000000137e-01	-1.963418682298916345e-03	-1.027417578165176759e-02
3.190000000000000000e+02	-2.235889000000000071e-01	-1.983335181171125977e-03	-1.012006364343956584e-02
3.200000000000000000e+02	-2.254054000000000058e-01	-2.002949190733375670e-03	-9.964430607539593102e-03
3.210000000000000000e+02	-2.271880000000000011e-01	-2.022257763286633946e-03	-9.807300063322994116e-03
3.220000000000000000e+02	-2.289363000000000092e-01	-2.041257997034588018e-03	-9.648695625214528254e-03
3.230000000000000000e+02	-2.306500999999999968e-01	-2.059947036519745468e-03	-9.488641129143637540e-03
3.240000000000000000e+02	-2.323293999999999915e-01	-2.078322073052562332e-03	-9.327160628962324201e-03
3.250000000000000000e+02	-2.339735000000000009e-01	-2.096380345133548161e-03	-9.164278392830165626e-03
3.260000000000000000e+02	-2.355823999999999974e-01	-2.114119138868285168e-03	-9.000018899567139782e-03
3.270000000000000000e+02	-2.371557999999999999e-01	-2.131535788375277761e-03	-8.834406834974894290e-03
3.280000000000000000e+02	-2.386936000000000058e-01	-2.148627676186606449e-03	-8.667467088126726282e-03
3.290000000000000000e+02	-2.401951999999999976e-01	-2.165392233641283762e-03	-8.499224747627221951e-03
3.300000000000000000e+02	-2.416609000000000118e-01	-2.181826941271292671e-03	-8.329705097841755279e-03
3.310000000000000000e+02	-2.430900000000000005e-01	-2.197929329180228590e-03	-8.158933615096586670e-03
3.320000000000000000e+02	-2.444825999999999944e-01	-2.213696977414480755e-03	-7.986935963850210277e-03
3.330000000000000000e+02	-2.458384999999999876e-01	-2.229127516326920907e-03	-7.813737992836335133e-03
3.340000000000000000e+02	-2.471570999999999907e-01	-2.244218626933029877e-03	-7.639365731179149736e-03
3.350000000000000000e+02	-2.484387000000000123e-01	-2.258968041259397895e-03	-7.463845384481605609e-03
3.360000000000000000e+02	-2.496828000000000103e-01	-2.273373542684574335e-03	-7.287203330887062451e-03
3.370000000000000000e+02	-2.508892999999999818e-01	-2.287432966272195771e-03	-7.109466117114993967e-03
3.380000000000000000e+02	-2.520581000000000071e-01	-2.301144199096336832e-03	-6.930660454471485564e-03
3.390000000000000000e+02	-2.531888999999999945e-01	-2.314505180559056543e-03	-6.750813214834876924e-03
3.400000000000000000e+02	-2.542815999999999965e-01	-2.327513902700077252e-03	-6.569951426617268511e-03
3.410000000000000000e+02	-2.553356999999999988e-01	-2.340168410498549324e-03	-6.388102270702628385e-03
3.420000000000000000e+02	-2.563517000000000157e-01	-2.352466802166861253e-03	-6.205293076361862760e-03
3.430000000000000000e+02	-2.573289999999999744e-01	-2.364407229436454871e-03	-6.021551317145580617e-03
3.440000000000000000e+02	-2.582675999999999861e-01	-2.375987897835589707e-03	-5.836904606755310455e-03
3.450000000000000000e+02	-2.591670999999999836e-01	-2.387207066959023960e-03	-5.651380694893514377e-03
3.460000000000000000e+02	-2.600276999999999727e-01	-2.398063050729578715e-03	-5.465007463093181014e-03
3.470000000000000000e+02	-2.608492000000000033e-01	-2.408554217651523791e-03	-5.277812920527711997e-03
3.480000000000000000e+02	-2.616315000000000168e-01	-2.418678991055770930e-03	-5.089825199801517423e-03
3.490000000000000000e+02	-2.623743000000000047e-01	-2.428435849336825752e-03	-4.901072552722054998e-03
3.500000000000000000e+02	-2.630774000000000168e-01	-2.437823326181457698e-03	-4.711583346054075243e-03
3.510000000000000000e+02	-2.637410000000000032e-01	-2.446840010789070197e-03	-4.521386057256473502e-03
3.520000000000000000e+02	-2.643650000000000166e-01	-2.455484548083722036e-03	-4.330509270202499879e-03
3.530000000000000000e+02	-2.649491999999999958e-01	-2.463755638917774788e-03	-4.138981670884104257e-03
3.540000000000000000e+02	-2.654932999999999876e-01	-2.471652040267135943e-03	-3.946832043100812794e-03
3.550000000000000000e+02	-2.659976000000000007e-01	-2.479172565418067808e-03	-3.754089264133895262e-03
3.560000000000000000e+02	-2.664618000000000264e-01	-2.486316084145532689e-03	-3.560782300406621203e-03
3.570000000000000000e+02	-2.668858000000000064e-01	-2.493081522883048348e-03	-3.366940203130985680e-03
3.580000000000000000e+02	-2.672696999999999989e-01	-2.499467864884033323e-03	-3.172592103941693480e-03
3.590000000000000000e+02	-2.676130999999999927e-01	-2.505474150374603116e-03	-2.977767210518184569e-03
3.600000000000000000e+02	-2.679165000000000019e-01	-2.511099476697814178e-03	-2.782494802195107590e-03
3.610000000000000000e+02	-2.681796000000000180e-01	-2.516342998449320155e-03	-2.586804225562016387e-03
3.620000000000000000e+02	-2.684019000000000266e-01	-2.521203927604421732e-03	-2.390724890053096650e-03
3.630000000000000000e+02	-2.685841999999999952e-01	-2.525681533636495776e-03	-2.194286263527309936e-03
3.640000000000000000e+02	-2.687258000000000147e-01	-2.529775143626784677e-03	-1.997517867839766065e-03
3.650000000000000000e+02	-2.688270999999999855e-01	-2.533484142365524227e-03	-1.800449274405103647e-03
3.660000000000000000e+02	-2.688878000000000101e-01	-2.536807972444400476e-03	-1.603110099753296373e-03
3.670000000000000000e+02	-2.689080999999999833e-01	-2.539746134340322131e-03	-1.405530001078677399e-03
3.680000000000000000e+02	-2.688878000000000101e-01	-2.542298186490489845e-03	-1.207738671782983926e-03
3.690000000000000000e+02	-2.686205999999999872e-01	-2.544463745358755899e-03	-1.009765837012828764e-03
3.700000000000000000e+02	-2.685196000000000249e-01	-2.546242485493267326e-03	-8.116412491924017295e-04
3.710000000000000000e+02	-2.683780000000000054e-01	-2.547634139575372970e-03	-6.133946835522017822e-04
3.720000000000000000e+02	-2.681958999999999871e-01	-2.548638498459799683e-03	-4.150559336542125393e-04
3.730000000000000000e+02	-2.679735999999999785e-01	-2.549255411206082910e-03	-2.166548069143205612e-04
3.740000000000000000e+02	-2.677107000000000236e-01	-2.549484785101252104e-03	-1.822112012278392291e-05
3.750000000000000000e+02	-2.674077999999999733e-01	-2.549326585673762288e-03	1.802153050368395459e-04
3.760000000000000000e+02	-2.670643999999999796e-01	-2.548780836698675244e-03	3.786246464694983070e-04
3.770000000000000000e+02	-2.666806999999999928e-01	-2.547847620194087712e-03	5.769770861503861975e-04
3.780000000000000000e+02	-2.662572000000000272e-01	-2.546527076408803582e-03	7.752428146061988903e-04
3.790000000000000000e+02	-2.657934000000000130e-01	-2.544819403801257870e-03	9.733920353951051483e-04
3.800000000000000000e+02	-2.652896000000000143e-01	-2.542724859009689881e-03	1.171394969584630763e-03
3.810000000000000000e+02	-2.647456999999999727e-01	-2.540243756813576406e-03	1.369221860227039017e-03
3.820000000000000000e+02	-2.641620000000000079e-01	-2.537376470086321906e-03	1.566842976831410396e-03
3.830000000000000000e+02	-2.635387000000000146e-01	-2.534123429739224345e-03	1.764228619831612098e-03
3.840000000000000000e+02	-2.628752999999999784e-01	-2.530485124656713190e-03	1.961349125049753790e-03
3.850000000000000000e+02	-2.621725999999999779e-01	-2.526462101622877800e-03	2.158174868154322853e-03
3.860000000000000000e+02	-2.614306000000000130e-01	-2.522054965239294878e-03	2.354676269112201265e-03
3.870000000000000000e+02	-2.606489000000000167e-01	-2.517264377834163656e-03	2.550823796634170762e-03
3.880000000000000000e+02	-2.598282000000000092e-01	-2.512091059362770492e-03	2.746587972613007047e-03
3.890000000000000000e+02	-2.589681999999999817e-01	-2.506535787299286368e-03	2.941939376553660834e-03
3.900000000000000000e+02	-2.580691999999999986e-01	-2.500599396519926753e-03	3.136848649994648189e-03
3.910000000000000000e+02	-2.571315000000000128e-01	-2.494282779177482527e-03	3.331286500920238158e-03
3.920000000000000000e+02	-2.561549000000000187e-01	-2.487586884567237998e-03	3.525223708162657926e-03
3.930000000000000000e+02	-2.551398000000000277e-01	-2.480512718984311145e-03	3.718631125793521019e-03
3.940000000000000000e+02	-2.540860999999999814e-01	-2.473061345572419561e-03	3.911479687504080399e-03
3.950000000000000000e+02	-2.529944000000000082e-01	-2.465233884164103745e-03	4.103740410973506780e-03
3.960000000000000000e+02	-2.518644999999999912e-01	-2.457031511112436808e-03	4.295384402224430159e-03
3.970000000000000000e+02	-2.506966999999999945e-01	-2.448455459114232732e-03	4.486382859965319138e-03
3.980000000000000000e+02	-2.494909999999999906e-01	-2.439507017024789611e-03	4.676707079918938220e-03
3.990000000000000000e+02	-2.482478999999999936e-01	-2.430187529664195635e-03	4.866328459136095956e-03
4.000000000000000000e+02	-2.469675000000000065e-01	-2.420498397615223393e-03	5.055218500294296653e-03
4.010000000000000000e+02	-2.456494999999999929e-01	-2.410441077012836358e-03	5.243348815980507227e-03
4.020000000000000000e+02	-2.442950000000000121e-01	-2.400017079325361766e-03	5.430691132957291521e-03
4.030000000000000000e+02	-2.429033999999999915e-01	-2.389227971127333774e-03	5.617217296411904440e-03
4.040000000000000000e+02	-2.414752000000000010e-01	-2.378075373864058095e-03	5.802899274187590418e-03
4.050000000000000000e+02	-2.400107999999999964e-01	-2.366560963607938859e-03	5.987709160996326427e-03
4.060000000000000000e+02	-2.385101000000000027e-01	-2.354686470806585923e-03	6.171619182612613982e-03
4.070000000000000000e+02	-2.369738000000000122e-01	-2.342453680022751200e-03	6.354601700047589861e-03
4.080000000000000000e+02	-2.354015000000000135e-01	-2.329864429666141708e-03	6.536629213702674877e-03
4.090000000000000000e+02	-2.337936999999999932e-01	-2.316920611717127130e-03	6.717674367502399040e-03
4.100000000000000000e+02	-2.321507999999999905e-01	-2.303624171442404753e-03	6.897709953005668436e-03
4.110000000000000000e+02	-2.304730999999999863e-01	-2.289977107102656069e-03	7.076708913494709693e-03
4.120000000000000000e+02	-2.287605000000000055e-01	-2.275981469652237077e-03	7.254644348041343338e-03
4.130000000000000000e+02	-2.270135000000000070e-01	-2.261639362430945249e-03	7.431489515549837520e-03
4.140000000000000000e+02	-2.252322999999999964e-01	-2.246952940847925587e-03	7.607217838775622194e-03
4.150000000000000000e+02	-2.234172000000000102e-01	-2.231924412057739639e-03	7.781802908319510742e-03
4.160000000000000000e+02	-2.215685000000000016e-01	-2.216556034628660351e-03	7.955218486596669220e-03
4.170000000000000000e+02	-2.196864000000000039e-01	-2.200850118203249127e-03	8.127438511779680116e-03
4.180000000000000000e+02	-2.177710999999999952e-01	-2.184809023151244173e-03	8.298437101715282552e-03
4.190000000000000000e+02	-2.158231999999999928e-01	-2.168435160214832961e-03	8.468188557814127979e-03
4.200000000000000000e+02	-2.138426999999999967e-01	-2.151730990146354799e-03	8.636667368912814141e-03
4.210000000000000000e+02	-2.118298999999999876e-01	-2.134699023338485109e-03	8.803848215107894573e-03
4.220000000000000000e+02	-2.097853000000000079e-01	-2.117341819446956052e-03	8.969705971561112504e-03
4.230000000000000000e+02	-2.077092000000000105e-01	-2.099661987005883770e-03	9.134215712275231200e-03
4.240000000000000000e+02	-2.056016999999999983e-01	-2.081662183035742127e-03	9.297352713840084312e-03
4.250000000000000000e+02	-2.034632000000000107e-01	-2.063345112644045416e-03	9.459092459148173149e-03
4.260000000000000000e+02	-2.012941000000000036e-01	-2.044713528618820244e-03	9.619410641079163826e-03
4.270000000000000000e+02	-1.990947999999999884e-01	-2.025770231014895235e-03	9.778283166152921743e-03
4.280000000000000000e+02	-1.968653999999999960e-01	-2.006518066733091812e-03	9.935686158150453667e-03
4.290000000000000000e+02	-1.946064000000000127e-01	-1.986959929092383271e-03	1.009159596170207916e-02
4.300000000000000000e+02	-1.923179999999999890e-01	-1.967098757395068995e-03	1.024598914584251910e-02
4.310000000000000000e+02	-1.900006999999999946e-01	-1.946937536485032977e-03	1.039884250753226463e-02
4.320000000000000000e+02	-1.876548000000000105e-01	-1.926479296299177723e-03	1.055013307514459167e-02
4.330000000000000000e+02	-1.852806999999999926e-01	-1.905727111412061506e-03	1.069983811191788092e-02
4.340000000000000000e+02	-1.828786000000000023e-01	-1.884684100573831350e-03	1.084793511937267620e-02
4.350000000000000000e+02	-1.804489999999999983e-01	-1.863353426241530237e-03	1.099440184069278535e-02
4.360000000000000000e+02	-1.779921999999999893e-01	-1.841738294103821040e-03	1.113921626407020880e-02
4.370000000000000000e+02	-1.755085999999999868e-01	-1.819841952599212612e-03	1.128235662601320861e-02
4.380000000000000000e+02	-1.729986000000000024e-01	-1.797667692427878461e-03	1.142380141461699430e-02
4.390000000000000000e+02	-1.704624999999999890e-01	-1.775218846057105733e-03	1.156352937279666454e-02
4.400000000000000000e+02	-1.679007000000000138e-01	-1.752498787220470571e-03	1.170151950148188257e-02
4.410000000000000000e+02	-1.653137000000000079e-01	-1.729510930410823764e-03	1.183775106277265218e-02
4.420000000000000000e+02	-1.627018000000000075e-01	-1.706258730367140024e-03	1.197220358305596533e-02
4.430000000000000000e+02	-1.600653999999999966e-01	-1.682745681555313086e-03	1.210485685608270710e-02
4.440000000000000000e+02	-1.574048000000000114e-01	-1.658975317643000044e-03	1.223569094600431353e-02
4.450000000000000000e+02	-1.547206000000000137e-01	-1.634951210968557883e-03	1.236468619036884542e-02
4.460000000000000000e+02	-1.520130000000000092e-01	-1.610676972004167814e-03	1.249182320307602040e-02
4.470000000000000000e+02	-1.492825999999999875e-01	-1.586156248813244771e-03	1.261708287729059082e-02
4.480000000000000000e+02	-1.465297000000000127e-01	-1.561392726502180668e-03	1.274044638831384538e-02
4.490000000000000000e+02	-1.437547000000000130e-01	-1.536390126666522214e-03	1.286189519641272802e-02
4.500000000000000000e+02	-1.409581000000000028e-01	-1.511152206831680020e-03	1.298141104960602414e-02
4.510000000000000000e+02	-1.381401999999999908e-01	-1.485682759888221462e-03	1.309897598640739728e-02
4.520000000000000000e+02	-1.353015999999999941e-01	-1.459985613521850743e-03	1.321457233852476286e-02
4.530000000000000000e+02	-1.324424999999999908e-01	-1.434064629638172848e-03	1.332818273351552008e-02
4.540000000000000000e+02	-1.295634999999999981e-01	-1.407923703782300610e-03	1.343979009739741139e-02
4.550000000000000000e+02	-1.266651000000000027e-01	-1.381566764553407000e-03	1.354937765721450464e-02
4.560000000000000000e+02	-1.237474999999999964e-01	-1.354997773014322620e-03	1.365692894355788334e-02
4.570000000000000000e+02	-1.208112999999999965e-01	-1.328220722096243008e-03	1.376242779304077783e-02
4.580000000000000000e+02	-1.178569000000000006e-01	-1.301239635998641380e-03	1.386585835072771250e-02
4.590000000000000000e+02	-1.148847000000000063e-01	-1.274058569584503482e-03	1.396720507251722129e-02
4.600000000000000000e+02	-1.118953000000000031e-01	-1.246681607770934409e-03	1.406645272747792524e-02
4.610000000000000000e+02	-1.088889999999999997e-01	-1.219112864915248857e-03	1.416358640013754000e-02
4.620000000000000000e+02	-1.058662999999999965e-01	-1.191356484196656263e-03	1.425859149272440916e-02
4.630000000000000000e+02	-1.028276000000000051e-01	-1.163416636993594823e-03	1.435145372736135530e-02
4.640000000000000000e+02	-9.977353999999999390e-02	-1.135297522256828451e-03	1.444215914821146002e-02
4.650000000000000000e+02	-9.670436999999999783e-02	-1.107003365878418124e-03	1.453069412357538455e-02
4.660000000000000000e+02	-9.362067000000000305e-02	-1.078538420056625313e-03	1.461704534794002440e-02
4.670000000000000000e+02	-9.052283999999999331e-02	-1.049906962656863485e-03	1.470119984397817020e-02
4.680000000000000000e+02	-8.741140000000000021e-02	-1.021113296568809149e-03	1.478314496449874976e-02
4.690000000000000000e+02	-8.428679000000000032e-02	-9.921617490597346798e-04	1.486286839434755765e-02
4.700000000000000000e+02	-8.114949999999999941e-02	-9.630566711241764178e-04	1.494035815225804205e-02
4.710000000000000000e+02	-7.799995999999999319e-02	-9.338024368300565717e-04	1.501560259265189053e-02
4.720000000000000000e+02	-7.483868000000000464e-02	-9.044034426613189711e-04	1.508859040738920812e-02
4.730000000000000000e+02	-7.166614000000000317e-02	-8.748641068571946875e-04	1.515931062746796870e-02
4.740000000000000000e+02	-6.848281999999999980e-02	-8.451888687482183009e-04	1.522775262467247932e-02
4.750000000000000000e+02	-6.528915999999999886e-02	-8.153821880890548771e-04	1.529390611317065288e-02
4.760000000000000000e+02	-6.208568999999999893e-02	-7.854485443882576771e-04	1.535776115105983754e-02
4.770000000000000000e+02	-5.887285999999999908e-02	-7.553924362350765117e-04	1.541930814186090112e-02
4.780000000000000000e+02	-5.565115999999999813e-02	-7.252183806233786483e-04	1.547853783596047327e-02
4.790000000000000000e+02	-5.242108999999999658e-02	-6.949309122728047862e-04	1.553544133200101748e-02
4.800000000000000000e+02	-4.918311999999999684e-02	-6.645345829472790351e-04	1.559001007821857361e-02
4.810000000000000000e+02	-4.593773999999999774e-02	-6.340339607709396868e-04	1.564223587372795543e-02
4.820000000000000000e+02	-4.268543000000000337e-02	-6.034336295416098221e-04	1.569211086975524569e-02
4.830000000000000000e+02	-3.942671999999999843e-02	-5.727381880419328726e-04	1.573962757081733346e-02
4.840000000000000000e+02	-3.616206000000000281e-02	-5.419522493482361279e-04	1.578477883584837246e-02
4.850000000000000000e+02	-3.289195999999999787e-02	-5.110804401372461133e-04	1.582755787927300067e-02
4.860000000000000000e+02	-2.961688000000000168e-02	-4.801273999907799245e-04	1.586795827202609060e-02
4.870000000000000000e+02	-2.633736999999999884e-02	-4.490977806984774090e-04	1.590597394251895905e-02
4.880000000000000000e+02	-2.305387000000000061e-02	-4.179962455586982268e-04	1.594159917755182468e-02
4.890000000000000000e+02	-1.976692000000000032e-02	-3.868274686777098295e-04	1.597482862317243027e-02
4.900000000000000000e+02	-1.647697999999999871e-02	-3.555961342672308125e-04	1.600565728548065947e-02
4.910000000000000000e+02	-1.318455999999999968e-02	-3.243069359404554086e-04	1.603408053137905104e-02
4.920000000000000000e+02	-9.890160999999999744e-03	-2.929645760066860831e-04	1.606009408926907175e-02
4.930000000000000000e+02	-6.594268000000000352e-03	-2.615737647646377098e-04	1.608369404969309246e-02
4.940000000000000000e+02	-3.297383000000000085e-03	-2.301392197945420503e-04	1.610487686592190770e-02
4.950000000000000000e+02	-1.053000999999999970e-15	-1.986656652491780876e-04	1.612363935448777805e-02
4.960000000000000000e+02	3.297383000000000085e-03	-1.671578311438938610e-04	1.613997869566282523e-02
4.970000000000000000e+02	6.594268000000000352e-03	-1.356204526457474959e-04	1.615389243388283200e-02
4.980000000000000000e+02	9.890160999999999744e-03	-1.040582693618945231e-04	1.616537847811625600e-02
4.990000000000000000e+02	1.318455999999999968e-02	-7.247602462728735336e-05	1.617443510217848879e-02
5.000000000000000000e+02	1.647697999999999871e-02	-4.087846479181441529e-05	1.618106094499126985e-02
5.010000000000000000e+02	1.976692000000000032e-02	-9.270338507006826263e-06	1.618525501078724518e-02
5.020000000000000000e+02	2.305387000000000061e-02	2.234360398762130968e-05	1.618701666925960805e-02
5.030000000000000000e+02	2.633736999999999884e-02	5.395861157847142616e-05	1.618634565565683220e-02
5.040000000000000000e+02	2.961688000000000168e-02	8.556993299186968212e-05	1.618324207082245947e-02
5.050000000000000000e+02	3.289195999999999787e-02	1.171728175081208727e-04	1.617770638117994181e-02
5.060000000000000000e+02	3.616206000000000281e-02	1.487625156754789719e-04	1.616973941866253761e-02
5.070000000000000000e+02	3.942671999999999843e-02	1.803342800239066623e-04	1.615934238058829714e-02
5.080000000000000000e+02	4.268543000000000337e-02	2.118833657785575933e-04	1.614651682948012312e-02
5.090000000000000000e+02	4.593773999999999774e-02	2.434050315728534945e-04	1.613126469283093431e-02
5.100000000000000000e+02	4.918311999999999684e-02	2.748945401610286185e-04	1.611358826281399440e-02
5.110000000000000000e+02	5.242108999999999658e-02	3.063471591300753814e-04	1.609349019593844798e-02
