0.000000000000000000e+00	-1.214118999999997534e-02	-2.514412647495289205e-04	2.032233554329149205e-02
1.000000000000000000e+00	-8.139814999999975612e-03	-2.117228529101502924e-04	2.034880333152182252e-02
2.000000000000000000e+00	-4.131371999999975189e-03	-1.719557641264856133e-04	2.037218010326699580e-02
3.000000000000000000e+00	-1.223171199999751680e-04	-1.321460390843184690e-04	2.039246230755718120e-02
4.000000000000000000e+00	3.886744000000024422e-03	-9.229972494594968413e-05	2.040964686349239221e-02
5.000000000000000000e+00	7.895208000000025067e-03	-5.242287443162367468e-05	2.042373116071049752e-02
6.000000000000000000e+00	1.190247000000002435e-02	-1.252154490011038207e-05	2.043471305978373023e-02
7.000000000000000000e+00	1.590793000000002497e-02	2.739820257141775391e-05	2.044259089254366404e-02
8.000000000000000000e+00	1.991098000000002602e-02	6.733030410807295987e-05	2.044736346233463897e-02
9.000000000000000000e+00	2.391101000000002419e-02	1.072686939583647887e-04	2.044903004419549447e-02
1.000000000000000000e+01	2.790745000000002460e-02	1.472073054155977078e-04	2.044759038496972436e-02
1.100000000000000000e+01	3.189967000000002578e-02	1.871400717394136723e-04	2.044304470334392179e-02
1.200000000000000000e+01	3.588706000000002616e-02	2.270609270773399292e-04	2.043539368981455231e-02
1.300000000000000000e+01	3.986904000000002224e-02	2.669638073862022187e-04	2.042463850658306906e-02
1.400000000000000000e+01	4.384500000000002284e-02	3.068426513532622208e-04	2.041078078737939769e-02
1.500000000000000000e+01	4.781434000000002460e-02	3.466914013169414212e-04	2.039382263721372518e-02
1.600000000000000000e+01	5.177650000000002389e-02	3.865040041869895388e-04	2.037376663205678340e-02
1.700000000000000000e+01	5.573081000000002644e-02	4.262744123639589295e-04	2.035061581844853015e-02
1.800000000000000000e+01	5.967674000000002671e-02	4.659965846578448040e-04	2.032437371303540130e-02
1.900000000000000000e+01	6.361366000000003018e-02	5.056644872057517240e-04	2.029504430203609225e-02
2.000000000000000000e+01	6.754099000000002295e-02	5.452720943884475447e-04	2.026263204063607354e-02
2.100000000000000000e+01	7.145813000000002246e-02	5.848133897456645608e-04	2.022714185231082665e-02
2.200000000000000000e+01	7.536452000000001816e-02	6.242823668900098931e-04	2.018857912807797000e-02
2.300000000000000000e+01	7.925952000000002773e-02	6.636730304193448182e-04	2.014694972567833767e-02
2.400000000000000000e+01	8.314260000000002482e-02	7.029793968274976801e-04	2.010225996868620149e-02
2.500000000000000000e+01	8.701313000000002185e-02	7.421954954131666175e-04	2.005451664554868535e-02
2.600000000000000000e+01	9.087052000000002405e-02	7.813153691868796177e-04	2.000372700855461428e-02
2.700000000000000000e+01	9.471426000000002232e-02	8.203330757758711678e-04	1.994989877273285056e-02
2.800000000000000000e+01	9.854371000000002045e-02	8.592426883267375920e-04	1.989304011468040825e-02
2.900000000000000000e+01	1.023583500000000285e-01	8.980382964057370687e-04	1.983315967132036686e-02
3.000000000000000000e+01	1.061574500000000282e-01	9.367140068965926214e-04	1.977026653858995203e-02
3.100000000000000000e+01	1.099406500000000286e-01	9.752639448956673283e-04	1.970437027005881789e-02
3.200000000000000000e+01	1.137072500000000236e-01	1.013682254604370697e-03	1.963548087547785717e-02
3.300000000000000000e+01	1.174566500000000235e-01	1.051963100218666208e-03	1.956360881925870918e-02
3.400000000000000000e+01	1.211884500000000309e-01	1.090100666815535828e-03	1.948876501888417365e-02
3.500000000000000000e+01	1.249019500000000255e-01	1.128089161236280275e-03	1.941096084324986717e-02
3.600000000000000000e+01	1.285966500000000345e-01	1.165922812966506622e-03	1.933020811093722965e-02
3.700000000000000000e+01	1.322719500000000270e-01	1.203595875012679513e-03	1.924651908841828671e-02
3.800000000000000000e+01	1.359272500000000272e-01	1.241102624775099932e-03	1.915990648819234504e-02
3.900000000000000000e+01	1.395621500000000237e-01	1.278437364917175360e-03	1.907038346685494337e-02
4.000000000000000000e+01	1.431760500000000269e-01	1.315594424230857483e-03	1.897796362309934343e-02
4.100000000000000000e+01	1.467683500000000196e-01	1.352568158498104137e-03	1.888266099565086634e-02
4.200000000000000000e+01	1.503384500000000124e-01	1.389352951348248825e-03	1.878449006113438666e-02
4.300000000000000000e+01	1.538859500000000213e-01	1.425943215111134896e-03	1.868346573187532056e-02
4.400000000000000000e+01	1.574103500000000322e-01	1.462333391665891899e-03	1.857960335363439269e-02
4.500000000000000000e+01	1.609109500000000248e-01	1.498517953285223104e-03	1.847291870327662233e-02
4.600000000000000000e+01	1.643873500000000154e-01	1.534491403475076289e-03	1.836342798637476473e-02
4.700000000000000000e+01	1.678388500000000116e-01	1.570248277809571354e-03	1.825114783474767952e-02
4.800000000000000000e+01	1.712652500000000355e-01	1.605783144761053789e-03	1.813609530393391067e-02
4.900000000000000000e+01	1.746657500000000363e-01	1.641090606525154099e-03	1.801828787060093598e-02
5.000000000000000000e+01	1.780399500000000301e-01	1.676165299840721339e-03	1.789774342989043296e-02
5.100000000000000000e+01	1.813872500000000276e-01	1.711001896804513651e-03	1.777448029269996718e-02
5.200000000000000000e+01	1.847073500000000201e-01	1.745595105680513128e-03	1.764851718290154359e-02
5.300000000000000000e+01	1.879995500000000153e-01	1.779939671703751345e-03	1.751987323449742673e-02
5.400000000000000000e+01	1.912634500000000293e-01	1.814030377878514400e-03	1.738856798871363588e-02
5.500000000000000000e+01	1.944984500000000172e-01	1.847862045770814685e-03	1.725462139103161804e-02
5.600000000000000000e+01	1.977042500000000258e-01	1.881429536295003415e-03	1.711805378815849099e-02
5.700000000000000000e+01	2.008802500000000379e-01	1.914727750494405519e-03	1.697888592493634191e-02
5.800000000000000000e+01	2.040259500000000115e-01	1.947751630315859789e-03	1.683713894119106408e-02
5.900000000000000000e+01	2.071409500000000181e-01	1.980496159378045476e-03	1.669283436852115818e-02
6.000000000000000000e+01	2.102247500000000158e-01	2.012956363733478873e-03	1.654599412702707772e-02
6.100000000000000000e+01	2.132768500000000178e-01	2.045127312624064539e-03	1.639664052198150368e-02
6.200000000000000000e+01	2.162968500000000127e-01	2.077004119230082754e-03	1.624479624044115542e-02
6.300000000000000000e+01	2.192841500000000110e-01	2.108581941412509576e-03	1.609048434780058212e-02
6.400000000000000000e+01	2.222385500000000347e-01	2.139855982448543928e-03	1.593372828428848975e-02
6.500000000000000000e+01	2.251595500000000138e-01	2.170821491760234825e-03	1.577455186140713783e-02
6.600000000000000000e+01	2.280463500000000365e-01	2.201473765636108131e-03	1.561297925831532304e-02
6.700000000000000000e+01	2.308989500000000195e-01	2.231808147945661853e-03	1.544903501815553942e-02
6.800000000000000000e+01	2.337168500000000315e-01	2.261820030846642404e-03	1.528274404432582861e-02
6.900000000000000000e+01	2.364994500000000277e-01	2.291504855484985566e-03	1.511413159669690830e-02
7.000000000000000000e+01	2.392463500000000243e-01	2.320858112687308565e-03	1.494322328777515987e-02
7.100000000000000000e+01	2.419573500000000155e-01	2.349875343645868239e-03	1.477004507881204791e-02
7.200000000000000000e+01	2.446317500000000367e-01	2.378552140595852592e-03	1.459462327586057324e-02
7.300000000000000000e+01	2.472693500000000266e-01	2.406884147484935482e-03	1.441698452577931319e-02
7.400000000000000000e+01	2.498698500000000322e-01	2.434867060634963477e-03	1.423715581218475482e-02
7.500000000000000000e+01	2.524324500000000304e-01	2.462496629395690730e-03	1.405516445135240530e-02
7.600000000000000000e+01	2.549572500000000241e-01	2.489768656790465606e-03	1.387103808806743922e-02
7.700000000000000000e+01	2.574435500000000210e-01	2.516679000153750241e-03	1.368480469142537882e-02
7.800000000000000000e+01	2.598909500000000095e-01	2.543223571760404485e-03	1.349649255058356541e-02
7.900000000000000000e+01	2.622995500000000479e-01	2.569398339446616296e-03	1.330613027046398042e-02
8.000000000000000000e+01	2.646683500000000522e-01	2.595199327222392702e-03	1.311374676740810832e-02
8.100000000000000000e+01	2.669972500000000193e-01	2.620622615875519389e-03	1.291937126478451096e-02
8.200000000000000000e+01	2.692861500000000019e-01	2.645664343566896982e-03	1.272303328854972743e-02
8.300000000000000000e+01	2.715341500000000297e-01	2.670320706417160343e-03	1.252476266276325231e-02
8.400000000000000000e+01	2.737416500000000030e-01	2.694587959084492404e-03	1.232458950505721344e-02
8.500000000000000000e+01	2.759077500000000072e-01	2.718462415333550153e-03	1.212254422206142900e-02
8.600000000000000000e+01	2.780320500000000306e-01	2.741940448595405616e-03	1.191865750478462820e-02
8.700000000000000000e+01	2.801148500000000263e-01	2.765018492518435921e-03	1.171296032395240279e-02
8.800000000000000000e+01	2.821552500000000241e-01	2.787693041510047078e-03	1.150548392530272024e-02
8.900000000000000000e+01	2.841531500000000210e-01	2.809960651269186385e-03	1.129625982483965611e-02
9.000000000000000000e+01	2.861082500000000084e-01	2.831817939309538498e-03	1.108531980404602220e-02
9.100000000000000000e+01	2.880201500000000303e-01	2.853261585473322766e-03	1.087269590505576290e-02
9.200000000000000000e+01	2.898887500000000284e-01	2.874288332435639796e-03	1.065842042578664384e-02
9.300000000000000000e+01	2.917138500000000523e-01	2.894894986199259695e-03	1.044252591503419710e-02
9.400000000000000000e+01	2.934949500000000322e-01	2.915078416579793864e-03	1.022504516752747832e-02
9.500000000000000000e+01	2.952317500000000150e-01	2.934835557681178368e-03	1.000601121894748209e-02
9.600000000000000000e+01	2.969238500000000447e-01	2.954163408361388209e-03	9.785457340909010232e-03
9.700000000000000000e+01	2.985716500000000218e-01	2.973059032688315714e-03	9.563417035906613892e-03
9.800000000000000000e+01	3.001741500000000284e-01	2.991519560385741058e-03	9.339924032225537659e-03
9.900000000000000000e+01	3.017316500000000179e-01	3.009542187269334187e-03	9.115012278818333466e-03
1.000000000000000000e+02	3.032436500000000312e-01	3.027124175672613569e-03	8.888715940147944028e-03
1.010000000000000000e+02	3.047099500000000072e-01	3.044262854862804513e-03	8.661069390998086745e-03
1.020000000000000000e+02	3.061302500000000482e-01	3.060955621446526803e-03	8.432107211251656242e-03
1.030000000000000000e+02	3.075044500000000403e-01	3.077199939765250941e-03	8.201864180637978216e-03
1.040000000000000000e+02	3.088324500000000361e-01	3.092993342280474407e-03	7.970375273449731637e-03
1.050000000000000000e+02	3.101140500000000300e-01	3.108333429948542496e-03	7.737675653230265300e-03
1.060000000000000000e+02	3.113486500000000046e-01	3.123217872585066016e-03	7.503800667432230717e-03
1.070000000000000000e+02	3.125365500000000241e-01	3.137644409218878598e-03	7.268785842048233053e-03
1.080000000000000000e+02	3.136772500000000186e-01	3.151610848435487666e-03	7.032666876214357932e-03
1.090000000000000000e+02	3.147706500000000407e-01	3.165115068709948784e-03	6.795479636787450130e-03
1.100000000000000000e+02	3.158166500000000321e-01	3.178155018729130442e-03	6.557260152896840673e-03
1.110000000000000000e+02	3.168152500000000482e-01	3.190728717703310291e-03	6.318044610471492892e-03
1.120000000000000000e+02	3.177660500000000221e-01	3.202834255667064665e-03	6.077869346743292565e-03
1.130000000000000000e+02	3.186688500000000035e-01	3.214469793769388940e-03	5.836770844727346037e-03
1.140000000000000000e+02	3.195238499999999982e-01	3.225633564553029645e-03	5.594785727680182293e-03
1.150000000000000000e+02	3.203306500000000501e-01	3.236323872222958073e-03	5.351950753536581507e-03
1.160000000000000000e+02	3.210890500000000425e-01	3.246539092903965446e-03	5.108302809326024062e-03
1.170000000000000000e+02	3.217992500000000367e-01	3.256277674887333648e-03	4.863878905569471271e-03
1.180000000000000000e+02	3.224608500000000211e-01	3.265538138866543386e-03	4.618716170657392005e-03
1.190000000000000000e+02	3.230740500000000015e-01	3.274319078161979854e-03	4.372851845209930338e-03
1.200000000000000000e+02	3.236384500000000219e-01	3.282619158934611640e-03	4.126323276419979237e-03
1.210000000000000000e+02	3.241541500000000298e-01	3.290437120388604690e-03	3.879167912380067102e-03
1.220000000000000000e+02	3.246211500000000250e-01	3.297771774962834912e-03	3.631423296393964002e-03
1.230000000000000000e+02	3.250389500000000487e-01	3.304622008511284674e-03	3.383127061273755263e-03
1.240000000000000000e+02	3.254080500000000042e-01	3.310986780472281558e-03	3.134316923623388547e-03
1.250000000000000000e+02	3.257279500000000438e-01	3.316865124026562028e-03	2.885030678109443397e-03
1.260000000000000000e+02	3.259989500000000096e-01	3.322256146244132249e-03	2.635306191720052180e-03
1.270000000000000000e+02	3.262207500000000038e-01	3.327159028219905251e-03	2.385181398012867129e-03
1.280000000000000000e+02	3.263934500000000294e-01	3.331573025198097081e-03	2.134694291352860589e-03
1.290000000000000000e+02	3.265169500000000280e-01	3.335497466685350722e-03	1.883882921140946640e-03
1.300000000000000000e+02	3.265912499999999996e-01	3.338931756552590384e-03	1.632785386034204264e-03
1.310000000000000000e+02	3.266163499999999997e-01	3.341875373125572334e-03	1.381439828158612798e-03
1.320000000000000000e+02	3.265923500000000312e-01	3.344327869264127930e-03	1.129884427315234899e-03
1.330000000000000000e+02	3.265189500000000300e-01	3.346288872430084986e-03	8.781573951806039132e-04
1.340000000000000000e+02	3.263965500000000075e-01	3.347758084743857054e-03	6.262969695023406407e-04
1.350000000000000000e+02	3.262250500000000164e-01	3.348735283029693685e-03	3.743414082907637599e-04
1.360000000000000000e+02	3.260041500000000481e-01	3.349220318849576057e-03	1.223289840074207101e-04
1.370000000000000000e+02	3.257342500000000030e-01	3.349213118525772720e-03	-1.297020222485291223e-04
1.380000000000000000e+02	3.254154500000000505e-01	3.348713683152022488e-03	-3.817133265553125177e-04
1.390000000000000000e+02	3.250474500000000155e-01	3.347722088593376583e-03	-6.336666479839008718e-04
1.400000000000000000e+02	3.246305500000000177e-01	3.346238485474667922e-03	-8.855237144129596023e-04
1.410000000000000000e+02	3.241646499999999986e-01	3.344263099157636192e-03	-1.137246268342459541e-03
1.420000000000000000e+02	3.236501500000000253e-01	3.341796229706691344e-03	-1.388796072705026545e-03
1.430000000000000000e+02	3.230865500000000279e-01	3.338838251843333736e-03	-1.640134916674227750e-03
1.440000000000000000e+02	3.224745500000000265e-01	3.335389614889236985e-03	-1.891224621468872401e-03
1.450000000000000000e+02	3.218140500000000181e-01	3.331450842697990938e-03	-2.142027046152399517e-03
1.460000000000000000e+02	3.211047500000000499e-01	3.327022533575528171e-03	-2.392504093426585637e-03
1.470000000000000000e+02	3.203473500000000307e-01	3.322105360189242691e-03	-2.642617715418552407e-03
1.480000000000000000e+02	3.195417500000000133e-01	3.316700069465808656e-03	-2.892329919460316819e-03
1.490000000000000000e+02	3.186877500000000474e-01	3.310807482477722517e-03	-3.141602773859951230e-03
1.500000000000000000e+02	3.177858500000000364e-01	3.304428494318577270e-03	-3.390398413663440070e-03
1.510000000000000000e+02	3.168361500000000386e-01	3.297564073967102632e-03	-3.638679046406462572e-03
1.520000000000000000e+02	3.158386499999999986e-01	3.290215264139966823e-03	-3.886406957855097558e-03
1.530000000000000000e+02	3.147935500000000331e-01	3.282383181133396305e-03	-4.133544517734693072e-03
1.540000000000000000e+02	3.137012500000000426e-01	3.274069014653599625e-03	-4.380054185445978431e-03
1.550000000000000000e+02	3.125614500000000184e-01	3.265274027636054337e-03	-4.625898515767511848e-03
1.560000000000000000e+02	3.113746500000000306e-01	3.255999556053663924e-03	-4.871040164543706009e-03
1.570000000000000000e+02	3.101409500000000263e-01	3.246247008713819444e-03	-5.115441894357435418e-03
1.580000000000000000e+02	3.088605500000000115e-01	3.236017867044402307e-03	-5.359066580186473520e-03
1.590000000000000000e+02	3.075334500000000415e-01	3.225313684868751606e-03	-5.601877215042862755e-03
1.600000000000000000e+02	3.061603500000000255e-01	3.214136088169634170e-03	-5.843836915594298985e-03
1.610000000000000000e+02	3.047409500000000104e-01	3.202486774842258979e-03	-6.084908927766794796e-03
1.620000000000000000e+02	3.032755500000000048e-01	3.190367514436360206e-03	-6.325056632327690116e-03
1.630000000000000000e+02	3.017646500000000231e-01	3.177780147887401818e-03	-6.564243550448145385e-03
1.640000000000000000e+02	3.002080500000000041e-01	3.164726587236935812e-03	-6.802433349244359218e-03
1.650000000000000000e+02	2.986063500000000204e-01	3.151208815342160935e-03	-7.039589847296586801e-03
1.660000000000000000e+02	2.969598500000000252e-01	3.137228885574720912e-03	-7.275677020145162807e-03
1.670000000000000000e+02	2.952685500000000185e-01	3.122788921508799428e-03	-7.510659005762640623e-03
1.680000000000000000e+02	2.935326500000000061e-01	3.107891116598536160e-03	-7.744500110001348823e-03
1.690000000000000000e+02	2.917524500000000520e-01	3.092537733844849708e-03	-7.977164812015352657e-03
1.700000000000000000e+02	2.899285500000000071e-01	3.076731105451672652e-03	-8.208617769656144023e-03
1.710000000000000000e+02	2.880608500000000349e-01	3.060473632471693260e-03	-8.438823824841143115e-03
1.720000000000000000e+02	2.861497500000000360e-01	3.043767784441630750e-03	-8.667748008894311795e-03
1.730000000000000000e+02	2.841955500000000190e-01	3.026616099007103933e-03	-8.895355547857950601e-03
1.740000000000000000e+02	2.821985500000000480e-01	3.009021181537164386e-03	-9.121611867774841523e-03
1.750000000000000000e+02	2.801590500000000206e-01	2.990985704728534901e-03	-9.346482599940203126e-03
1.760000000000000000e+02	2.780773500000000009e-01	2.972512408199620010e-03	-9.569933586122274932e-03
1.770000000000000000e+02	2.759537499999999977e-01	2.953604098074356227e-03	-9.791930883751041870e-03
1.780000000000000000e+02	2.737885500000000194e-01	2.934263646555955798e-03	-1.001244077107414643e-02
1.790000000000000000e+02	2.715820500000000193e-01	2.914493991490614208e-03	-1.023142975227930851e-02
1.800000000000000000e+02	2.693348500000000145e-01	2.894298135921251694e-03	-1.044886456258232836e-02
1.810000000000000000e+02	2.670468500000000023e-01	2.873679147631335619e-03	-1.066471217328014698e-02
1.820000000000000000e+02	2.647186499999999998e-01	2.852640158678890377e-03	-1.087893979676790926e-02
1.830000000000000000e+02	2.623507500000000214e-01	2.831184364920721723e-03	-1.109151489151946092e-02
1.840000000000000000e+02	2.599432500000000146e-01	2.809315025526972626e-03	-1.130240516703046559e-02
1.850000000000000000e+02	2.574965500000000462e-01	2.787035462486040123e-03	-1.151157858872338749e-02
1.860000000000000000e+02	2.550109500000000140e-01	2.764349060099964214e-03	-1.171900338281359893e-02
1.870000000000000000e+02	2.524872500000000519e-01	2.741259264470349497e-03	-1.192464804113582515e-02
1.880000000000000000e+02	2.499253500000000461e-01	2.717769582974889804e-03	-1.212848132593036601e-02
1.890000000000000000e+02	2.473256500000000357e-01	2.693883583734597333e-03	-1.233047227458810083e-02
1.900000000000000000e+02	2.446887500000000382e-01	2.669604895071796095e-03	-1.253059020435379201e-02
1.910000000000000000e+02	2.420150500000000371e-01	2.644937204958977724e-03	-1.272880471698682042e-02
1.920000000000000000e+02	2.393049500000000163e-01	2.619884260458587265e-03	-1.292508570337874869e-02
1.930000000000000000e+02	2.365587500000000121e-01	2.594449867153841328e-03	-1.311940334812694217e-02
1.940000000000000000e+02	2.337769500000000111e-01	2.568637888570657508e-03	-1.331172813406353815e-02
1.950000000000000000e+02	2.309598500000000221e-01	2.542452245590767941e-03	-1.350203084673921687e-02
1.960000000000000000e+02	2.281080500000000344e-01	2.515896915856141898e-03	-1.369028257886088611e-02
1.970000000000000000e+02	2.252217500000000261e-01	2.488975933164768589e-03	-1.387645473468274680e-02
1.980000000000000000e+02	2.223016500000000173e-01	2.461693386857920739e-03	-1.406051903435004240e-02
1.990000000000000000e+02	2.193480500000000166e-01	2.434053421198970925e-03	-1.424244751819482221e-02
2.000000000000000000e+02	2.163613500000000356e-01	2.406060234743884717e-03	-1.442221255098300944e-02
2.010000000000000000e+02	2.133420500000000330e-01	2.377718079703433976e-03	-1.459978682611231919e-02
2.020000000000000000e+02	2.102906500000000234e-01	2.349031261297294254e-03	-1.477514336976012629e-02
2.030000000000000000e+02	2.072075500000000181e-01	2.320004137100068788e-03	-1.494825554498083880e-02
2.040000000000000000e+02	2.040932500000000316e-01	2.290641116379366592e-03	-1.511909705575209366e-02
2.050000000000000000e+02	2.009481500000000198e-01	2.260946659426027461e-03	-1.528764195096917779e-02
2.060000000000000000e+02	1.977728500000000278e-01	2.230925276876593623e-03	-1.545386462838703803e-02
2.070000000000000000e+02	1.945676500000000364e-01	2.200581529028147743e-03	-1.561773983850926750e-02
2.080000000000000000e+02	1.913332500000000380e-01	2.169920025145581459e-03	-1.577924268842361907e-02
2.090000000000000000e+02	1.880699500000000135e-01	2.138945422761448847e-03	-1.593834864558321684e-02
2.100000000000000000e+02	1.847783500000000356e-01	2.107662426968478532e-03	-1.609503354153312554e-02
2.110000000000000000e+02	1.814588500000000326e-01	2.076075789704862409e-03	-1.624927357558154928e-02
2.120000000000000000e+02	1.781121500000000246e-01	2.044190309032424633e-03	-1.640104531841523119e-02
2.130000000000000000e+02	1.747385500000000202e-01	2.012010828407799663e-03	-1.655032571565835317e-02
2.140000000000000000e+02	1.713385500000000339e-01	1.979542235946687469e-03	-1.669709209137458863e-02
2.150000000000000000e+02	1.679127500000000273e-01	1.946789463681351546e-03	-1.684132215151158685e-02
2.160000000000000000e+02	1.644617500000000176e-01	1.913757486811431098e-03	-1.698299398728747578e-02
2.170000000000000000e+02	1.609858500000000137e-01	1.880451322948202466e-03	-1.712208607851884584e-02
2.180000000000000000e+02	1.574857500000000354e-01	1.846876031352393237e-03	-1.725857729688969749e-02
2.190000000000000000e+02	1.539619500000000141e-01	1.813036712165672212e-03	-1.739244690916088784e-02
2.200000000000000000e+02	1.504149500000000195e-01	1.778938505635936423e-03	-1.752367458031948294e-02
2.210000000000000000e+02	1.468452500000000382e-01	1.744586591336487599e-03	-1.765224037666776602e-02
2.220000000000000000e+02	1.432534500000000321e-01	1.709986187379254619e-03	-1.777812476885113138e-02
2.230000000000000000e+02	1.396400500000000156e-01	1.675142549622150650e-03	-1.790130863482465584e-02
2.240000000000000000e+02	1.360056500000000335e-01	1.640060970870701584e-03	-1.802177326275776134e-02
2.250000000000000000e+02	1.323506500000000141e-01	1.604746780074055908e-03	-1.813950035387658019e-02
2.260000000000000000e+02	1.286757500000000332e-01	1.569205341515520239e-03	-1.825447202524353718e-02
2.270000000000000000e+02	1.249815500000000246e-01	1.533442053997699853e-03	-1.836667081247383981e-02
2.280000000000000000e+02	1.212684500000000276e-01	1.497462350022421822e-03	-1.847607967238832846e-02
2.290000000000000000e+02	1.175370500000000179e-01	1.461271694965527281e-03	-1.858268198560235687e-02
2.300000000000000000e+02	1.137879500000000266e-01	1.424875586246670493e-03	-1.868646155905031442e-02
2.310000000000000000e+02	1.100217500000000292e-01	1.388279552494254198e-03	-1.878740262844536685e-02
2.320000000000000000e+02	1.062388500000000235e-01	1.351489152705617021e-03	-1.888548986067409979e-02
2.330000000000000000e+02	1.024400500000000186e-01	1.314509975402623852e-03	-1.898070835612560708e-02
2.340000000000000000e+02	9.862583000000002542e-02	1.277347637782745311e-03	-1.907304365095480528e-02
2.350000000000000000e+02	9.479670000000002539e-02	1.240007784865805596e-03	-1.916248171927949218e-02
2.360000000000000000e+02	9.095327000000003048e-02	1.202496088636492841e-03	-1.924900897531090643e-02
2.370000000000000000e+02	8.709614000000003020e-02	1.164818247182775523e-03	-1.933261227541743441e-02
2.380000000000000000e+02	8.322588000000002983e-02	1.126979983830350262e-03	-1.941327892012114850e-02
2.390000000000000000e+02	7.934308000000002414e-02	1.088987046273270400e-03	-1.949099665602686132e-02
2.400000000000000000e+02	7.544833000000002177e-02	1.050845205700845584e-03	-1.956575367768346660e-02
2.410000000000000000e+02	7.154219000000001938e-02	1.012560255920999693e-03	-1.963753862937719225e-02
2.420000000000000000e+02	6.762525000000002562e-02	9.741380124801794771e-04	-1.970634060685654693e-02
2.430000000000000000e+02	6.369814000000002807e-02	9.355843117799622459e-04	-1.977214915898869649e-02
2.440000000000000000e+02	5.976142000000002341e-02	8.969050101904988683e-04	-1.983495428934701002e-02
2.450000000000000000e+02	5.581568000000002722e-02	8.581059831609172189e-04	-1.989474645772954312e-02
2.460000000000000000e+02	5.186152000000002205e-02	8.191931243268438115e-04	-1.995151658160817729e-02
2.470000000000000000e+02	4.789954000000002515e-02	7.801723446151337220e-04	-2.000525603750831147e-02
2.480000000000000000e+02	4.393036000000002245e-02	7.410495713460027618e-04	-2.005595666231876559e-02
2.490000000000000000e+02	3.995453000000002280e-02	7.018307473326547115e-04	-2.010361075453176091e-02
2.500000000000000000e+02	3.597266000000002434e-02	6.625218299785584370e-04	-2.014821107541280021e-02
2.510000000000000000e+02	3.198539000000002325e-02	6.231287903725083550e-04	-2.018975085010024997e-02
2.520000000000000000e+02	2.799326000000002326e-02	5.836576123816037721e-04	-2.022822376863443392e-02
2.530000000000000000e+02	2.399693000000002394e-02	5.441142917423009463e-04	-2.026362398691614400e-02
2.540000000000000000e+02	1.999695000000002373e-02	5.045048351496334970e-04	-2.029594612759436784e-02
2.550000000000000000e+02	1.599396000000002580e-02	4.648352593447977843e-04	-2.032518528088310752e-02
2.560000000000000000e+02	1.198854000000002494e-02	4.251115902011963900e-04	-2.035133700530718584e-02
2.570000000000000000e+02	7.981315000000025264e-03	3.853398618090984819e-04	-2.037439732837692183e-02
2.580000000000000000e+02	3.972872000000024842e-03	3.455261155590489005e-04	-2.039436274719154743e-02
2.590000000000000000e+02	-3.618287999997517253e-05	3.056763992241823638e-04	-2.041123022897131309e-02
2.600000000000000000e+02	-4.045243999999974770e-03	2.657967660415395559e-04	-2.042499721151816786e-02
2.610000000000000000e+02	-8.053707999999975414e-03	2.258932737925822614e-04	-2.043566160360496542e-02
2.620000000000000000e+02	-1.206096999999997470e-02	1.859719838830033341e-04	-2.044322178529310932e-02
2.630000000000000000e+02	-1.606642999999997531e-02	1.460389604219893337e-04	-2.044767660817865124e-02
2.640000000000000000e+02	-2.006947999999997637e-02	1.061002693010725212e-04	-2.044902539556671048e-02
2.650000000000000000e+02	-2.406950999999997454e-02	6.616197727270909279e-05	-2.044726794257427718e-02
2.660000000000000000e+02	-2.806594999999997495e-02	2.623015102874102491e-05	-2.044240451616133672e-02
2.670000000000000000e+02	-3.205816999999997613e-02	-1.368914372116154235e-05	-2.043443585509030491e-02
2.680000000000000000e+02	-3.604555999999997651e-02	-5.358984317087997691e-05	-2.042336316981382960e-02
2.690000000000000000e+02	-4.002753999999997259e-02	-9.346588633895222520e-05	-2.040918814229089953e-02
2.700000000000000000e+02	-4.400349999999997319e-02	-1.333112159892456926e-04	-2.039191292573136124e-02
2.710000000000000000e+02	-4.797283999999997495e-02	-1.731197795510640617e-04	-2.037154014426884735e-02
2.720000000000000000e+02	-5.193499999999997424e-02	-2.128855300385315715e-04	-2.034807289256216137e-02
2.730000000000000000e+02	-5.588930999999997679e-02	-2.526024269691569618e-04	-2.032151473532519195e-02
2.740000000000000000e+02	-5.983523999999997706e-02	-2.922644372813810055e-04	-2.029186970678543284e-02
2.750000000000000000e+02	-6.377215999999998053e-02	-3.318655362510118927e-04	-2.025914231007117094e-02
2.760000000000000000e+02	-6.769948999999997330e-02	-3.713997084063900937e-04	-2.022333751652746064e-02
2.770000000000000000e+02	-7.161662999999997281e-02	-4.108609484421485826e-04	-2.018446076496096045e-02
2.780000000000000000e+02	-7.552301999999996851e-02	-4.502432621314312721e-04	-2.014251796081377444e-02
2.790000000000000000e+02	-7.941801999999997808e-02	-4.895406672364146713e-04	-2.009751547526640592e-02
2.800000000000000000e+02	-8.330109999999997517e-02	-5.287471944170367075e-04	-2.004946014426996909e-02
2.810000000000000000e+02	-8.717162999999997219e-02	-5.678568881377373369e-04	-1.999835926750778009e-02
2.820000000000000000e+02	-9.102901999999997440e-02	-6.068638075721178140e-04	-1.994422060728654605e-02
2.830000000000000000e+02	-9.487275999999997267e-02	-6.457620275053609733e-04	-1.988705238735723885e-02
2.840000000000000000e+02	-9.870220999999997080e-02	-6.845456392342845909e-04	-1.982686329166589989e-02
2.850000000000000000e+02	-1.025168499999999788e-01	-7.232087514648715895e-04	-1.976366246303454949e-02
2.860000000000000000e+02	-1.063159499999999785e-01	-7.617454912071842813e-04	-1.969745950177234986e-02
2.870000000000000000e+02	-1.100991499999999790e-01	-8.001500046674691171e-04	-1.962826446421732027e-02
2.880000000000000000e+02	-1.138657499999999739e-01	-8.384164581373613036e-04	-1.955608786120877074e-02
2.890000000000000000e+02	-1.176151499999999739e-01	-8.765390388800343557e-04	-1.948094065649065912e-02
2.900000000000000000e+02	-1.213469499999999812e-01	-9.145119560131638285e-04	-1.940283426504620448e-02
2.910000000000000000e+02	-1.250604499999999897e-01	-9.523294413885750181e-04	-1.932178055136393041e-02
2.920000000000000000e+02	-1.287551499999999849e-01	-9.899857504684233828e-04	-1.923779182763542955e-02
2.930000000000000000e+02	-1.324304499999999774e-01	-1.027475163197814987e-03	-1.915088085188510619e-02
2.940000000000000000e+02	-1.360857499999999776e-01	-1.064791984873681785e-03	-1.906106082603222646e-02
2.950000000000000000e+02	-1.397206499999999740e-01	-1.101930547009818831e-03	-1.896834539388552940e-02
2.960000000000000000e+02	-1.433345499999999773e-01	-1.138885208197935959e-03	-1.887274863907069736e-02
2.970000000000000000e+02	-1.469268499999999700e-01	-1.175650354964598819e-03	-1.877428508289102557e-02
2.980000000000000000e+02	-1.504969499999999627e-01	-1.212220402623924833e-03	-1.867296968212163108e-02
2.990000000000000000e+02	-1.540444499999999717e-01	-1.248589796125897881e-03	-1.856881782673749925e-02
3.000000000000000000e+02	-1.575688499999999825e-01	-1.284753010900203506e-03	-1.846184533757568719e-02
3.010000000000000000e+02	-1.610694499999999751e-01	-1.320704553695410503e-03	-1.835206846393213839e-02
3.020000000000000000e+02	-1.645458499999999658e-01	-1.356438963413407169e-03	-1.823950388109338641e-02
3.030000000000000000e+02	-1.679973499999999620e-01	-1.391950811938951491e-03	-1.812416868780354282e-02
3.040000000000000000e+02	-1.714237499999999859e-01	-1.427234704964212538e-03	-1.800608040366696860e-02
3.050000000000000000e+02	-1.748242499999999866e-01	-1.462285282808164924e-03	-1.788525696648705227e-02
3.060000000000000000e+02	-1.781984499999999805e-01	-1.497097221230748315e-03	-1.776171672954137901e-02
3.070000000000000000e+02	-1.815457499999999780e-01	-1.531665232241617844e-03	-1.763547845879384970e-02
3.080000000000000000e+02	-1.848658499999999705e-01	-1.565984064903401529e-03	-1.750656133004412432e-02
3.090000000000000000e+02	-1.881580499999999656e-01	-1.600048506129325265e-03	-1.737498492601477484e-02
3.100000000000000000e+02	-1.914219499999999796e-01	-1.633853381475090663e-03	-1.724076923337662312e-02
3.110000000000000000e+02	-1.946569499999999675e-01	-1.667393555924882604e-03	-1.710393463971273884e-02
3.120000000000000000e+02	-1.978627499999999761e-01	-1.700663934671377232e-03	-1.696450193042157301e-02
3.130000000000000000e+02	-2.010387499999999883e-01	-1.733659463889667372e-03	-1.682249228555954962e-02
3.140000000000000000e+02	-2.041844499999999618e-01	-1.766375131504934479e-03	-1.667792727662383012e-02
3.150000000000000000e+02	-2.072994499999999685e-01	-1.798805967953795567e-03	-1.653082886327555956e-02
3.160000000000000000e+02	-2.103832499999999661e-01	-1.830947046939188517e-03	-1.638121939000414598e-02
3.170000000000000000e+02	-2.134353499999999682e-01	-1.862793486178683641e-03	-1.622912158273310396e-02
3.180000000000000000e+02	-2.164553499999999631e-01	-1.894340448146105077e-03	-1.607455854536796874e-02
3.190000000000000000e+02	-2.194426499999999614e-01	-1.925583140806370495e-03	-1.591755375628673558e-02
3.200000000000000000e+02	-2.223970499999999850e-01	-1.956516818343400146e-03	-1.575813106477347986e-02
3.210000000000000000e+02	-2.253180499999999642e-01	-1.987136781881015252e-03	-1.559631468739561093e-02
3.220000000000000000e+02	-2.282048499999999869e-01	-2.017438380196709923e-03	-1.543212920432533546e-02
3.230000000000000000e+02	-2.310574499999999698e-01	-2.047417010428172375e-03	-1.526559955560588371e-02
3.240000000000000000e+02	-2.338753499999999819e-01	-2.077068118772473250e-03	-1.509675103736306603e-02
3.250000000000000000e+02	-2.366579499999999781e-01	-2.106387201177789201e-03	-1.492560929796280314e-02
3.260000000000000000e+02	-2.394048499999999746e-01	-2.135369804027583036e-03	-1.475220033411502388e-02
3.270000000000000000e+02	-2.421158499999999658e-01	-2.164011524817112050e-03	-1.457655048692476328e-02
3.280000000000000000e+02	-2.447902499999999870e-01	-2.192308012822174329e-03	-1.439868643789089797e-02
3.290000000000000000e+02	-2.474278499999999770e-01	-2.220254969759993292e-03	-1.421863520485318853e-02
3.300000000000000000e+02	-2.500283500000000103e-01	-2.247848150442132049e-03	-1.403642413788821694e-02
3.310000000000000000e+02	-2.525909499999999808e-01	-2.275083363419344758e-03	-1.385208091515487128e-02
3.320000000000000000e+02	-2.551157499999999745e-01	-2.301956471618268711e-03	-1.366563353868996931e-02
3.330000000000000000e+02	-2.576020499999999713e-01	-2.328463392969840062e-03	-1.347711033015476165e-02
3.340000000000000000e+02	-2.600494499999999598e-01	-2.354600101029384607e-03	-1.328653992653274461e-02
3.350000000000000000e+02	-2.624580499999999983e-01	-2.380362625588229239e-03	-1.309395127577970587e-02
3.360000000000000000e+02	-2.648268500000000025e-01	-2.405747053276784640e-03	-1.289937363242647100e-02
3.370000000000000000e+02	-2.671557499999999696e-01	-2.430749528158995983e-03	-1.270283655313509188e-02
3.380000000000000000e+02	-2.694446499999999523e-01	-2.455366252318063637e-03	-1.250436989220914293e-02
3.390000000000000000e+02	-2.716926499999999800e-01	-2.479593486433354088e-03	-1.230400379705878962e-02
3.400000000000000000e+02	-2.739001499999999534e-01	-2.503427550348404779e-03	-1.210176870362140132e-02
3.410000000000000000e+02	-2.760662499999999575e-01	-2.526864823629951760e-03	-1.189769533173819921e-02
3.420000000000000000e+02	-2.781905499999999809e-01	-2.549901746117877802e-03	-1.169181468048792472e-02
3.430000000000000000e+02	-2.802733499999999767e-01	-2.572534818466002890e-03	-1.148415802347799684e-02
3.440000000000000000e+02	-2.823137499999999744e-01	-2.594760602673646006e-03	-1.127475690409402397e-02
3.450000000000000000e+02	-2.843116499999999713e-01	-2.616575722607860158e-03	-1.106364313070828248e-02
3.460000000000000000e+02	-2.862667499999999587e-01	-2.637976864516267811e-03	-1.085084877184803141e-02
3.470000000000000000e+02	-2.881786499999999807e-01	-2.658960777530436012e-03	-1.063640615132416950e-02
3.480000000000000000e+02	-2.900472499999999787e-01	-2.679524274159681904e-03	-1.042034784332124958e-02
3.490000000000000000e+02	-2.918723500000000026e-01	-2.699664230775256600e-03	-1.020270666744939499e-02
3.500000000000000000e+02	-2.936534499999999825e-01	-2.719377588084831952e-03	-9.983515683758943660e-03
3.510000000000000000e+02	-2.953902499999999653e-01	-2.738661351597212155e-03	-9.762808187718574615e-03
3.520000000000000000e+02	-2.970823499999999950e-01	-2.757512592077203395e-03	-9.540617705157657460e-03
3.530000000000000000e+02	-2.985850499999999630e-01	-2.775928445990562612e-03	-9.316977987173680198e-03
3.540000000000000000e+02	-3.001869499999999524e-01	-2.793906115938981152e-03	-9.091923005005320829e-03
3.550000000000000000e+02	-3.017437499999999773e-01	-2.811442871085011348e-03	-8.865486944872208799e-03
3.560000000000000000e+02	-3.032549499999999676e-01	-2.828536047566883142e-03	-8.637704202781978230e-03
3.570000000000000000e+02	-3.047205499999999789e-01	-2.845183048903150019e-03	-8.408609379305450812e-03
3.580000000000000000e+02	-3.061401499999999998e-01	-2.861381346387102675e-03	-8.178237274320741129e-03
3.590000000000000000e+02	-3.075137499999999746e-01	-2.877128479470875827e-03	-7.946622881727162177e-03
3.600000000000000000e+02	-3.088410499999999503e-01	-2.892422056139216067e-03	-7.713801384129492268e-03
3.610000000000000000e+02	-3.101218499999999767e-01	-2.907259753272831843e-03	-7.479808147493752571e-03
3.620000000000000000e+02	-3.113560499999999953e-01	-2.921639317001277839e-03	-7.244678715775037386e-03
3.630000000000000000e+02	-3.125432499999999947e-01	-2.935558563045319140e-03	-7.008448805518333047e-03
3.640000000000000000e+02	-3.136833499999999719e-01	-2.949015377048731790e-03	-6.771154300433112998e-03
3.650000000000000000e+02	-3.147764499999999854e-01	-2.962007714899476431e-03	-6.532831245942528724e-03
3.660000000000000000e+02	-3.158220499999999653e-01	-2.974533603040195595e-03	-6.293515843708118521e-03
3.670000000000000000e+02	-3.168199499999999613e-01	-2.986591138768007747e-03	-6.053244446130613514e-03
3.680000000000000000e+02	-3.177703499999999792e-01	-2.998178490523530429e-03	-5.812053550828017931e-03
3.690000000000000000e+02	-3.186726500000000017e-01	-3.009293898169091742e-03	-5.569979795091542160e-03
3.700000000000000000e+02	-3.195271499999999820e-01	-3.019935673256101544e-03	-5.327059950320340090e-03
3.710000000000000000e+02	-3.203336499999999698e-01	-3.030102199281533779e-03	-5.083330916435854774e-03
3.720000000000000000e+02	-3.210917499999999536e-01	-3.039791931933466182e-03	-4.838829716276730857e-03
3.730000000000000000e+02	-3.218014499999999889e-01	-3.049003399325672138e-03	-4.593593489974880963e-03
3.740000000000000000e+02	-3.224628499999999676e-01	-3.057735202221198781e-03	-4.347659489313905612e-03
3.750000000000000000e+02	-3.230758499999999978e-01	-3.065986014244914855e-03	-4.101065072070472946e-03
3.760000000000000000e+02	-3.236397499999999483e-01	-3.073754582084987572e-03	-3.853847696339608893e-03
3.770000000000000000e+02	-3.241552499999999504e-01	-3.081039725683266776e-03	-3.606044914844749958e-03
3.780000000000000000e+02	-3.246220499999999953e-01	-3.087840338414532190e-03	-3.357694369233408648e-03
3.790000000000000000e+02	-3.250396499999999578e-01	-3.094155387254592451e-03	-3.108833784359416475e-03
3.800000000000000000e+02	-3.254084499999999602e-01	-3.099983912937209068e-03	-2.859500962552346918e-03
3.810000000000000000e+02	-3.257284500000000027e-01	-3.105325030099803651e-03	-2.609733777875355206e-03
3.820000000000000000e+02	-3.259991499999999598e-01	-3.110177927417950156e-03	-2.359570170372025585e-03
3.830000000000000000e+02	-3.262207499999999483e-01	-3.114541867728613106e-03	-2.109048140303217914e-03
3.840000000000000000e+02	-3.263934499999999739e-01	-3.118416188142128335e-03	-1.858205742374764670e-03
3.850000000000000000e+02	-3.265169499999999725e-01	-3.121800300142890672e-03	-1.607081079956882699e-03
3.860000000000000000e+02	-3.265912499999999996e-01	-3.124693689678757248e-03	-1.355712299296280270e-03
3.870000000000000000e+02	-3.266163499999999997e-01	-3.127095917239128275e-03	-1.104137583721570906e-03
3.880000000000000000e+02	-3.265921499999999700e-01	-3.129006617921710476e-03	-8.523951478432370424e-04
3.890000000000000000e+02	-3.265189499999999745e-01	-3.130425501487948438e-03	-6.005232317487486059e-04
3.900000000000000000e+02	-3.263965499999999520e-01	-3.131352352407108276e-03	-3.485600951938325632e-04
3.910000000000000000e+02	-3.262250499999999609e-01	-3.131787029889020538e-03	-9.654401179073451552e-05
3.920000000000000000e+02	-3.260043499999999983e-01	-3.131729467905465004e-03	1.554867368055328001e-04
3.930000000000000000e+02	-3.257347499999999618e-01	-3.131179675200202600e-03	4.074938667123440212e-04
3.940000000000000000e+02	-3.254158499999999510e-01	-3.130137735287642255e-03	6.594390976347734752e-04
3.950000000000000000e+02	-3.250481499999999802e-01	-3.128603806440160076e-03	9.112841586804521854e-04
3.960000000000000000e+02	-3.246314499999999881e-01	-3.126578121664056083e-03	1.162990794172979146e-03
3.970000000000000000e+02	-3.241657499999999748e-01	-3.124060988664157171e-03	1.414520769463020917e-03
3.980000000000000000e+02	-3.236514499999999517e-01	-3.121052789797081062e-03	1.665835876736236837e-03
3.990000000000000000e+02	-3.230883499999999686e-01	-3.117553982013151689e-03	1.916897940817032875e-03
4.000000000000000000e+02	-3.224765499999999729e-01	-3.113565096786991178e-03	2.167668824967545864e-03
4.010000000000000000e+02	-3.218162499999999704e-01	-3.109086740036784945e-03	2.418110436680599891e-03
4.020000000000000000e+02	-3.211075499999999638e-01	-3.104119592032241609e-03	2.668184733466042770e-03
4.030000000000000000e+02	-3.203504499999999533e-01	-3.098664407291262454e-03	2.917853728629458184e-03
4.040000000000000000e+02	-3.195451500000000000e-01	-3.092722014465325645e-03	3.167079497042427343e-03
4.050000000000000000e+02	-3.186914499999999872e-01	-3.086293316213614690e-03	3.415824180903345286e-03
4.060000000000000000e+02	-3.177900499999999906e-01	-3.079379289065901568e-03	3.664049995488191398e-03
4.070000000000000000e+02	-3.168408499999999517e-01	-3.071980983274208779e-03	3.911719234890017292e-03
4.080000000000000000e+02	-3.158437499999999787e-01	-3.064099522653279846e-03	4.158794277746554434e-03
4.090000000000000000e+02	-3.147993499999999778e-01	-3.055736104409865171e-03	4.405237592954962256e-03
4.100000000000000000e+02	-3.137073499999999959e-01	-3.046891998960864038e-03	4.651011745372860690e-03
4.110000000000000000e+02	-3.125681499999999891e-01	-3.037568549740350503e-03	4.896079401504809664e-03
4.120000000000000000e+02	-3.113820499999999658e-01	-3.027767172995499655e-03	5.140403335173256323e-03
4.130000000000000000e+02	-3.101488499999999759e-01	-3.017489357571458489e-03	5.383946433173359726e-03
4.140000000000000000e+02	-3.088690499999999783e-01	-3.006736664685190005e-03	5.626671700910473514e-03
4.150000000000000000e+02	-3.075426499999999730e-01	-2.995510727688316562e-03	5.868542268019708019e-03
4.160000000000000000e+02	-3.061702499999999771e-01	-2.983813251819017118e-03	6.109521393966591690e-03
4.170000000000000000e+02	-3.047515499999999822e-01	-2.971646013942993124e-03	6.349572473628044278e-03
4.180000000000000000e+02	-3.032867499999999938e-01	-2.959010862283568098e-03	6.588659042852677318e-03
4.190000000000000000e+02	-3.017767499999999825e-01	-2.945909716140929571e-03	6.826744783999870274e-03
4.200000000000000000e+02	-3.002208499999999836e-01	-2.932344565600588857e-03	7.063793531456401958e-03
4.210000000000000000e+02	-2.986200499999999702e-01	-2.918317471231084669e-03	7.299769277130089065e-03
4.220000000000000000e+02	-2.969741499999999923e-01	-2.903830563770978292e-03	7.534636175919475105e-03
4.230000000000000000e+02	-2.952835499999999502e-01	-2.888886043805191477e-03	7.768358551158753567e-03
4.240000000000000000e+02	-2.935485499999999637e-01	-2.873486181430732166e-03	8.000900900037136859e-03
4.250000000000000000e+02	-2.917695499999999886e-01	-2.857633315911867027e-03	8.232227898991717821e-03
4.260000000000000000e+02	-2.899462499999999610e-01	-2.841329855324778962e-03	8.462304409073279077e-03
4.270000000000000000e+02	-2.880794499999999592e-01	-2.824578276191776378e-03	8.691095481283890589e-03
4.280000000000000000e+02	-2.861692499999999861e-01	-2.807381123105111460e-03	8.918566361885735955e-03
4.290000000000000000e+02	-2.842160499999999979e-01	-2.789741008340443883e-03	9.144682497680262784e-03
4.300000000000000000e+02	-2.822201499999999474e-01	-2.771660611460038427e-03	9.369409541256883481e-03
4.310000000000000000e+02	-2.801815500000000014e-01	-2.753142678905735538e-03	9.592713356210343448e-03
4.320000000000000000e+02	-2.781007499999999522e-01	-2.734190023581753795e-03	9.814560022326185990e-03
4.330000000000000000e+02	-2.759781499999999776e-01	-2.714805524427415379e-03	1.003491584073323145e-02
4.340000000000000000e+02	-2.738141499999999784e-01	-2.694992125979824883e-03	1.025374733902250507e-02
4.350000000000000000e+02	-2.716087499999999544e-01	-2.674752837926589952e-03	1.047102127633174791e-02
4.360000000000000000e+02	-2.693624499999999755e-01	-2.654090734648647046e-03	1.068670464839475628e-02
4.370000000000000000e+02	-2.670758499999999480e-01	-2.633008954753252202e-03	1.090076469255480546e-02
4.380000000000000000e+02	-2.647487499999999772e-01	-2.611510700597232185e-03	1.111316889274129027e-02
4.390000000000000000e+02	-2.623819499999999749e-01	-2.589599237800529856e-03	1.132388498440905014e-02
4.400000000000000000e+02	-2.599756500000000026e-01	-2.567277894750158267e-03	1.153288095943936012e-02
4.410000000000000000e+02	-2.575299499999999520e-01	-2.544550062094607691e-03	1.174012507100201386e-02
4.420000000000000000e+02	-2.550457499999999600e-01	-2.521419192228807095e-03	1.194558583837774038e-02
4.430000000000000000e+02	-2.525231499999999740e-01	-2.497888798769695544e-03	1.214923205174015496e-02
4.440000000000000000e+02	-2.499623499999999721e-01	-2.473962456022497231e-03	1.235103277689661959e-02
4.450000000000000000e+02	-2.473640499999999742e-01	-2.449643798437785118e-03	1.255095735998711277e-02
4.460000000000000000e+02	-2.447284499999999863e-01	-2.424936520059391316e-03	1.274897543214071477e-02
4.470000000000000000e+02	-2.420561499999999699e-01	-2.399844373963284754e-03	1.294505691408861722e-02
4.480000000000000000e+02	-2.393473499999999865e-01	-2.374371171687469917e-03	1.313917202073322521e-02
4.490000000000000000e+02	-2.366024499999999642e-01	-2.348520782653006414e-03	1.333129126567256587e-02
4.500000000000000000e+02	-2.338219499999999729e-01	-2.322297133576238688e-03	1.352138546567933919e-02
4.510000000000000000e+02	-2.310062499999999686e-01	-2.295704207872326097e-03	1.370942574513383562e-02
4.520000000000000000e+02	-2.281558499999999656e-01	-2.268746045050145342e-03	1.389538354041027976e-02
4.530000000000000000e+02	-2.252708499999999670e-01	-2.241426740098691889e-03	1.407923060421563052e-02
4.540000000000000000e+02	-2.223522499999999735e-01	-2.213750442865039351e-03	1.426093900988040578e-02
4.550000000000000000e+02	-2.194000499999999854e-01	-2.185721357423973076e-03	1.444048115560079247e-02
4.560000000000000000e+02	-2.164147499999999613e-01	-2.157343741439382914e-03	1.461782976863140043e-02
4.570000000000000000e+02	-2.133969499999999742e-01	-2.128621905517518419e-03	1.479295790942806131e-02
4.580000000000000000e+02	-2.103470499999999799e-01	-2.099560212552203584e-03	1.496583897573991982e-02
4.590000000000000000e+02	-2.072654499999999622e-01	-2.070163077062097887e-03	1.513644670665044954e-02
4.600000000000000000e+02	-2.041526499999999633e-01	-2.040434964520130255e-03	1.530475518656647903e-02
4.610000000000000000e+02	-2.010090499999999669e-01	-2.010380390675184890e-03	1.547073884915481541e-02
4.620000000000000000e+02	-1.978353499999999654e-01	-1.980003920866151707e-03	1.563437248122582363e-02
4.630000000000000000e+02	-1.946317499999999645e-01	-1.949310169328440914e-03	1.579563122656334542e-02
4.640000000000000000e+02	-1.913988499999999815e-01	-1.918303798493083611e-03	1.595449058970037706e-02
4.650000000000000000e+02	-1.881371499999999752e-01	-1.886989518278484957e-03	1.611092643964001647e-02
4.660000000000000000e+02	-1.848471499999999879e-01	-1.855372085374992113e-03	1.626491501352098079e-02
4.670000000000000000e+02	-1.815293499999999782e-01	-1.823456302522339203e-03	1.641643292022720163e-02
4.680000000000000000e+02	-1.781841499999999856e-01	-1.791247017780106966e-03	1.656545714394100366e-02
4.690000000000000000e+02	-1.748121499999999717e-01	-1.758749123791292527e-03	1.671196504763923854e-02
4.700000000000000000e+02	-1.714138499999999787e-01	-1.725967557039105723e-03	1.685593437653187462e-02
4.710000000000000000e+02	-1.679897499999999655e-01	-1.692907297097121216e-03	1.699734326144253238e-02
4.720000000000000000e+02	-1.645403499999999741e-01	-1.659573365872856875e-03	1.713617022213046945e-02
4.730000000000000000e+02	-1.610662499999999664e-01	-1.625970826844948865e-03	1.727239417055346019e-02
4.740000000000000000e+02	-1.575678499999999815e-01	-1.592104784293996720e-03	1.740599441407108053e-02
4.750000000000000000e+02	-1.540457499999999813e-01	-1.557980382527216542e-03	1.753695065858798183e-02
4.760000000000000000e+02	-1.505004499999999801e-01	-1.523602805097008794e-03	1.766524301163658814e-02
4.770000000000000000e+02	-1.469324499999999645e-01	-1.488977274013578156e-03	1.779085198539876594e-02
4.780000000000000000e+02	-1.433423499999999795e-01	-1.454109048951688059e-03	1.791375849966610548e-02
4.790000000000000000e+02	-1.397307499999999869e-01	-1.419003426451715148e-03	1.803394388473821344e-02
4.800000000000000000e+02	-1.360980499999999704e-01	-1.383665739115095801e-03	1.815138988425864935e-02
4.810000000000000000e+02	-1.324449499999999780e-01	-1.348101354794294191e-03	1.826607865798813429e-02
4.820000000000000000e+02	-1.287718499999999655e-01	-1.312315675777416760e-03	1.837799278451448387e-02
4.830000000000000000e+02	-1.250793499999999780e-01	-1.276314137967593477e-03	1.848711526389896706e-02
4.840000000000000000e+02	-1.213680499999999773e-01	-1.240102210057265507e-03	1.859342952025859128e-02
4.850000000000000000e+02	-1.176384499999999778e-01	-1.203685392697466470e-03	1.869691940428406737e-02
4.860000000000000000e+02	-1.138912499999999717e-01	-1.167069217662274668e-03	1.879756919569285784e-02
4.870000000000000000e+02	-1.101267499999999816e-01	-1.130259247008525607e-03	1.889536360561713813e-02
4.880000000000000000e+02	-1.063458499999999779e-01	-1.093261072230925120e-03	1.899028777892620284e-02
4.890000000000000000e+02	-1.025488499999999692e-01	-1.056080313412694057e-03	1.908232729648297668e-02
4.900000000000000000e+02	-9.873641999999997754e-02	-1.018722618371863814e-03	1.917146817733432138e-02
4.910000000000000000e+02	-9.490913999999997519e-02	-9.811936618033762023e-04	1.925769688083471542e-02
4.920000000000000000e+02	-9.106757999999998132e-02	-9.434991444170703033e-04	1.934100030870317469e-02
4.930000000000000000e+02	-8.721233999999997155e-02	-9.056447920717466699e-04	1.942136580701285184e-02
4.940000000000000000e+02	-8.334396999999997557e-02	-8.676363549053981187e-04	1.949878116811319326e-02
4.950000000000000000e+02	-7.946302999999997618e-02	-8.294796064617524986e-04	1.957323463248432371e-02
4.960000000000000000e+02	-7.557015999999996958e-02	-7.911803428132613367e-04	1.964471489052331196e-02
4.970000000000000000e+02	-7.166590999999997158e-02	-7.527443816806765001e-04	1.971321108426212984e-02
4.980000000000000000e+02	-6.775090999999996977e-02	-7.141775615493126681e-04	1.977871280901699613e-02
4.990000000000000000e+02	-6.382567999999998187e-02	-6.754857407821837243e-04	1.984121011496885537e-02
5.000000000000000000e+02	-5.989086999999997801e-02	-6.366747967301038171e-04	1.990069350867479381e-02
5.010000000000000000e+02	-5.594705999999997209e-02	-5.977506248389088863e-04	1.995715395451008040e-02
5.020000000000000000e+02	-5.199482999999997801e-02	-5.587191377539289794e-04	2.001058287604071464e-02
5.030000000000000000e+02	-4.803475999999997498e-02	-5.195862644218443875e-04	2.006097215732618663e-02
5.040000000000000000e+02	-4.406748999999997307e-02	-4.803579491900807508e-04	2.010831414415230334e-02
5.050000000000000000e+02	-4.009358999999997758e-02	-4.410401509038355079e-04	2.015260164519390093e-02
5.060000000000000000e+02	-3.611366999999997274e-02	-4.016388420009313863e-04	2.019382793310717239e-02
5.070000000000000000e+02	-3.212831999999997412e-02	-3.621600076045902858e-04	2.023198674555161392e-02
5.080000000000000000e+02	-2.813812999999997649e-02	-3.226096446142830273e-04	2.026707228614123626e-02
5.090000000000000000e+02	-2.414372999999997438e-02	-2.829937607947880006e-04	2.029907922532508610e-02
5.100000000000000000e+02	-2.014570999999997641e-02	-2.433183738636134790e-04	2.032800270119678593e-02
5.110000000000000000e+02	-1.614465999999997389e-02	-2.035895105768787414e-04	2.035383832023307180e-02
