0.000000000000000000e+00	-5.496768999999999961e-02	-7.789809773302698538e-04	2.325654326031680041e-02
1.000000000000000000e+00	-4.999698999999999810e-02	-7.334967140312860685e-04	2.331875756263080204e-02
2.000000000000000000e+00	-4.501878000000000130e-02	-6.878943679572388807e-04	2.337745850378082288e-02
3.000000000000000000e+00	-4.003377999999999798e-02	-6.421808098649111436e-04	2.343263723948747768e-02
4.000000000000000000e+00	-3.504275999999999919e-02	-5.963629272670370463e-04	2.348428545615058316e-02
5.000000000000000000e+00	-3.004644999999999885e-02	-5.504476233945848921e-04	2.353239537210174634e-02
6.000000000000000000e+00	-2.504564000000000096e-02	-5.044418161566676436e-04	2.357695973877681206e-02
7.000000000000000000e+00	-2.004103000000000134e-02	-4.583524370982461392e-04	2.361797184180796857e-02
8.000000000000000000e+00	-1.503342000000000046e-02	-4.121864303557741700e-04	2.365542550203538624e-02
9.000000000000000000e+00	-1.002353999999999919e-02	-3.659507516109493461e-04	2.368931507643820197e-02
1.000000000000000000e+01	-5.012146000000000309e-03	-3.196523670427224638e-04	2.371963545898475578e-02
1.100000000000000000e+01	-1.600601000000000033e-15	-2.732982522777262680e-04	2.374638208140187126e-02
1.200000000000000000e+01	5.012146000000000309e-03	-2.268953913392807663e-04	2.376955091386316610e-02
1.300000000000000000e+01	1.002353999999999919e-02	-1.804507755951323302e-04	2.378913846559620876e-02
1.400000000000000000e+01	1.503342000000000046e-02	-1.339714027040884547e-04	2.380514178540844156e-02
1.500000000000000000e+01	2.004103000000000134e-02	-8.746427556170224219e-05	2.381755846213185618e-02
1.600000000000000000e+01	2.504564000000000096e-02	-4.093640124516948462e-05	2.382638662498626214e-02
1.700000000000000000e+01	3.004644999999999885e-02	5.605210042405029910e-06	2.383162494386114466e-02
1.800000000000000000e+01	3.504275999999999919e-02	5.215354602821182194e-05	2.383327262951608072e-02
1.900000000000000000e+01	4.003377999999999798e-02	9.870159342625309945e-05	2.383132943369965090e-02
2.000000000000000000e+01	4.501878000000000130e-02	1.452423389940116162e-04	2.382579564918682266e-02
2.100000000000000000e+01	4.999698999999999810e-02	1.917687705891130113e-04	2.381667210973487450e-02
2.200000000000000000e+01	5.496768999999999961e-02	2.382738782258229026e-04	2.380396018995773605e-02
2.300000000000000000e+01	5.993008999999999836e-02	2.847506551312174597e-04	2.378766180511891412e-02
2.400000000000000000e+01	6.488346000000000391e-02	3.311920988008723869e-04	2.376777941084290760e-02
2.500000000000000000e+01	6.982710000000000305e-02	3.775912120539068068e-04	2.374431600274522561e-02
2.600000000000000000e+01	7.476017999999999553e-02	4.239410040872250234e-04	2.371727511598106103e-02
2.700000000000000000e+01	7.968202000000000618e-02	4.702344915287996340e-04	2.368666082471264020e-02
2.800000000000000000e+01	8.459186999999999956e-02	5.164646994898314074e-04	2.365247774149540835e-02
2.900000000000000000e+01	8.948896000000000628e-02	5.626246626156353875e-04	2.361473101658304735e-02
3.000000000000000000e+01	9.437259000000000619e-02	6.087074261350853329e-04	2.357342633715151653e-02
3.100000000000000000e+01	9.924199000000000215e-02	6.547060469084696379e-04	2.352856992644217562e-02
3.200000000000000000e+01	1.040964999999999946e-01	7.006135944735881896e-04	2.348016854282415633e-02
3.300000000000000000e+01	1.089452000000000059e-01	7.464231520899456372e-04	2.342822947877610737e-02
3.400000000000000000e+01	1.137679999999999941e-01	7.921278177808721002e-04	2.337276055978743800e-02
3.500000000000000000e+01	1.185737999999999931e-01	8.377207053734216959e-04	2.331377014317930971e-02
3.600000000000000000e+01	1.233616000000000018e-01	8.831949455358909179e-04	2.325126711684542824e-02
3.700000000000000000e+01	1.281307999999999891e-01	9.285436868127966209e-04	2.318526089791295847e-02
3.800000000000000000e+01	1.328807999999999934e-01	9.737600966571647492e-04	2.311576143132368019e-02
3.900000000000000000e+01	1.376107000000000025e-01	1.018837362459965555e-03	2.304277918833559646e-02
4.000000000000000000e+01	1.423200000000000021e-01	1.063768692576549588e-03	2.296632516494527890e-02
4.100000000000000000e+01	1.470077999999999940e-01	1.108547317349919655e-03	2.288641088023112696e-02
4.200000000000000000e+01	1.516734000000000138e-01	1.153166490130696185e-03	2.280304837461783612e-02
4.300000000000000000e+01	1.563162999999999914e-01	1.197619488293610868e-03	2.271625020806229689e-02
4.400000000000000000e+01	1.609355000000000091e-01	1.241899614250383281e-03	2.262602945816123354e-02
4.500000000000000000e+01	1.655304999999999971e-01	1.286000196458823852e-03	2.253239971818083928e-02
4.600000000000000000e+01	1.701006999999999936e-01	1.329914590428015256e-03	2.243537509500872704e-02
4.700000000000000000e+01	1.746452000000000004e-01	1.373636179719414608e-03	2.233497020702850111e-02
4.800000000000000000e+01	1.791632999999999976e-01	1.417158376943730745e-03	2.223120018191721697e-02
4.900000000000000000e+01	1.836544999999999983e-01	1.460474624753426093e-03	2.212408065436619747e-02
5.000000000000000000e+01	1.881181000000000103e-01	1.503578396830688091e-03	2.201362776372535121e-02
5.100000000000000000e+01	1.925533000000000106e-01	1.546463198870731606e-03	2.189985815157155513e-02
5.200000000000000000e+01	1.969596000000000124e-01	1.589122569560272313e-03	2.178278895920128869e-02
5.300000000000000000e+01	2.013360999999999901e-01	1.631550081551032478e-03	2.166243782504802609e-02
5.400000000000000000e+01	2.056823000000000123e-01	1.673739342428127996e-03	2.153882288202470241e-02
5.500000000000000000e+01	2.099976000000000065e-01	1.715683995673193815e-03	2.141196275479170796e-02
5.600000000000000000e+01	2.142813000000000079e-01	1.757377721622099169e-03	2.128187655695074065e-02
5.700000000000000000e+01	2.185325999999999935e-01	1.798814238417110198e-03	2.114858388816504356e-02
5.800000000000000000e+01	2.227511000000000074e-01	1.839987302953358540e-03	2.101210483120638170e-02
5.900000000000000000e+01	2.269359999999999988e-01	1.880890711819467598e-03	2.087245994892923673e-02
6.000000000000000000e+01	2.310867000000000060e-01	1.921518302232200518e-03	2.072967028117266367e-02
6.100000000000000000e+01	2.352026000000000117e-01	1.961863952964991095e-03	2.058375734159029538e-02
6.200000000000000000e+01	2.392830999999999986e-01	2.001921585270200615e-03	2.043474311440894239e-02
6.300000000000000000e+01	2.433278000000000107e-01	2.041685163794990272e-03	2.028265005111631533e-02
6.400000000000000000e+01	2.473355000000000137e-01	2.081148697490646082e-03	2.012750106707830028e-02
6.500000000000000000e+01	2.513061999999999796e-01	2.120306240515228147e-03	1.996931953808642191e-02
6.600000000000000000e+01	2.552387999999999879e-01	2.159151893129414822e-03	1.980812929683585175e-02
6.700000000000000000e+01	2.591333000000000109e-01	2.197679802585394970e-03	1.964395462933462774e-02
6.800000000000000000e+01	2.629885000000000139e-01	2.235884164008682118e-03	1.947682027124456039e-02
6.900000000000000000e+01	2.668041999999999914e-01	2.273759221272718661e-03	1.930675140415438751e-02
7.000000000000000000e+01	2.705795999999999757e-01	2.311299267866129183e-03	1.913377365178575706e-02
7.100000000000000000e+01	2.743143000000000109e-01	2.348498647752504925e-03	1.895791307613256538e-02
7.200000000000000000e+01	2.780078999999999745e-01	2.385351756222578012e-03	1.877919617353430298e-02
7.300000000000000000e+01	2.816593000000000013e-01	2.421853040738665766e-03	1.859764987068392508e-02
7.400000000000000000e+01	2.852686999999999862e-01	2.457997001771255411e-03	1.841330152057088845e-02
7.500000000000000000e+01	2.888346999999999998e-01	2.493778193627594307e-03	1.822617889835998276e-02
7.600000000000000000e+01	2.923573999999999895e-01	2.529191225272183364e-03	1.803631019720652526e-02
7.700000000000000000e+01	2.958361999999999936e-01	2.564230761139018374e-03	1.784372402400859203e-02
7.800000000000000000e+01	2.992702999999999891e-01	2.598891521935487326e-03	1.764844939509692054e-02
7.900000000000000000e+01	3.026594000000000229e-01	2.633168285437784053e-03	1.745051573186308380e-02
8.000000000000000000e+01	3.060026000000000135e-01	2.667055887277721554e-03	1.724995285632669947e-02
8.100000000000000000e+01	3.093002000000000251e-01	2.700549221720830503e-03	1.704679098664223930e-02
8.200000000000000000e+01	3.125511000000000261e-01	2.733643242435626706e-03	1.684106073254612590e-02
8.300000000000000000e+01	3.157545999999999964e-01	2.766332963253922191e-03	1.663279309074489759e-02
8.400000000000000000e+01	3.189108999999999972e-01	2.798613458922074963e-03	1.642201944024503091e-02
8.500000000000000000e+01	3.220189999999999997e-01	2.830479865843065108e-03	1.620877153762514608e-02
8.600000000000000000e+01	3.250785999999999953e-01	2.861927382809270181e-03	1.599308151225138294e-02
8.700000000000000000e+01	3.280894999999999784e-01	2.892951271725854867e-03	1.577498186143652323e-02
8.800000000000000000e+01	3.310505999999999727e-01	2.923546858324638318e-03	1.555450544554378388e-02
8.900000000000000000e+01	3.339622999999999897e-01	2.953709532868352850e-03	1.533168548303582082e-02
9.000000000000000000e+01	3.368231999999999893e-01	2.983434750845181688e-03	1.510655554546980021e-02
9.100000000000000000e+01	3.396336999999999828e-01	3.012718033653459526e-03	1.487914955243932122e-02
9.200000000000000000e+01	3.423931000000000058e-01	3.041554969276452636e-03	1.464950176646382003e-02
9.300000000000000000e+01	3.451005999999999796e-01	3.069941212947102736e-03	1.441764678782637282e-02
9.400000000000000000e+01	3.477564000000000211e-01	3.097872487802637905e-03	1.418361954936058107e-02
9.500000000000000000e+01	3.503597999999999990e-01	3.125344585528953834e-03	1.394745531118733901e-02
9.600000000000000000e+01	3.529104000000000130e-01	3.152353366994667828e-03	1.370918965540233320e-02
9.700000000000000000e+01	3.554078999999999988e-01	3.178894762874746698e-03	1.346885848071497499e-02
9.800000000000000000e+01	3.578519000000000005e-01	3.204964774263620048e-03	1.322649799703968544e-02
9.900000000000000000e+01	3.602419000000000038e-01	3.230559473277679668e-03	1.298214472004025413e-02
1.000000000000000000e+02	3.625775999999999999e-01	3.255675003647086514e-03	1.273583546562812550e-02
1.010000000000000000e+02	3.648587999999999831e-01	3.280307581296776007e-03	1.248760734441549912e-02
1.020000000000000000e+02	3.670852000000000004e-01	3.304453494916594850e-03	1.223749775612398456e-02
1.030000000000000000e+02	3.692560999999999760e-01	3.328109106520474401e-03	1.198554438394967316e-02
1.040000000000000000e+02	3.713716000000000239e-01	3.351270851994549941e-03	1.173178518888559618e-02
1.050000000000000000e+02	3.734309000000000101e-01	3.373935241634157343e-03	1.147625840400219761e-02
1.060000000000000000e+02	3.754340999999999928e-01	3.396098860669613875e-03	1.121900252868694020e-02
1.070000000000000000e+02	3.773809000000000191e-01	3.417758369780709432e-03	1.096005632284370070e-02
1.080000000000000000e+02	3.792706000000000133e-01	3.438910505599835753e-03	1.069945880105292908e-02
1.090000000000000000e+02	3.811031999999999753e-01	3.459552081203660402e-03	1.043724922669348604e-02
1.100000000000000000e+02	3.828786000000000134e-01	3.479679986593296054e-03	1.017346710602691322e-02
1.110000000000000000e+02	3.845961999999999992e-01	3.499291189162871425e-03	9.908152182245198031e-03
1.120000000000000000e+02	3.862560999999999911e-01	3.518382734156442690e-03	9.641344429482764933e-03
1.130000000000000000e+02	3.878575000000000217e-01	3.536951745113180341e-03	9.373084046793708074e-03
1.140000000000000000e+02	3.894007999999999914e-01	3.554995424300752549e-03	9.103411452095150000e-03
1.150000000000000000e+02	3.908852999999999911e-01	3.572511053136854294e-03	8.832367276077574686e-03
1.160000000000000000e+02	3.923110000000000208e-01	3.589495992598803337e-03	8.559992356083163598e-03
1.170000000000000000e+02	3.936776000000000164e-01	3.605947683621154882e-03	8.286327729952955301e-03
1.180000000000000000e+02	3.949848000000000248e-01	3.621863647481269894e-03	8.011414629843791393e-03
1.190000000000000000e+02	3.962326999999999932e-01	3.637241486172771137e-03	7.735294476016031477e-03
1.200000000000000000e+02	3.974207000000000156e-01	3.652078882766847476e-03	7.458008870592882852e-03
1.210000000000000000e+02	3.985489999999999866e-01	3.666373601761336622e-03	7.179599591292330253e-03
1.220000000000000000e+02	3.996172000000000057e-01	3.680123489417539036e-03	6.900108585132654418e-03
1.230000000000000000e+02	4.006252000000000146e-01	3.693326474084717911e-03	6.619577962112380837e-03
1.240000000000000000e+02	4.015732000000000190e-01	3.705980566512225797e-03	6.338049988865724661e-03
1.250000000000000000e+02	4.024603999999999959e-01	3.718083860149218843e-03	6.055567082294414753e-03
1.260000000000000000e+02	4.032869000000000037e-01	3.729634531431912266e-03	5.772171803176850101e-03
1.270000000000000000e+02	4.040528999999999926e-01	3.740630840058327151e-03	5.487906849755647652e-03
1.280000000000000000e+02	4.047579000000000038e-01	3.751071129250499979e-03	5.202815051304396886e-03
1.290000000000000000e+02	4.054020999999999875e-01	3.760953826004102395e-03	4.916939361674745219e-03
1.300000000000000000e+02	4.059850999999999877e-01	3.770277441325439564e-03	4.630322852824669475e-03
1.310000000000000000e+02	4.065071000000000101e-01	3.779040570455794151e-03	4.343008708328944742e-03
1.320000000000000000e+02	4.069676999999999878e-01	3.787241893083074292e-03	4.055040216872858420e-03
1.330000000000000000e+02	4.073671999999999849e-01	3.794880173540743449e-03	3.766460765729996024e-03
1.340000000000000000e+02	4.077053999999999956e-01	3.801954260993991360e-03	3.477313834225266229e-03
1.350000000000000000e+02	4.079821000000000142e-01	3.808463089613128329e-03	3.187642987183990449e-03
1.360000000000000000e+02	4.081972999999999852e-01	3.814405678734172044e-03	2.897491868368121202e-03
1.370000000000000000e+02	4.083509000000000166e-01	3.819781133006594845e-03	2.606904193900614047e-03
1.380000000000000000e+02	4.084431000000000034e-01	3.824588642528231868e-03	2.315923745678819586e-03
1.390000000000000000e+02	4.084740000000000038e-01	3.828827482967298891e-03	2.024594364778046097e-03
1.400000000000000000e+02	4.084431000000000034e-01	3.832497015671529859e-03	1.732959944846149299e-03
1.410000000000000000e+02	4.083509000000000166e-01	3.835596687764396360e-03	1.441064425490206583e-03
1.420000000000000000e+02	4.081972999999999852e-01	3.838126032228412945e-03	1.148951785656309160e-03
1.430000000000000000e+02	4.079821000000000142e-01	3.840084667975496215e-03	8.566660370033828478e-04
1.440000000000000000e+02	4.077053999999999956e-01	3.841472299904385469e-03	5.642512172720792231e-04
1.450000000000000000e+02	4.073671999999999849e-01	3.842288718945101929e-03	2.717513836497893265e-04
1.460000000000000000e+02	4.069676999999999878e-01	3.842533802090452189e-03	-2.078939386735139950e-05
1.470000000000000000e+02	4.065071000000000101e-01	3.842207512414556360e-03	-3.133270391143083808e-04
1.480000000000000000e+02	4.059850999999999877e-01	3.841309899078417401e-03	-6.058174763979758950e-04
1.490000000000000000e+02	4.054020999999999875e-01	3.839841097322508213e-03	-8.982166371379341754e-04
1.500000000000000000e+02	4.047579000000000038e-01	3.837801328446401646e-03	-1.190480466506081214e-03
1.510000000000000000e+02	4.040528999999999926e-01	3.835190899775421311e-03	-1.482564930064273010e-03
1.520000000000000000e+02	4.032869000000000037e-01	3.832010204614344408e-03	-1.774426020398811284e-03
1.530000000000000000e+02	4.024603999999999959e-01	3.828259722188137940e-03	-2.066019763750912442e-03
1.540000000000000000e+02	4.015732000000000190e-01	3.823940017569759948e-03	-2.357302226642108214e-03
1.550000000000000000e+02	4.006252000000000146e-01	3.819051741595020158e-03	-2.648229522493519145e-03
1.560000000000000000e+02	3.996172000000000057e-01	3.813595630764519094e-03	-2.938757818238148852e-03
1.570000000000000000e+02	3.985489999999999866e-01	3.807572507132684324e-03	-3.228843340925028997e-03
1.580000000000000000e+02	3.974207000000000156e-01	3.800983278183913804e-03	-3.518442384314362983e-03
1.590000000000000000e+02	3.962326999999999932e-01	3.793828936695846712e-03	-3.807511315462622573e-03
1.600000000000000000e+02	3.949848000000000248e-01	3.786110560589786046e-03	-4.096006581296543145e-03
1.610000000000000000e+02	3.936776000000000164e-01	3.777829312768291644e-03	-4.383884715175144151e-03
1.620000000000000000e+02	3.923110000000000208e-01	3.768986440939969210e-03	-4.671102343438720932e-03
1.630000000000000000e+02	3.908852999999999911e-01	3.759583277431482237e-03	-4.957616191943777471e-03
1.640000000000000000e+02	3.894007999999999914e-01	3.749621238986814570e-03	-5.243383092583021876e-03
1.650000000000000000e+02	3.878575000000000217e-01	3.739101826553814859e-03	-5.528359989789370307e-03
1.660000000000000000e+02	3.862560999999999911e-01	3.728026625058051061e-03	-5.812503947022987054e-03
1.670000000000000000e+02	3.845961999999999992e-01	3.716397303164020987e-03	-6.095772153240352001e-03
1.680000000000000000e+02	3.828786000000000134e-01	3.704215613023731021e-03	-6.378121929344530636e-03
1.690000000000000000e+02	3.811031999999999753e-01	3.691483390012713708e-03	-6.659510734615442691e-03
1.700000000000000000e+02	3.792706000000000133e-01	3.678202552453492449e-03	-6.939896173119364416e-03
1.710000000000000000e+02	3.773809000000000191e-01	3.664375101326556184e-03	-7.219236000096539499e-03
1.720000000000000000e+02	3.754340999999999928e-01	3.650003119968877469e-03	-7.497488128326120632e-03
1.730000000000000000e+02	3.734309000000000101e-01	3.635088773760022929e-03	-7.774610634467283773e-03
1.740000000000000000e+02	3.713716000000000239e-01	3.619634309795903386e-03	-8.050561765375651227e-03
1.750000000000000000e+02	3.692560999999999760e-01	3.603642056550210478e-03	-8.325299944394163112e-03
1.760000000000000000e+02	3.670852000000000004e-01	3.587114423523592253e-03	-8.598783777617266186e-03
1.770000000000000000e+02	3.648587999999999831e-01	3.570053900880624121e-03	-8.870972060127565659e-03
1.780000000000000000e+02	3.625775999999999999e-01	3.552463059074621992e-03	-9.141823782204100413e-03
1.790000000000000000e+02	3.602419000000000038e-01	3.534344548460358754e-03	-9.411298135501107096e-03
1.800000000000000000e+02	3.578519000000000005e-01	3.515701098894749143e-03	-9.679354519196464723e-03
1.810000000000000000e+02	3.554078999999999988e-01	3.496535519325546810e-03	-9.945952546108928136e-03
1.820000000000000000e+02	3.529104000000000130e-01	3.476850697368129035e-03	-1.021105204878310774e-02
1.830000000000000000e+02	3.503597999999999990e-01	3.456649598870431550e-03	-1.047461308554138194e-02
1.840000000000000000e+02	3.477564000000000211e-01	3.435935267466095049e-03	-1.073659594650174832e-02
1.850000000000000000e+02	3.451005999999999796e-01	3.414710824115884964e-03	-1.099696115956082937e-02
1.860000000000000000e+02	3.423931000000000058e-01	3.392979466637471679e-03	-1.125566949634098680e-02
1.870000000000000000e+02	3.396336999999999828e-01	3.370744469223626270e-03	-1.151268197810069276e-02
1.880000000000000000e+02	3.368231999999999893e-01	3.348009181948904608e-03	-1.176795988160739964e-02
1.890000000000000000e+02	3.339622999999999897e-01	3.324777030264903979e-03	-1.202146474497181247e-02
1.900000000000000000e+02	3.310505999999999727e-01	3.301051514484164198e-03	-1.227315837344276905e-02
1.910000000000000000e+02	3.280894999999999784e-01	3.276836209252783488e-03	-1.252300284516201512e-02
1.920000000000000000e+02	3.250785999999999953e-01	3.252134763011839316e-03	-1.277096051687768088e-02
1.930000000000000000e+02	3.220189999999999997e-01	3.226950897447688777e-03	-1.301699402961592304e-02
1.940000000000000000e+02	3.189108999999999972e-01	3.201288406931239190e-03	-1.326106631430963231e-02
1.950000000000000000e+02	3.157545999999999964e-01	3.175151157946254788e-03	-1.350314059738354916e-02
1.960000000000000000e+02	3.125511000000000261e-01	3.148543088506810996e-03	-1.374318040629481270e-02
1.970000000000000000e+02	3.093002000000000251e-01	3.121468207563968689e-03	-1.398114957502811888e-02
1.980000000000000000e+02	3.060026000000000135e-01	3.093930594401751288e-03	-1.421701224954479391e-02
1.990000000000000000e+02	3.026594000000000229e-01	3.065934398022539600e-03	-1.445073289318478393e-02
2.000000000000000000e+02	2.992702999999999891e-01	3.037483836521952946e-03	-1.468227629202080962e-02
2.010000000000000000e+02	2.958361999999999936e-01	3.008583196453320195e-03	-1.491160756016399885e-02
2.020000000000000000e+02	2.923573999999999895e-01	2.979236832181839621e-03	-1.513869214501998781e-02
2.030000000000000000e+02	2.888346999999999998e-01	2.949449165228525561e-03	-1.536349583249484348e-02
2.040000000000000000e+02	2.852686999999999862e-01	2.919224683604025160e-03	-1.558598475215002346e-02
2.050000000000000000e+02	2.816593000000000013e-01	2.888567941132428370e-03	-1.580612538230549355e-02
2.060000000000000000e+02	2.780078999999999745e-01	2.857483556765156620e-03	-1.602388455509035428e-02
2.070000000000000000e+02	2.743143000000000109e-01	2.825976213885044233e-03	-1.623922946144010226e-02
2.080000000000000000e+02	2.705795999999999757e-01	2.794050659600702362e-03	-1.645212765603989644e-02
2.090000000000000000e+02	2.668041999999999914e-01	2.761711704031291192e-03	-1.666254706221298801e-02
2.100000000000000000e+02	2.629885000000000139e-01	2.728964219581797579e-03	-1.687045597675356987e-02
2.110000000000000000e+02	2.591333000000000109e-01	2.695813140208918723e-03	-1.707582307470344868e-02
2.120000000000000000e+02	2.552387999999999879e-01	2.662263460677683716e-03	-1.727861741407164115e-02
2.130000000000000000e+02	2.513061999999999796e-01	2.628320235808910988e-03	-1.747880844049629762e-02
2.140000000000000000e+02	2.473355000000000137e-01	2.593988579717607015e-03	-1.767636599184825921e-02
2.150000000000000000e+02	2.433278000000000107e-01	2.559273665042445956e-03	-1.787126030277546782e-02
2.160000000000000000e+02	2.392830999999999986e-01	2.524180722166425184e-03	-1.806346200918759054e-02
2.170000000000000000e+02	2.352026000000000117e-01	2.488715038428815970e-03	-1.825294215268026543e-02
2.180000000000000000e+02	2.310867000000000060e-01	2.452881957328538996e-03	-1.843967218489813223e-02
2.190000000000000000e+02	2.269359999999999988e-01	2.416686877719078329e-03	-1.862362397183613127e-02
2.200000000000000000e+02	2.227511000000000074e-01	2.380135252995056131e-03	-1.880476979807834195e-02
2.210000000000000000e+02	2.185325999999999935e-01	2.343232590270580458e-03	-1.898308237097381598e-02
2.220000000000000000e+02	2.142813000000000079e-01	2.305984449549510536e-03	-1.915853482474864228e-02
2.230000000000000000e+02	2.099976000000000065e-01	2.268396442887751427e-03	-1.933110072455371600e-02
2.240000000000000000e+02	2.056823000000000123e-01	2.230474233547699060e-03	-1.950075407044762205e-02
2.250000000000000000e+02	2.013360999999999901e-01	2.192223535144975730e-03	-1.966746930131394941e-02
2.260000000000000000e+02	1.969596000000000124e-01	2.153650110787585278e-03	-1.983122129871247794e-02
2.270000000000000000e+02	1.925533000000000106e-01	2.114759772207593352e-03	-1.999198539066372737e-02
2.280000000000000000e+02	1.881181000000000103e-01	2.075558378885499280e-03	-2.014973735536618529e-02
2.290000000000000000e+02	1.836544999999999983e-01	2.036051837167405804e-03	-2.030445342484573507e-02
2.300000000000000000e+02	1.791632999999999976e-01	1.996246099375133254e-03	-2.045611028853667329e-02
2.310000000000000000e+02	1.746452000000000004e-01	1.956147162909394402e-03	-2.060468509679388299e-02
2.320000000000000000e+02	1.701006999999999936e-01	1.915761069346189798e-03	-2.075015546433547908e-02
2.330000000000000000e+02	1.655304999999999971e-01	1.875093903526548486e-03	-2.089249947361552368e-02
2.340000000000000000e+02	1.609355000000000091e-01	1.834151792639735759e-03	-2.103169567812630467e-02
2.350000000000000000e+02	1.563162999999999914e-01	1.792940905300092515e-03	-2.116772310562957740e-02
2.360000000000000000e+02	1.516734000000000138e-01	1.751467450617636562e-03	-2.130056126131639818e-02
2.370000000000000000e+02	1.470077999999999940e-01	1.709737677262546411e-03	-2.143019013089501185e-02
2.380000000000000000e+02	1.423200000000000021e-01	1.667757872523699305e-03	-2.155659018360633547e-02
2.390000000000000000e+02	1.376107000000000025e-01	1.625534361361390123e-03	-2.167974237516658714e-02
2.400000000000000000e+02	1.328807999999999934e-01	1.583073505454361471e-03	-2.179962815063664003e-02
2.410000000000000000e+02	1.281307999999999891e-01	1.540381702241316051e-03	-2.191622944721763333e-02
2.420000000000000000e+02	1.233616000000000018e-01	1.497465383957033176e-03	-2.202952869697242730e-02
2.430000000000000000e+02	1.185737999999999931e-01	1.454331016663249236e-03	-2.213950882947250329e-02
2.440000000000000000e+02	1.137679999999999941e-01	1.410985099274430056e-03	-2.224615327436992376e-02
2.450000000000000000e+02	1.089452000000000059e-01	1.367434162578604930e-03	-2.234944596389392552e-02
2.460000000000000000e+02	1.041060000000000041e-01	1.323684768253397199e-03	-2.244937133527178871e-02
2.470000000000000000e+02	9.925109999999999488e-02	1.279743507877389953e-03	-2.254591433307364876e-02
2.480000000000000000e+02	9.438124000000000513e-02	1.235617001936998791e-03	-2.263906041148083803e-02
2.490000000000000000e+02	8.949717999999999563e-02	1.191311898828988688e-03	-2.272879553647745229e-02
2.500000000000000000e+02	8.459961000000000564e-02	1.146834873858772891e-03	-2.281510618796481552e-02
2.510000000000000000e+02	7.968931999999999405e-02	1.102192628234672503e-03	-2.289797936179851362e-02
2.520000000000000000e+02	7.476704000000000683e-02	1.057391888058264702e-03	-2.297740257174767792e-02
2.530000000000000000e+02	6.983348999999999807e-02	1.012439403310987866e-03	-2.305336385137624414e-02
2.540000000000000000e+02	6.488942000000000321e-02	9.673419468371365071e-04	-2.312585175584590952e-02
2.550000000000000000e+02	5.993558000000000219e-02	9.221063133234213638e-04	-2.319485536364048264e-02
2.560000000000000000e+02	5.497271000000000102e-02	8.767393182752427185e-04	-2.326036427821137620e-02
2.570000000000000000e+02	5.000157000000000213e-02	8.312477969898097790e-04	-2.332236862954404494e-02
2.580000000000000000e+02	4.502290999999999932e-02	7.856386035262937894e-04	-2.338085907564506002e-02
2.590000000000000000e+02	4.003745999999999694e-02	7.399186096731543002e-04	-2.343582680394963244e-02
2.600000000000000000e+02	3.504597999999999741e-02	6.940947039127796534e-04	-2.348726353264938074e-02
2.610000000000000000e+02	3.004920999999999981e-02	6.481737903836259961e-04	-2.353516151194011072e-02
2.620000000000000000e+02	2.504792000000000129e-02	6.021627878399988046e-04	-2.357951352518947510e-02
2.630000000000000000e+02	2.004287000000000082e-02	5.560686286096168905e-04	-2.362031289002425663e-02
2.640000000000000000e+02	1.503478999999999927e-02	5.098982575491468883e-04	-2.365755345933719805e-02
2.650000000000000000e+02	1.002446000000000066e-02	4.636586309978422862e-04	-2.369122962221315368e-02
2.660000000000000000e+02	5.012604000000000365e-03	4.173567157294604739e-04	-2.372133630477447561e-02
2.670000000000000000e+02	-9.450553999999999579e-17	3.709994879025915954e-04	-2.374786897094546823e-02
2.680000000000000000e+02	-5.012604000000000365e-03	3.245939320095885114e-04	-2.377082362313584496e-02
2.690000000000000000e+02	-1.002446000000000066e-02	2.781470398242415253e-04	-2.379019680284301386e-02
2.700000000000000000e+02	-1.503478999999999927e-02	2.316658093483401498e-04	-2.380598559117314689e-02
2.710000000000000000e+02	-2.004287000000000082e-02	1.851572437573120538e-04	-2.381818760928100520e-02
2.720000000000000000e+02	-2.504792000000000129e-02	1.386283503450827666e-04	-2.382680101872829831e-02
2.730000000000000000e+02	-3.004920999999999981e-02	9.208613946829922667e-05	-2.383182452176071942e-02
2.740000000000000000e+02	-3.504597999999999741e-02	4.553762349010906428e-05	-2.383325736150344182e-02
2.750000000000000000e+02	-4.003745999999999694e-02	-1.010184276372737917e-06	-2.383109932207517351e-02
2.760000000000000000e+02	-4.502290999999999932e-02	-4.755027062473009454e-05	-2.382535072862068323e-02
2.770000000000000000e+02	-5.000157000000000213e-02	-9.407562351191283258e-05	-2.381601244726179803e-02
2.780000000000000000e+02	-5.497271000000000102e-02	-1.405792331147133749e-04	-2.380308588496691732e-02
2.790000000000000000e+02	-5.993558000000000219e-02	-1.870540928859087916e-04	-2.378657298933903666e-02
2.800000000000000000e+02	-6.488942000000000321e-02	-2.334932006099247042e-04	-2.376647624832229494e-02
2.810000000000000000e+02	-6.983348999999999807e-02	-2.798895594578309359e-04	-2.374279868982712496e-02
2.820000000000000000e+02	-7.476704000000000683e-02	-3.262361790415261643e-04	-2.371554388127405932e-02
2.830000000000000000e+02	-7.968931999999999405e-02	-3.725260764669667416e-04	-2.368471592905623327e-02
2.840000000000000000e+02	-8.459961000000000564e-02	-4.187522773862517632e-04	-2.365031947792067823e-02
2.850000000000000000e+02	-8.949717999999999563e-02	-4.649078170484201040e-04	-2.361235971026852745e-02
2.860000000000000000e+02	-9.438124000000000513e-02	-5.109857413488167951e-04	-2.357084234537419609e-02
2.870000000000000000e+02	-9.925109999999999488e-02	-5.569791078768389532e-04	-2.352577363852367126e-02
2.880000000000000000e+02	-1.041060000000000041e-01	-6.028809869619289330e-04	-2.347716038007205061e-02
2.890000000000000000e+02	-1.089452000000000059e-01	-6.486844627176386853e-04	-2.342500989442047529e-02
2.900000000000000000e+02	-1.137679999999999941e-01	-6.943826340836342387e-04	-2.336933003891255786e-02
2.910000000000000000e+02	-1.185737999999999931e-01	-7.399686158654504619e-04	-2.331012920265056881e-02
2.920000000000000000e+02	-1.233616000000000018e-01	-7.854355397718560273e-04	-2.324741630523146155e-02
2.930000000000000000e+02	-1.281307999999999891e-01	-8.307765554496864381e-04	-2.318120079540300638e-02
2.940000000000000000e+02	-1.328807999999999934e-01	-8.759848315159598272e-04	-2.311149264964014113e-02
2.950000000000000000e+02	-1.376107000000000025e-01	-9.210535565871331726e-04	-2.303830237064188879e-02
2.960000000000000000e+02	-1.423200000000000021e-01	-9.659759403053622129e-04	-2.296164098574892537e-02
2.970000000000000000e+02	-1.470077999999999940e-01	-1.010745214361575325e-03	-2.288152004528213462e-02
2.980000000000000000e+02	-1.516734000000000138e-01	-1.055354633515236248e-03	-2.279795162080235776e-02
2.990000000000000000e+02	-1.563162999999999914e-01	-1.099797476610620342e-03	-2.271094830329161221e-02
3.000000000000000000e+02	-1.609355000000000091e-01	-1.144067047589479580e-03	-2.262052320125604310e-02
3.010000000000000000e+02	-1.655304999999999971e-01	-1.188156676499911102e-03	-2.252668993875091633e-02
3.020000000000000000e+02	-1.701006999999999936e-01	-1.232059720501291417e-03	-2.242946265332792025e-02
3.030000000000000000e+02	-1.746452000000000004e-01	-1.275769564865141589e-03	-2.232885599390511955e-02
3.040000000000000000e+02	-1.791632999999999976e-01	-1.319279623971742572e-03	-2.222488511855981452e-02
3.050000000000000000e+02	-1.836544999999999983e-01	-1.362583342302363214e-03	-2.211756569224477761e-02
3.060000000000000000e+02	-1.881181000000000103e-01	-1.405674195426969949e-03	-2.200691388442801641e-02
3.070000000000000000e+02	-1.925533000000000106e-01	-1.448545690987234529e-03	-2.189294636665660085e-02
3.080000000000000000e+02	-1.969596000000000124e-01	-1.491191369674713368e-03	-2.177568031004481139e-02
3.090000000000000000e+02	-2.013360999999999901e-01	-1.533604806204059718e-03	-2.165513338268701404e-02
3.100000000000000000e+02	-2.056823000000000123e-01	-1.575779610281093914e-03	-2.153132374699567517e-02
3.110000000000000000e+02	-2.099976000000000065e-01	-1.617709427565611115e-03	-2.140427005696487334e-02
3.120000000000000000e+02	-2.142813000000000079e-01	-1.659387940628762829e-03	-2.127399145535980793e-02
3.130000000000000000e+02	-2.185325999999999935e-01	-1.700808869904893179e-03	-2.114050757083255419e-02
3.140000000000000000e+02	-2.227511000000000074e-01	-1.741965974637655354e-03	-2.100383851496472748e-02
3.150000000000000000e+02	-2.269359999999999988e-01	-1.782853053820281390e-03	-2.086400487923733768e-02
3.160000000000000000e+02	-2.310867000000000060e-01	-1.823463947129877341e-03	-2.072102773192830219e-02
3.170000000000000000e+02	-2.352026000000000117e-01	-1.863792535855574289e-03	-2.057492861493817257e-02
3.180000000000000000e+02	-2.392830999999999986e-01	-1.903832743820410046e-03	-2.042572954054452591e-02
3.190000000000000000e+02	-2.433278000000000107e-01	-1.943578538296813867e-03	-2.027345298808538171e-02
3.200000000000000000e+02	-2.473355000000000137e-01	-1.983023930915538656e-03	-2.011812190057234509e-02
3.210000000000000000e+02	-2.513061999999999796e-01	-2.022162978567898679e-03	-1.995975968123388233e-02
3.220000000000000000e+02	-2.552387999999999879e-01	-2.060989784301210832e-03	-1.979839018998919009e-02
3.230000000000000000e+02	-2.591333000000000109e-01	-2.099498498207261893e-03	-1.963403773985331058e-02
3.240000000000000000e+02	-2.629885000000000139e-01	-2.137683318303698100e-03	-1.946672709327398540e-02
3.250000000000000000e+02	-2.668041999999999914e-01	-2.175538491408186576e-03	-1.929648345840077536e-02
3.260000000000000000e+02	-2.705795999999999757e-01	-2.213058314005236695e-03	-1.912333248528700486e-02
3.270000000000000000e+02	-2.743143000000000109e-01	-2.250237133105518778e-03	-1.894730026202519693e-02
3.280000000000000000e+02	-2.780078999999999745e-01	-2.287069347097596839e-03	-1.876841331081640155e-02
3.290000000000000000e+02	-2.816593000000000013e-01	-2.323549406591889771e-03	-1.858669858397424962e-02
3.300000000000000000e+02	-2.852686999999999862e-01	-2.359671815256784641e-03	-1.840218345986411458e-02
3.310000000000000000e+02	-2.888346999999999998e-01	-2.395431130646761154e-03	-1.821489573877804746e-02
3.320000000000000000e+02	-2.923573999999999895e-01	-2.430821965022372019e-03	-1.802486363874629405e-02
3.330000000000000000e+02	-2.958361999999999936e-01	-2.465838986162000729e-03	-1.783211579128572005e-02
3.340000000000000000e+02	-2.992702999999999891e-01	-2.500476918165262744e-03	-1.763668123708595631e-02
3.350000000000000000e+02	-3.026594000000000229e-01	-2.534730542247887013e-03	-1.743858942163402717e-02
3.360000000000000000e+02	-3.060026000000000135e-01	-2.568594697528024922e-03	-1.723787019077784033e-02
3.370000000000000000e+02	-3.093002000000000251e-01	-2.602064281803830557e-03	-1.703455378622937416e-02
3.380000000000000000e+02	-3.125511000000000261e-01	-2.635134252322173919e-03	-1.682867084100836061e-02
3.390000000000000000e+02	-3.157545999999999964e-01	-2.667799626538436362e-03	-1.662025237482677234e-02
3.400000000000000000e+02	-3.189108999999999972e-01	-2.700055482867198299e-03	-1.640932978941531464e-02
3.410000000000000000e+02	-3.220189999999999997e-01	-2.731896961423763669e-03	-1.619593486379217531e-02
3.420000000000000000e+02	-3.250785999999999953e-01	-2.763319264756391915e-03	-1.598009974947491724e-02
3.430000000000000000e+02	-3.280894999999999784e-01	-2.794317658569100884e-03	-1.576185696563644004e-02
3.440000000000000000e+02	-3.310505999999999727e-01	-2.824887472434970369e-03	-1.554123939420535769e-02
3.450000000000000000e+02	-3.339622999999999897e-01	-2.855024100499834426e-03	-1.531828027491172195e-02
3.460000000000000000e+02	-3.368231999999999893e-01	-2.884723002176209361e-03	-1.509301320027903008e-02
3.470000000000000000e+02	-3.396336999999999828e-01	-2.913979702827418795e-03	-1.486547211056288113e-02
3.480000000000000000e+02	-3.423931000000000058e-01	-2.942789794441780932e-03	-1.463569128863726442e-02
3.490000000000000000e+02	-3.451005999999999796e-01	-2.971148936296734433e-03	-1.440370535482936136e-02
3.500000000000000000e+02	-3.477564000000000211e-01	-2.999052855612846947e-03	-1.416954926170337775e-02
3.510000000000000000e+02	-3.503597999999999990e-01	-3.026497348197589640e-03	-1.393325828879429101e-02
3.520000000000000000e+02	-3.529104000000000130e-01	-3.053478279078753257e-03	-1.369486803729251002e-02
3.530000000000000000e+02	-3.554078999999999988e-01	-3.079991583127460186e-03	-1.345441442467989503e-02
3.540000000000000000e+02	-3.578519000000000005e-01	-3.106033265670647171e-03	-1.321193367931815590e-02
3.550000000000000000e+02	-3.602419000000000038e-01	-3.131599403092920689e-03	-1.296746233499053089e-02
3.560000000000000000e+02	-3.625775999999999999e-01	-3.156686143427720349e-03	-1.272103722539730947e-02
3.570000000000000000e+02	-3.648587999999999831e-01	-3.181289706937685379e-03	-1.247269547860617618e-02
3.580000000000000000e+02	-3.670852000000000004e-01	-3.205406386684129215e-03	-1.222247451145833975e-02
3.590000000000000000e+02	-3.692560999999999760e-01	-3.229032549085551068e-03	-1.197041202393102181e-02
3.600000000000000000e+02	-3.713716000000000239e-01	-3.252164634465106417e-03	-1.171654599345725231e-02
3.610000000000000000e+02	-3.734309000000000101e-01	-3.274799157586916719e-03	-1.146091466920406976e-02
3.620000000000000000e+02	-3.754340999999999928e-01	-3.296932708181193189e-03	-1.120355656630949923e-02
3.630000000000000000e+02	-3.773809000000000191e-01	-3.318561951458040213e-03	-1.094451046007972536e-02
3.640000000000000000e+02	-3.792706000000000133e-01	-3.339683628609899785e-03	-1.068381538014689242e-02
3.650000000000000000e+02	-3.811031999999999753e-01	-3.360294557302552412e-03	-1.042151060458858421e-02
3.660000000000000000e+02	-3.828786000000000134e-01	-3.380391632154579069e-03	-1.015763565401002141e-02
3.670000000000000000e+02	-3.845961999999999992e-01	-3.399971825205242142e-03	-9.892230285589588556e-03
3.680000000000000000e+02	-3.862560999999999911e-01	-3.419032186370705561e-03	-9.625334487088663821e-03
3.690000000000000000e+02	-3.878575000000000217e-01	-3.437569843888503042e-03	-9.356988470826936577e-03
3.700000000000000000e+02	-3.894007999999999914e-01	-3.455582004750223230e-03	-9.087232667623668797e-03
3.710000000000000000e+02	-3.908852999999999911e-01	-3.473065955122325420e-03	-8.816107720706067852e-03
3.720000000000000000e+02	-3.923110000000000208e-01	-3.490019060755017357e-03	-8.543654479585820194e-03
3.730000000000000000e+02	-3.936776000000000164e-01	-3.506438767379153887e-03	-8.269913993904367058e-03
3.740000000000000000e+02	-3.949848000000000248e-01	-3.522322601091080595e-03	-7.994927507248034138e-03
3.750000000000000000e+02	-3.962326999999999932e-01	-3.537668168725366033e-03	-7.718736450934103772e-03
3.760000000000000000e+02	-3.974207000000000156e-01	-3.552473158215372229e-03	-7.441382437768445483e-03
3.770000000000000000e+02	-3.985489999999999866e-01	-3.566735338941611020e-03	-7.162907255775786443e-03
3.780000000000000000e+02	-3.996172000000000057e-01	-3.580452562067817663e-03	-6.883352861903762471e-03
3.790000000000000000e+02	-4.006252000000000146e-01	-3.593622760864711822e-03	-6.602761375701346296e-03
3.800000000000000000e+02	-4.015732000000000190e-01	-3.606243951021388672e-03	-6.321175072972767643e-03
3.810000000000000000e+02	-4.024603999999999959e-01	-3.618314230944281139e-03	-6.038636379408080478e-03
3.820000000000000000e+02	-4.032869000000000037e-01	-3.629831782043671171e-03	-5.755187864190961129e-03
3.830000000000000000e+02	-4.040528999999999926e-01	-3.640794869007693644e-03	-5.470872233584883962e-03
3.840000000000000000e+02	-4.047579000000000038e-01	-3.651201840063781744e-03	-5.185732324498855059e-03
3.850000000000000000e+02	-4.054020999999999875e-01	-3.661051127227542973e-03	-4.899811098033148883e-03
3.860000000000000000e+02	-4.059850999999999877e-01	-3.670341246538997258e-03	-4.613151633006644728e-03
3.870000000000000000e+02	-4.065071000000000101e-01	-3.679070798286159828e-03	-4.325797119466216582e-03
3.880000000000000000e+02	-4.069676999999999878e-01	-3.687238467215935445e-03	-4.037790852179369908e-03
3.890000000000000000e+02	-4.073671999999999849e-01	-3.694843022732279773e-03	-3.749176224111284549e-03
3.900000000000000000e+02	-4.077053999999999956e-01	-3.701883319081608354e-03	-3.459996719886876144e-03
3.910000000000000000e+02	-4.079821000000000142e-01	-3.708358295525430223e-03	-3.170295909239045223e-03
3.920000000000000000e+02	-4.081972999999999852e-01	-3.714266976500156265e-03	-2.880117440444294498e-03
3.930000000000000000e+02	-4.083509000000000166e-01	-3.719608471764091016e-03	-2.589505033746322335e-03
3.940000000000000000e+02	-4.084431000000000034e-01	-3.724381976531561476e-03	-2.298502474768772917e-03
3.950000000000000000e+02	-4.084740000000000038e-01	-3.728586771594169513e-03	-2.007153607918324423e-03
3.960000000000000000e+02	-4.084431000000000034e-01	-3.732222223429153968e-03	-1.715502329778733443e-03
3.970000000000000000e+02	-4.083134999999999959e-01	-3.735287784294841641e-03	-1.423592582497016984e-03
3.980000000000000000e+02	-4.081599000000000199e-01	-3.737782992313172428e-03	-1.131468347162957510e-03
3.990000000000000000e+02	-4.079445999999999906e-01	-3.739707471539291655e-03	-8.391736371825529468e-04
4.000000000000000000e+02	-4.076679999999999748e-01	-3.741060932018188800e-03	-5.467524916465966566e-04
4.010000000000000000e+02	-4.073299000000000225e-01	-3.741843169828387369e-03	-2.542489686955786625e-04
4.020000000000000000e+02	-4.069304999999999728e-01	-3.742054067112666853e-03	3.829286111847449891e-05
4.030000000000000000e+02	-4.064698999999999951e-01	-3.741693592095821086e-03	3.308289214720297813e-04
4.040000000000000000e+02	-4.059480999999999784e-01	-3.740761799089446088e-03	6.233151369107563233e-04
4.050000000000000000e+02	-4.053648999999999725e-01	-3.739258828483755202e-03	9.157074394902941800e-04
4.060000000000000000e+02	-4.047207999999999917e-01	-3.737184906726428481e-03	1.207961775415891019e-03
4.070000000000000000e+02	-4.040158999999999834e-01	-3.734540346288494576e-03	1.500034111679717256e-03
4.080000000000000000e+02	-4.032502000000000031e-01	-3.731325545617252080e-03	1.791880442695237708e-03
4.090000000000000000e+02	-4.024233999999999867e-01	-3.727540989076234216e-03	2.083456796927456341e-03
4.100000000000000000e+02	-4.015361000000000069e-01	-3.723187246872235092e-03	2.374719243517813081e-03
4.110000000000000000e+02	-4.005887000000000198e-01	-3.718264974969395353e-03	2.665623898903272775e-03
4.120000000000000000e+02	-3.995807000000000109e-01	-3.712774914990371947e-03	2.956126933427971094e-03
4.130000000000000000e+02	-3.985124999999999917e-01	-3.706717894104600251e-03	3.246184577946951196e-03
4.140000000000000000e+02	-3.973842000000000207e-01	-3.700094824903665900e-03	3.535753130420775294e-03
4.150000000000000000e+02	-3.961964000000000041e-01	-3.692906705263809299e-03	3.824788962499851494e-03
4.160000000000000000e+02	-3.949484999999999801e-01	-3.685154618195577575e-03	4.113248526097826666e-03
4.170000000000000000e+02	-3.936414999999999775e-01	-3.676839731680650852e-03	4.401088359952909541e-03
4.180000000000000000e+02	-3.922748999999999819e-01	-3.667963298495867126e-03	4.688265096175899330e-03
4.190000000000000000e+02	-3.908495000000000164e-01	-3.658526656024470476e-03	4.974735466784360391e-03
4.200000000000000000e+02	-3.893652000000000224e-01	-3.648531226054609923e-03	5.260456310221716530e-03
4.210000000000000000e+02	-3.878218999999999972e-01	-3.637978514565127098e-03	5.545384577860148177e-03
4.220000000000000000e+02	-3.862206999999999724e-01	-3.626870111498651812e-03	5.829477340486645398e-03
4.230000000000000000e+02	-3.845610999999999891e-01	-3.615207690522050186e-03	6.112691794771076166e-03
4.240000000000000000e+02	-3.828435000000000032e-01	-3.602993008774262648e-03	6.394985269715101547e-03
4.250000000000000000e+02	-3.810683000000000265e-01	-3.590227906601559538e-03	6.676315233081336724e-03
4.260000000000000000e+02	-3.792359000000000147e-01	-3.576914307280258578e-03	6.956639297801603394e-03
4.270000000000000000e+02	-3.773462000000000205e-01	-3.563054216726957955e-03	7.235915228363132973e-03
4.280000000000000000e+02	-3.753996000000000000e-01	-3.548649723196306734e-03	7.514100947172113430e-03
4.290000000000000000e+02	-3.733967000000000258e-01	-3.533702996966372849e-03	7.791154540893440936e-03
4.300000000000000000e+02	-3.713373999999999842e-01	-3.518216290011660311e-03	8.067034266765549591e-03
4.310000000000000000e+02	-3.692224000000000061e-01	-3.502191935663807269e-03	8.341698558889712109e-03
4.320000000000000000e+02	-3.670514000000000276e-01	-3.485632348260029982e-03	8.615106034492701209e-03
4.330000000000000000e+02	-3.648255000000000248e-01	-3.468540022779365625e-03	8.887215500161657275e-03
4.340000000000000000e+02	-3.625444999999999918e-01	-3.450917534466758571e-03	9.157985958050725989e-03
4.350000000000000000e+02	-3.602087999999999957e-01	-3.432767538445059569e-03	9.427376612057922906e-03
4.360000000000000000e+02	-3.578189999999999982e-01	-3.414092769314987664e-03	9.695346873971827720e-03
4.370000000000000000e+02	-3.553753000000000051e-01	-3.394896040743109519e-03	9.961856369586909524e-03
4.380000000000000000e+02	-3.528781999999999752e-01	-3.375180245037924173e-03	1.022686494478648560e-02
4.390000000000000000e+02	-3.503277000000000196e-01	-3.354948352714082292e-03	1.049033267159265106e-02
4.400000000000000000e+02	-3.477245999999999948e-01	-3.334203412044824903e-03	1.075221985418216286e-02
4.410000000000000000e+02	-3.450691000000000175e-01	-3.312948548602719263e-03	1.101248703486716607e-02
4.420000000000000000e+02	-3.423615999999999882e-01	-3.291186964788733044e-03	1.127109500004021096e-02
4.430000000000000000e+02	-3.396025999999999767e-01	-3.268921939349736603e-03	1.152800478608249218e-02
4.440000000000000000e+02	-3.367923999999999918e-01	-3.246156826884512292e-03	1.178317768523426054e-02
4.450000000000000000e+02	-3.339313999999999893e-01	-3.222895057338324553e-03	1.203657525142685231e-02
4.460000000000000000e+02	-3.310202999999999895e-01	-3.199140135486134955e-03	1.228815930607528653e-02
4.470000000000000000e+02	-3.280594000000000010e-01	-3.174895640404560172e-03	1.253789194383039991e-02
4.480000000000000000e+02	-3.250488999999999740e-01	-3.150165224932619749e-03	1.278573553828997282e-02
4.490000000000000000e+02	-3.219895999999999869e-01	-3.124952615121368623e-03	1.303165274766783337e-02
4.500000000000000000e+02	-3.188816999999999902e-01	-3.099261609672514586e-03	1.327560652041991605e-02
4.510000000000000000e+02	-3.157259000000000038e-01	-3.073096079366077066e-03	1.351756010082675111e-02
4.520000000000000000e+02	-3.125222999999999751e-01	-3.046459966477183066e-03	1.375747703453137488e-02
4.530000000000000000e+02	-3.092716999999999827e-01	-3.019357284182108258e-03	1.399532117403169511e-02
4.540000000000000000e+02	-3.059747999999999912e-01	-2.991792115953619165e-03	1.423105668412675412e-02
4.550000000000000000e+02	-3.026316000000000006e-01	-2.963768614945724855e-03	1.446464804731597414e-02
4.560000000000000000e+02	-2.992428999999999784e-01	-2.935291003367945708e-03	1.469606006915032646e-02
4.570000000000000000e+02	-2.958089999999999886e-01	-2.906363571849155183e-03	1.492525788353509832e-02
4.580000000000000000e+02	-2.923306999999999989e-01	-2.876990678791134688e-03	1.515220695798295651e-02
4.590000000000000000e+02	-2.888082000000000149e-01	-2.847176749711904410e-03	1.537687309881687059e-02
4.600000000000000000e+02	-2.852424000000000071e-01	-2.816926276578936815e-03	1.559922245632202817e-02
4.610000000000000000e+02	-2.816334999999999811e-01	-2.786243817132380302e-03	1.581922152984575544e-02
4.620000000000000000e+02	-2.779823000000000155e-01	-2.755133994198351571e-03	1.603683717284500737e-02
4.630000000000000000e+02	-2.742892000000000108e-01	-2.723601494992425494e-03	1.625203659788048219e-02
4.640000000000000000e+02	-2.705548999999999871e-01	-2.691651070413437867e-03	1.646478738155652058e-02
4.650000000000000000e+02	-2.667796000000000056e-01	-2.659287534327677352e-03	1.667505746940626740e-02
4.660000000000000000e+02	-2.629642999999999842e-01	-2.626515762843591520e-03	1.688281518072127368e-02
4.670000000000000000e+02	-2.591094999999999926e-01	-2.593340693577128424e-03	1.708802921332461255e-02
4.680000000000000000e+02	-2.552154999999999840e-01	-2.559767324907800002e-03	1.729066864828714481e-02
4.690000000000000000e+02	-2.512830999999999815e-01	-2.525800715225582672e-03	1.749070295458599739e-02
4.700000000000000000e+02	-2.473129000000000022e-01	-2.491445982168800834e-03	1.768810199370450184e-02
4.710000000000000000e+02	-2.433054000000000050e-01	-2.456708301853062233e-03	1.788283602417310020e-02
4.720000000000000000e+02	-2.392612000000000072e-01	-2.421592908091382661e-03	1.807487570605043753e-02
4.730000000000000000e+02	-2.351811000000000040e-01	-2.386105091605637916e-03	1.826419210534384330e-02
4.740000000000000000e+02	-2.310655000000000070e-01	-2.350250199229421064e-03	1.845075669836873655e-02
4.750000000000000000e+02	-2.269152000000000113e-01	-2.314033633102445964e-03	1.863454137604626804e-02
4.760000000000000000e+02	-2.227307000000000037e-01	-2.277460849856638003e-03	1.881551844813833183e-02
4.770000000000000000e+02	-2.185126000000000013e-01	-2.240537359793995289e-03	1.899366064741958571e-02
4.780000000000000000e+02	-2.142615999999999965e-01	-2.203268726056359112e-03	1.916894113378577943e-02
4.790000000000000000e+02	-2.099784000000000095e-01	-2.165660563787254536e-03	1.934133349829756862e-02
4.800000000000000000e+02	-2.056634999999999991e-01	-2.127718539285852316e-03	1.951081176715954713e-02
4.810000000000000000e+02	-2.013176999999999883e-01	-2.089448369153264640e-03	1.967735040563357504e-02
4.820000000000000000e+02	-1.969414999999999916e-01	-2.050855819431237140e-03	1.984092432188602761e-02
4.830000000000000000e+02	-1.925357000000000041e-01	-2.011946704733387666e-03	2.000150887076835443e-02
4.840000000000000000e+02	-1.881008999999999876e-01	-1.972726887369155319e-03	2.015907985753019258e-02
4.850000000000000000e+02	-1.836376999999999871e-01	-1.933202276460537373e-03	2.031361354146477352e-02
4.860000000000000000e+02	-1.791468999999999978e-01	-1.893378827051770633e-03	2.046508663948585702e-02
4.870000000000000000e+02	-1.746291000000000093e-01	-1.853262539212124872e-03	2.061347632963568544e-02
4.880000000000000000e+02	-1.700850999999999891e-01	-1.812859457131879657e-03	2.075876025452349366e-02
4.890000000000000000e+02	-1.655154000000000070e-01	-1.772175668211659798e-03	2.090091652469408881e-02
4.900000000000000000e+02	-1.609208000000000027e-01	-1.731217302145282707e-03	2.103992372192578161e-02
4.910000000000000000e+02	-1.563018999999999936e-01	-1.689990529996208968e-03	2.117576090245742310e-02
4.920000000000000000e+02	-1.516595000000000026e-01	-1.648501563267760258e-03	2.130840760014398802e-02
4.930000000000000000e+02	-1.469942999999999944e-01	-1.606756652967268563e-03	2.143784382954005974e-02
4.940000000000000000e+02	-1.423069999999999891e-01	-1.564762088664249911e-03	2.156405008891101177e-02
4.950000000000000000e+02	-1.375981000000000010e-01	-1.522524197542765492e-03	2.168700736317129285e-02
4.960000000000000000e+02	-1.328686000000000034e-01	-1.480049343448144265e-03	2.180669712674932620e-02
4.970000000000000000e+02	-1.281191000000000135e-01	-1.437343925928153158e-03	2.192310134637871430e-02
4.980000000000000000e+02	-1.233502999999999961e-01	-1.394414379268789405e-03	2.203620248381526689e-02
4.990000000000000000e+02	-1.185628999999999988e-01	-1.351267171524866756e-03	2.214598349847939768e-02
5.000000000000000000e+02	-1.137576000000000004e-01	-1.307908803545484045e-03	2.225242785002360529e-02
5.010000000000000000e+02	-1.089351999999999959e-01	-1.264345807994555213e-03	2.235551950082454234e-02
5.020000000000000000e+02	-1.040964999999999946e-01	-1.220584748366575559e-03	2.245524291839932907e-02
5.030000000000000000e+02	-9.924199000000000215e-02	-1.176632217997696872e-03	2.255158307774584106e-02
5.040000000000000000e+02	-9.437259000000000619e-02	-1.132494839072351695e-03	2.264452546360640542e-02
5.050000000000000000e+02	-8.948896000000000628e-02	-1.088179261625502828e-03	2.273405607265480133e-02
5.060000000000000000e+02	-8.459186999999999956e-02	-1.043692162540693288e-03	2.282016141560612443e-02
5.070000000000000000e+02	-7.968202000000000618e-02	-9.990402445440812497e-04	2.290282851924911600e-02
5.080000000000000000e+02	-7.476017999999999553e-02	-9.542302351945532082e-04	2.298204492840082505e-02
5.090000000000000000e+02	-6.982710000000000305e-02	-9.092688858700942629e-04	2.305779870778320445e-02
5.100000000000000000e+02	-6.488346000000000391e-02	-8.641629707506006969e-04	2.313007844382133568e-02
5.110000000000000000e+02	-5.993008999999999836e-02	-8.189192857972247370e-04	2.319887324636306022e-02
