0.000000000000000000e+00	1.072757999999999629e-01	6.137255632896654236e-04	2.877759531325064721e-02
1.000000000000000000e+00	1.133028999999999703e-01	6.698869659065597761e-04	2.873095639415549490e-02
2.000000000000000000e+00	1.193127999999999689e-01	7.259530337033462052e-04	2.867997368743233771e-02
3.000000000000000000e+00	1.253047999999999662e-01	7.819152901403539054e-04	2.862465490107555730e-02
4.000000000000000000e+00	1.312778999999999752e-01	8.377652743729870847e-04	2.856500839864453689e-02
5.000000000000000000e+00	1.372312999999999727e-01	8.934945425309059365e-04	2.850104319799916588e-02
6.000000000000000000e+00	1.431639999999999580e-01	9.490946689946417377e-04	2.843276896993645469e-02
7.000000000000000000e+00	1.490750999999999604e-01	1.004557247669453845e-03	2.836019603672841616e-02
8.000000000000000000e+00	1.549637999999999571e-01	1.059873893256232241e-03	2.828333537056146665e-02
9.000000000000000000e+00	1.608290999999999749e-01	1.115036242519259254e-03	2.820219859187755168e-02
1.000000000000000000e+01	1.666701999999999628e-01	1.170035955550633453e-03	2.811679796761726649e-02
1.100000000000000000e+01	1.724861999999999784e-01	1.224864717031165767e-03	2.802714640936524934e-02
1.200000000000000000e+01	1.782762999999999709e-01	1.279514237487561559e-03	2.793325747139808329e-02
1.300000000000000000e+01	1.840394999999999670e-01	1.333976254545690037e-03	2.783514534863505696e-02
1.400000000000000000e+01	1.897749999999999715e-01	1.388242534179762741e-03	2.773282487449206177e-02
1.500000000000000000e+01	1.954818999999999585e-01	1.442304871957220992e-03	2.762631151863893103e-02
1.600000000000000000e+01	2.011593999999999605e-01	1.496155094279150123e-03	2.751562138466064067e-02
1.700000000000000000e+01	2.068065999999999793e-01	1.549785059616035120e-03	2.740077120762259358e-02
1.800000000000000000e+01	2.124225999999999615e-01	1.603186659738664241e-03	2.728177835154049422e-02
1.900000000000000000e+01	2.180065999999999671e-01	1.656351820943998895e-03	2.715866080675511177e-02
2.000000000000000000e+01	2.235577999999999732e-01	1.709272505275825698e-03	2.703143718721234129e-02
2.100000000000000000e+01	2.290754999999999597e-01	1.761940711739999436e-03	2.690012672764899304e-02
2.200000000000000000e+01	2.345582999999999696e-01	1.814348477514104562e-03	2.676474928068471940e-02
2.300000000000000000e+01	2.400060999999999722e-01	1.866487879151337457e-03	2.662532531382054424e-02
2.400000000000000000e+01	2.454177999999999638e-01	1.918351033778443147e-03	2.648187590634439731e-02
2.500000000000000000e+01	2.507923999999999709e-01	1.969930100287512614e-03	2.633442274614417045e-02
2.600000000000000000e+01	2.561290999999999429e-01	2.021217280521467232e-03	2.618298812642877449e-02
2.700000000000000000e+01	2.614274999999999793e-01	2.072204820453051217e-03	2.602759494235764443e-02
2.800000000000000000e+01	2.666864999999999930e-01	2.122885011357148431e-03	2.586826668757928951e-02
2.900000000000000000e+01	2.719051999999999580e-01	2.173250190976256345e-03	2.570502745067927350e-02
3.000000000000000000e+01	2.770830999999999711e-01	2.223292744678925272e-03	2.553790191153835695e-02
3.100000000000000000e+01	2.822189999999999421e-01	2.273005106611005865e-03	2.536691533760114525e-02
3.200000000000000000e+01	2.873126999999999764e-01	2.322379760839518408e-03	2.519209358005596380e-02
3.300000000000000000e+01	2.923628999999999811e-01	2.371409242488972148e-03	2.501346306992644278e-02
3.400000000000000000e+01	2.973693999999999504e-01	2.420086138869972925e-03	2.483105081407547057e-02
3.500000000000000000e+01	3.023305999999999494e-01	2.468403090599929992e-03	2.464488439112205373e-02
3.600000000000000000e+01	3.072467999999999866e-01	2.516352792715713296e-03	2.445499194727176334e-02
3.700000000000000000e+01	3.121164999999999634e-01	2.563927995778079484e-03	2.426140219206133694e-02
3.800000000000000000e+01	3.169391999999999765e-01	2.611121506967698826e-03	2.406414439401815056e-02
3.900000000000000000e+01	3.217139999999999445e-01	2.657926191172632104e-03	2.386324837623512995e-02
4.000000000000000000e+01	3.264404999999999668e-01	2.704334972067072747e-03	2.365874451186187818e-02
4.100000000000000000e+01	3.311179999999999679e-01	2.750340833181205442e-03	2.345066371951257805e-02
4.200000000000000000e+01	3.357453999999999716e-01	2.795936818962017727e-03	2.323903745859147441e-02
4.300000000000000000e+01	3.403223999999999694e-01	2.841116035824895868e-03	2.302389772453655725e-02
4.400000000000000000e+01	3.448480999999999908e-01	2.885871653195856701e-03	2.280527704398225414e-02
4.500000000000000000e+01	3.493217999999999601e-01	2.930196904544251930e-03	2.258320846984174235e-02
4.600000000000000000e+01	3.537430999999999770e-01	2.974085088405786174e-03	2.235772557630976223e-02
4.700000000000000000e+01	3.581107999999999514e-01	3.017529569395704762e-03	2.212886245378656649e-02
4.800000000000000000e+01	3.624249999999999416e-01	3.060523779211983455e-03	2.189665370372386594e-02
4.900000000000000000e+01	3.666841999999999602e-01	3.103061217628381736e-03	2.166113443339346897e-02
5.000000000000000000e+01	3.708884999999999543e-01	3.145135453477200527e-03	2.142234025057949270e-02
5.100000000000000000e+01	3.750366999999999451e-01	3.186740125621600334e-03	2.118030725819486371e-02
5.200000000000000000e+01	3.791285999999999823e-01	3.227868943917332808e-03	2.093507204882297246e-02
5.300000000000000000e+01	3.831632999999999845e-01	3.268515690163735672e-03	2.068667169918531404e-02
5.400000000000000000e+01	3.871402999999999928e-01	3.308674219043854833e-03	2.043514376453590617e-02
5.500000000000000000e+01	3.910588999999999871e-01	3.348338459053541889e-03	2.018052627298336926e-02
5.600000000000000000e+01	3.949187999999999588e-01	3.387502413419397809e-03	1.992285771974152894e-02
5.700000000000000000e+01	3.987191999999999958e-01	3.426160161005416174e-03	1.966217706130937368e-02
5.800000000000000000e+01	4.024592999999999643e-01	3.464305857208186366e-03	1.939852370958128347e-02
5.900000000000000000e+01	4.061390999999999751e-01	3.501933734840534818e-03	1.913193752588842125e-02
6.000000000000000000e+01	4.097577999999999498e-01	3.539038105003453408e-03	1.886245881497214047e-02
6.100000000000000000e+01	4.133144999999999736e-01	3.575613357946195742e-03	1.859012831889040457e-02
6.200000000000000000e+01	4.168091999999999908e-01	3.611653963914408620e-03	1.831498721085803028e-02
6.300000000000000000e+01	4.202408999999999728e-01	3.647154473986162493e-03	1.803707708902178852e-02
6.400000000000000000e+01	4.236095999999999751e-01	3.682109520895771211e-03	1.775643997017124776e-02
6.500000000000000000e+01	4.269140999999999631e-01	3.716513819845253599e-03	1.747311828338632411e-02
6.600000000000000000e+01	4.301545999999999426e-01	3.750362169303339717e-03	1.718715486362249259e-02
6.700000000000000000e+01	4.333303999999999490e-01	3.783649451791878688e-03	1.689859294523462716e-02
6.800000000000000000e+01	4.364407999999999621e-01	3.816370634659541419e-03	1.660747615544049330e-02
6.900000000000000000e+01	4.394854999999999734e-01	3.848520770842703709e-03	1.631384850772478814e-02
7.000000000000000000e+01	4.424638999999999656e-01	3.880094999613379215e-03	1.601775439518483835e-02
7.100000000000000000e+01	4.453758999999999912e-01	3.911088547314108162e-03	1.571923858381887168e-02
7.200000000000000000e+01	4.482204999999999662e-01	3.941496728079681676e-03	1.541834620575788933e-02
7.300000000000000000e+01	4.509977999999999487e-01	3.971314944545583335e-03	1.511512275244225427e-02
7.400000000000000000e+01	4.537071999999999772e-01	4.000538688543062507e-03	1.480961406774388908e-02
7.500000000000000000e+01	4.563481999999999816e-01	4.029163541780718914e-03	1.450186634103519875e-02
7.600000000000000000e+01	4.589205999999999563e-01	4.057185176512490866e-03	1.419192610020582335e-02
7.700000000000000000e+01	4.614239999999999453e-01	4.084599356191964334e-03	1.387984020462809838e-02
7.800000000000000000e+01	4.638575999999999810e-01	4.111401936112890967e-03	1.356565583807250140e-02
7.900000000000000000e+01	4.662215999999999583e-01	4.137588864035816189e-03	1.324942050157399721e-02
8.000000000000000000e+01	4.685151999999999650e-01	4.163156180800732346e-03	1.293118200625045094e-02
8.100000000000000000e+01	4.707380999999999927e-01	4.188100020925658064e-03	1.261098846607410819e-02
8.200000000000000000e+01	4.728903999999999885e-01	4.212416613191054433e-03	1.228888829059734782e-02
8.300000000000000000e+01	4.749713999999999881e-01	4.236102281209989592e-03	1.196493017763369804e-02
8.400000000000000000e+01	4.769809999999999883e-01	4.259153443983964941e-03	1.163916310589532301e-02
8.500000000000000000e+01	4.789184999999999692e-01	4.281566616444321474e-03	1.131163632758797229e-02
8.600000000000000000e+01	4.807840999999999920e-01	4.303338409979142951e-03	1.098239936096463351e-02
8.700000000000000000e+01	4.825773999999999897e-01	4.324465532945570047e-03	1.065150198283896198e-02
8.800000000000000000e+01	4.842976999999999421e-01	4.344944791167465632e-03	1.031899422105957316e-02
8.900000000000000000e+01	4.859452999999999689e-01	4.364773088418331427e-03	9.984926346946434994e-03
9.000000000000000000e+01	4.875194999999999945e-01	4.383947426889424001e-03	9.649348867690414611e-03
9.100000000000000000e+01	4.890204999999999691e-01	4.402464907642988576e-03	9.312312518717192136e-03
9.200000000000000000e+01	4.904477999999999893e-01	4.420322731050543852e-03	8.973868256016627465e-03
9.300000000000000000e+01	4.918010999999999910e-01	4.437518197216155404e-03	8.634067248438822076e-03
9.400000000000000000e+01	4.930804999999999771e-01	4.454048706384626521e-03	8.292960869957989589e-03
9.500000000000000000e+01	4.942856999999999945e-01	4.469911759334552724e-03	7.950600691905286913e-03
9.600000000000000000e+01	4.954162999999999761e-01	4.485104957756171420e-03	7.607038475171833299e-03
9.700000000000000000e+01	4.964723999999999804e-01	4.499626004613965953e-03	7.262326162383060495e-03
9.800000000000000000e+01	4.974534999999999929e-01	4.513472704493942493e-03	6.916515870045617832e-03
9.900000000000000000e+01	4.983599999999999697e-01	4.526642963935556367e-03	6.569659880667913857e-03
1.000000000000000000e+02	4.991913999999999518e-01	4.539134791748218427e-03	6.221810634855633702e-03
1.010000000000000000e+02	4.999474999999999891e-01	4.550946299312336359e-03	5.873020723383338103e-03
1.020000000000000000e+02	5.006283999999999734e-01	4.562075700864857107e-03	5.523342879243321908e-03
1.030000000000000000e+02	5.012337999999999516e-01	4.572521313769251430e-03	5.172829969673001932e-03
1.040000000000000000e+02	5.017637999999999820e-01	4.582281558769906761e-03	4.821534988162032818e-03
1.050000000000000000e+02	5.022181000000000006e-01	4.591354960230896280e-03	4.469511046440263757e-03
1.060000000000000000e+02	5.025969999999999605e-01	4.599740146359076499e-03	4.116811366447883924e-03
1.070000000000000000e+02	5.029000999999999610e-01	4.607435849411484728e-03	3.763489272288871208e-03
1.080000000000000000e+02	5.031272999999999440e-01	4.614440905887009538e-03	3.409598182169033560e-03
1.090000000000000000e+02	5.032789999999999209e-01	4.620754256702296926e-03	3.055191600319752745e-03
1.100000000000000000e+02	5.033547999999999911e-01	4.626374947351872234e-03	2.700323108908784901e-03
1.110000000000000000e+02	5.033547999999999911e-01	4.631302128052450923e-03	2.345046359939280140e-03
1.120000000000000000e+02	5.032789999999999209e-01	4.635535053871414797e-03	1.989415067138179151e-03
1.130000000000000000e+02	5.031272999999999440e-01	4.639073084839437193e-03	1.633482997835340950e-03
1.140000000000000000e+02	5.029000999999999610e-01	4.641915686047241515e-03	1.277303964834565139e-03
1.150000000000000000e+02	5.025969999999999605e-01	4.644062427726467109e-03	9.209318182776817744e-04
1.160000000000000000e+02	5.022181000000000006e-01	4.645512985314654598e-03	5.644204375030578095e-04
1.170000000000000000e+02	5.017637999999999820e-01	4.646267139504305609e-03	2.078237228996544902e-04
1.180000000000000000e+02	5.012337999999999516e-01	4.646324776276048937e-03	-1.488044122420618509e-04
1.190000000000000000e+02	5.006283999999999734e-01	4.645685886915870699e-03	-5.054100498812230408e-04
1.200000000000000000e+02	4.999474999999999891e-01	4.644350568016438786e-03	-8.619392753783224016e-04
1.210000000000000000e+02	4.991913999999999518e-01	4.642319021462495629e-03	-1.218338185646464580e-03
1.220000000000000000e+02	4.983599999999999697e-01	4.639591554400334002e-03	-1.574552897300925082e-03
1.230000000000000000e+02	4.974534999999999929e-01	4.636168579191365414e-03	-1.930529554805676283e-03
1.240000000000000000e+02	4.964723999999999804e-01	4.632050613349768947e-03	-2.286214338615698369e-03
1.250000000000000000e+02	4.954162999999999761e-01	4.627238279464255220e-03	-2.641553473313911545e-03
1.260000000000000000e+02	4.942856999999999945e-01	4.621732305103935963e-03	-2.996493235741369814e-03
1.270000000000000000e+02	4.930804999999999771e-01	4.615533522708320860e-03	-3.350979963119591048e-03
1.280000000000000000e+02	4.918010999999999910e-01	4.608642869461468568e-03	-3.704960061163724457e-03
1.290000000000000000e+02	4.904477999999999893e-01	4.601061387150289297e-03	-4.058380012185420528e-03
1.300000000000000000e+02	4.890204999999999691e-01	4.592790222007042331e-03	-4.411186383184068777e-03
1.310000000000000000e+02	4.875194999999999945e-01	4.583830624536040614e-03	-4.763325833925228028e-03
1.320000000000000000e+02	4.859452999999999689e-01	4.574183949324581513e-03	-5.114745125005089148e-03
1.330000000000000000e+02	4.842976999999999421e-01	4.563851654838157502e-03	-5.465391125899631865e-03
1.340000000000000000e+02	4.825773999999999897e-01	4.552835303199948523e-03	-5.815210822997355505e-03
1.350000000000000000e+02	4.807840999999999920e-01	4.541136559954647191e-03	-6.164151327614298195e-03
1.360000000000000000e+02	4.789184999999999692e-01	4.528757193816648936e-03	-6.512159883990230845e-03
1.370000000000000000e+02	4.769809999999999883e-01	4.515699076402642648e-03	-6.859183877264697117e-03
1.380000000000000000e+02	4.749713999999999881e-01	4.501964181948644311e-03	-7.205170841431753591e-03
1.390000000000000000e+02	4.728903999999999885e-01	4.487554587011514419e-03	-7.550068467272255668e-03
1.400000000000000000e+02	4.707380999999999927e-01	4.472472470155005111e-03	-7.893824610262391642e-03
1.410000000000000000e+02	4.685151999999999650e-01	4.456720111620390834e-03	-8.236387298457303538e-03
1.420000000000000000e+02	4.662215999999999583e-01	4.440299892981720668e-03	-8.577704740348692306e-03
1.430000000000000000e+02	4.638575999999999810e-01	4.423214296785748720e-03	-8.917725332695058613e-03
1.440000000000000000e+02	4.614239999999999453e-01	4.405465906176605009e-03	-9.256397668323528005e-03
1.450000000000000000e+02	4.589205999999999563e-01	4.387057404505254575e-03	-9.593670543902003620e-03
1.460000000000000000e+02	4.563481999999999816e-01	4.367991574923803764e-03	-9.929492967680543167e-03
1.470000000000000000e+02	4.537071999999999772e-01	4.348271299964721372e-03	-1.026381416720070598e-02
1.480000000000000000e+02	4.509977999999999487e-01	4.327899561105030997e-03	-1.059658359697174604e-02
1.490000000000000000e+02	4.482204999999999662e-01	4.306879438315550958e-03	-1.092775094611253203e-02
1.500000000000000000e+02	4.453758999999999912e-01	4.285214109595231191e-03	-1.125726614595796461e-02
1.510000000000000000e+02	4.424638999999999656e-01	4.262906850490683422e-03	-1.158507937762874064e-02
1.520000000000000000e+02	4.394854999999999734e-01	4.239961033600954041e-03	-1.191114107956344967e-02
1.530000000000000000e+02	4.364407999999999621e-01	4.216380128067624689e-03	-1.223540195501166689e-02
1.540000000000000000e+02	4.333303999999999490e-01	4.192167699050319482e-03	-1.255781297948706417e-02
1.550000000000000000e+02	4.301545999999999426e-01	4.167327407187695204e-03	-1.287832540817933531e-02
1.560000000000000000e+02	4.269140999999999631e-01	4.141863008043994258e-03	-1.319689078332384261e-02
1.570000000000000000e+02	4.236095999999999751e-01	4.115778351541245390e-03	-1.351346094152791784e-02
1.580000000000000000e+02	4.202408999999999728e-01	4.089077381377202378e-03	-1.382798802105253237e-02
1.590000000000000000e+02	4.168091999999999908e-01	4.061764134429103959e-03	-1.414042446904847580e-02
1.600000000000000000e+02	4.133144999999999736e-01	4.033842740143336533e-03	-1.445072304874583762e-02
1.610000000000000000e+02	4.097577999999999498e-01	4.005317419911123659e-03	-1.475883684659556709e-02
1.620000000000000000e+02	4.061390999999999751e-01	3.976192486430286596e-03	-1.506471927936232566e-02
1.630000000000000000e+02	4.024592999999999643e-01	3.946472343053224197e-03	-1.536832410116733411e-02
1.640000000000000000e+02	3.987191999999999958e-01	3.916161483121171141e-03	-1.566960541048016339e-02
1.650000000000000000e+02	3.949187999999999588e-01	3.885264489284860276e-03	-1.596851765705857226e-02
1.660000000000000000e+02	3.910588999999999871e-01	3.853786032811677090e-03	-1.626501564883513218e-02
1.670000000000000000e+02	3.871402999999999928e-01	3.821730872879420399e-03	-1.655905455874974799e-02
1.680000000000000000e+02	3.831632999999999845e-01	3.789103855856765929e-03	-1.685058993152704562e-02
1.690000000000000000e+02	3.791285999999999823e-01	3.755909914570555123e-03	-1.713957769039740897e-02
1.700000000000000000e+02	3.750366999999999451e-01	3.722154067560009324e-03	-1.742597414376092710e-02
1.710000000000000000e+02	3.708884999999999543e-01	3.687841418317979944e-03	-1.770973599179307550e-02
1.720000000000000000e+02	3.666841999999999602e-01	3.652977154519363411e-03	-1.799082033299109068e-02
1.730000000000000000e+02	3.624249999999999416e-01	3.617566547236788881e-03	-1.826918467066021914e-02
1.740000000000000000e+02	3.581107999999999514e-01	3.581614950143680205e-03	-1.854478691933873769e-02
1.750000000000000000e+02	3.537430999999999770e-01	3.545127798704858241e-03	-1.881758541116073172e-02
1.760000000000000000e+02	3.493217999999999601e-01	3.508110609354748131e-03	-1.908753890215587543e-02
1.770000000000000000e+02	3.448480999999999908e-01	3.470568978663369792e-03	-1.935460657848495081e-02
1.780000000000000000e+02	3.403223999999999694e-01	3.432508582490192278e-03	-1.961874806261048113e-02
1.790000000000000000e+02	3.357453999999999716e-01	3.393935175126012917e-03	-1.987992341940137200e-02
1.800000000000000000e+02	3.311179999999999679e-01	3.354854588422978307e-03	-2.013809316217056791e-02
1.810000000000000000e+02	3.264404999999999668e-01	3.315272730912872511e-03	-2.039321825864502322e-02
1.820000000000000000e+02	3.217139999999999445e-01	3.275195586913812532e-03	-2.064526013686695388e-02
1.830000000000000000e+02	3.169391999999999765e-01	3.234629215625496775e-03	-2.089418069102541575e-02
1.840000000000000000e+02	3.121164999999999634e-01	3.193579750213119267e-03	-2.113994228721748775e-02
1.850000000000000000e+02	3.072467999999999866e-01	3.152053396880102713e-03	-2.138250776913811282e-02
1.860000000000000000e+02	3.023305999999999494e-01	3.110056433929800444e-03	-2.162184046369763218e-02
1.870000000000000000e+02	2.973693999999999504e-01	3.067595210816287388e-03	-2.185790418656638132e-02
1.880000000000000000e+02	2.923628999999999811e-01	3.024676147184388389e-03	-2.209066324764534864e-02
1.890000000000000000e+02	2.873126999999999764e-01	2.981305731899113430e-03	-2.232008245646207104e-02
1.900000000000000000e+02	2.822189999999999421e-01	2.937490522064611660e-03	-2.254612712749102382e-02
1.910000000000000000e+02	2.770830999999999711e-01	2.893237142032808584e-03	-2.276876308539772104e-02
1.920000000000000000e+02	2.719051999999999580e-01	2.848552282401891223e-03	-2.298795667020556155e-02
1.930000000000000000e+02	2.666864999999999930e-01	2.803442699004755727e-03	-2.320367474238489366e-02
1.940000000000000000e+02	2.614274999999999793e-01	2.757915211887613897e-03	-2.341588468786327121e-02
1.950000000000000000e+02	2.561290999999999429e-01	2.711976704278876160e-03	-2.362455442295634603e-02
1.960000000000000000e+02	2.507923999999999709e-01	2.665634121548482276e-03	-2.382965239921857811e-02
1.970000000000000000e+02	2.454177999999999638e-01	2.618894470157855005e-03	-2.403114760821293411e-02
1.980000000000000000e+02	2.400060999999999722e-01	2.571764816600592956e-03	-2.422900958619905037e-02
1.990000000000000000e+02	2.345582999999999696e-01	2.524252286334100360e-03	-2.442320841873900361e-02
2.000000000000000000e+02	2.290754999999999597e-01	2.476364062702306884e-03	-2.461371474521998129e-02
2.010000000000000000e+02	2.235577999999999732e-01	2.428107385849623181e-03	-2.480049976329329331e-02
2.020000000000000000e+02	2.180065999999999671e-01	2.379489551626314328e-03	-2.498353523322897202e-02
2.030000000000000000e+02	2.124225999999999615e-01	2.330517910485456826e-03	-2.516279348218525974e-02
2.040000000000000000e+02	2.068065999999999793e-01	2.281199866371633970e-03	-2.533824740839242529e-02
2.050000000000000000e+02	2.011593999999999605e-01	2.231542875601538745e-03	-2.550987048525027098e-02
2.060000000000000000e+02	1.954818999999999585e-01	2.181554445736674612e-03	-2.567763676533860867e-02
2.070000000000000000e+02	1.897749999999999715e-01	2.131242134448296886e-03	-2.584152088434021541e-02
2.080000000000000000e+02	1.840394999999999670e-01	2.080613548374770760e-03	-2.600149806487565482e-02
2.090000000000000000e+02	1.782762999999999709e-01	2.029676341971550693e-03	-2.615754412024928061e-02
2.100000000000000000e+02	1.724861999999999784e-01	1.978438216353906477e-03	-2.630963545810601975e-02
2.110000000000000000e+02	1.666701999999999628e-01	1.926906918132602429e-03	-2.645774908399827624e-02
2.120000000000000000e+02	1.608290999999999749e-01	1.875090238242708160e-03	-2.660186260486236895e-02
2.130000000000000000e+02	1.549637999999999571e-01	1.822996010765687075e-03	-2.674195423240416369e-02
2.140000000000000000e+02	1.490750999999999604e-01	1.770632111744987677e-03	-2.687800278639317086e-02
2.150000000000000000e+02	1.431639999999999580e-01	1.718006457995269751e-03	-2.700998769786476170e-02
2.160000000000000000e+02	1.372312999999999727e-01	1.665127005905468575e-03	-2.713788901222997929e-02
2.170000000000000000e+02	1.312778999999999752e-01	1.612001750235893651e-03	-2.726168739229240662e-02
2.180000000000000000e+02	1.253047999999999662e-01	1.558638722909506122e-03	-2.738136412117173762e-02
2.190000000000000000e+02	1.193127999999999689e-01	1.505045991797580689e-03	-2.749690110513357266e-02
2.200000000000000000e+02	1.133028999999999703e-01	1.451231659499947584e-03	-2.760828087632495598e-02
2.210000000000000000e+02	1.072757999999999629e-01	1.397203862119968587e-03	-2.771548659541532220e-02
2.220000000000000000e+02	1.012325999999999643e-01	1.342970768034446125e-03	-2.781850205414241814e-02
2.230000000000000000e+02	9.517421999999996218e-02	1.288540576658670595e-03	-2.791731167776278014e-02
2.240000000000000000e+02	8.910145999999996569e-02	1.233921517206758777e-03	-2.801190052740647543e-02
2.250000000000000000e+02	8.301530999999996718e-02	1.179121847447485872e-03	-2.810225430233568092e-02
2.260000000000000000e+02	7.691662999999997197e-02	1.124149852455817592e-03	-2.818835934210679045e-02
2.270000000000000000e+02	7.080637999999997434e-02	1.069013843360298432e-03	-2.827020262863570027e-02
2.280000000000000000e+02	6.468545999999997242e-02	1.013722156086498214e-03	-2.834777178816602627e-02
2.290000000000000000e+02	5.855479999999996937e-02	9.582831500967311459e-04	-2.842105509313982634e-02
2.300000000000000000e+02	5.241531999999996666e-02	9.027052071261858429e-04	-2.849004146397072015e-02
2.310000000000000000e+02	4.626795999999996911e-02	8.469967299157180702e-04	-2.855472047071895211e-02
2.320000000000000000e+02	4.011361999999996791e-02	7.911661409414483389e-04	-2.861508233466830350e-02
2.330000000000000000e+02	3.395323999999996789e-02	7.352218811413739358e-04	-2.867111792980451060e-02
2.340000000000000000e+02	2.778775999999996693e-02	6.791724086392102741e-04	-2.872281878419501860e-02
2.350000000000000000e+02	2.161807999999997010e-02	6.230261974656133538e-04	-2.877017708126982862e-02
2.360000000000000000e+02	1.544515999999996822e-02	5.667917362769996298e-04	-2.881318566100329187e-02
2.370000000000000000e+02	9.269902999999968252e-03	5.104775270721708053e-04	-2.885183802099659453e-02
2.380000000000000000e+02	3.093256999999968639e-03	4.540920839069044978e-04	-2.888612831746087753e-02
2.390000000000000000e+02	-3.083857000000031403e-03	3.976439316067214408e-04	-2.891605136610071736e-02
2.400000000000000000e+02	-9.260503000000031015e-03	3.411416044780428620e-04	-2.894160264289795739e-02
2.410000000000000000e+02	-1.543576000000003098e-02	2.845936450178962766e-04	-2.896277828479567121e-02
2.420000000000000000e+02	-2.160868000000003286e-02	2.280086026223827704e-04	-2.897957509028222314e-02
2.430000000000000000e+02	-2.777836000000002969e-02	1.713950322941194674e-04	-2.899199051987529085e-02
2.440000000000000000e+02	-3.394384000000003065e-02	1.147614933488163701e-04	-2.900002269650580472e-02
2.450000000000000000e+02	-4.010422000000003068e-02	5.811654812120089033e-05	-2.900367040580175207e-02
2.460000000000000000e+02	-4.625856000000003188e-02	1.468760670504144772e-06	-2.900293309627176297e-02
2.470000000000000000e+02	-5.240592000000002942e-02	-5.517330451433149059e-05	-2.899781087938849145e-02
2.480000000000000000e+02	-5.854540000000003214e-02	-1.118010838095100546e-04	-2.898830452957176437e-02
2.490000000000000000e+02	-6.467606000000003519e-02	-1.684060157510884083e-04	-2.897441548407149806e-02
2.500000000000000000e+02	-7.079698000000003710e-02	-2.249795423293865471e-04	-2.895614584275041023e-02
2.510000000000000000e+02	-7.690723000000003473e-02	-2.815131102828455183e-04	-2.893349836776653097e-02
2.520000000000000000e+02	-8.300591000000002995e-02	-3.379981723911870445e-04	-2.890647648315560272e-02
2.530000000000000000e+02	-8.909206000000002845e-02	-3.944261887676608121e-04	-2.887508427431340410e-02
2.540000000000000000e+02	-9.516482000000002495e-02	-4.507886281501637549e-04	-2.883932648737809468e-02
2.550000000000000000e+02	-1.012232000000000270e-01	-5.070769691910745856e-04	-2.879920852851263965e-02
2.560000000000000000e+02	-1.072664000000000256e-01	-5.632827017455881982e-04	-2.875473646308747411e-02
2.570000000000000000e+02	-1.132935000000000331e-01	-6.193973281583394159e-04	-2.870591701476347263e-02
2.580000000000000000e+02	-1.193034000000000316e-01	-6.754123645481555690e-04	-2.865275756447543606e-02
2.590000000000000000e+02	-1.252954000000000290e-01	-7.313193420907277299e-04	-2.859526614931614738e-02
2.600000000000000000e+02	-1.312685000000000379e-01	-7.871098082989860410e-04	-2.853345146132127766e-02
2.610000000000000000e+02	-1.372219000000000355e-01	-8.427753283010238792e-04	-2.846732284615525327e-02
2.620000000000000000e+02	-1.431546000000000207e-01	-8.983074861153592192e-04	-2.839689030169828543e-02
2.630000000000000000e+02	-1.490657000000000232e-01	-9.536978859233210181e-04	-2.832216447653480504e-02
2.640000000000000000e+02	-1.549544000000000199e-01	-1.008938153338406014e-03	-2.824315666834355254e-02
2.650000000000000000e+02	-1.608197000000000376e-01	-1.064019936672395061e-03	-2.815987882218945471e-02
2.660000000000000000e+02	-1.666608000000000256e-01	-1.118934908198016822e-03	-2.807234352871769770e-02
2.670000000000000000e+02	-1.724768000000000412e-01	-1.173674765408019936e-03	-2.798056402225016295e-02
2.680000000000000000e+02	-1.782669000000000337e-01	-1.228231232270402982e-03	-2.788455417878453468e-02
2.690000000000000000e+02	-1.840301000000000298e-01	-1.282596060479658821e-03	-2.778432851389645020e-02
2.700000000000000000e+02	-1.897656000000000343e-01	-1.336761030703830216e-03	-2.767990218054485960e-02
2.710000000000000000e+02	-1.954725000000000212e-01	-1.390717953827164469e-03	-2.757129096678111180e-02
2.720000000000000000e+02	-2.011500000000000232e-01	-1.444458672188219826e-03	-2.745851129336198543e-02
2.730000000000000000e+02	-2.067972000000000421e-01	-1.497975060813214621e-03	-2.734158021126701504e-02
2.740000000000000000e+02	-2.124132000000000242e-01	-1.551259028644417712e-03	-2.722051539912065041e-02
2.750000000000000000e+02	-2.179972000000000298e-01	-1.604302519763428202e-03	-2.709533516051940150e-02
2.760000000000000000e+02	-2.235484000000000360e-01	-1.657097514609142362e-03	-2.696605842126455904e-02
2.770000000000000000e+02	-2.290661000000000225e-01	-1.709636031190208023e-03	-2.683270472650083061e-02
2.780000000000000000e+02	-2.345489000000000324e-01	-1.761910126291813808e-03	-2.669529423776137445e-02
2.790000000000000000e+02	-2.399967000000000350e-01	-1.813911896676617371e-03	-2.655384772991954689e-02
2.800000000000000000e+02	-2.454084000000000265e-01	-1.865633480279611442e-03	-2.640838658804803632e-02
2.810000000000000000e+02	-2.507830000000000337e-01	-1.917067057396783236e-03	-2.625893280418567163e-02
2.820000000000000000e+02	-2.561197000000000057e-01	-1.968204851867368186e-03	-2.610550897401246392e-02
2.830000000000000000e+02	-2.614181000000000421e-01	-2.019039132249504567e-03	-2.594813829343342246e-02
2.840000000000000000e+02	-2.666771000000000558e-01	-2.069562212989142867e-03	-2.578684455507160300e-02
2.850000000000000000e+02	-2.718958000000000208e-01	-2.119766455582018649e-03	-2.562165214467091237e-02
2.860000000000000000e+02	-2.770737000000000338e-01	-2.169644269728492666e-03	-2.545258603740931450e-02
2.870000000000000000e+02	-2.822096000000000049e-01	-2.219188114481131149e-03	-2.527967179412280926e-02
2.880000000000000000e+02	-2.873033000000000392e-01	-2.268390499384796005e-03	-2.510293555744099250e-02
2.890000000000000000e+02	-2.923535000000000439e-01	-2.317243985609121742e-03	-2.492240404783456487e-02
2.900000000000000000e+02	-2.973600000000000132e-01	-2.365741187073184398e-03	-2.473810455957548698e-02
2.910000000000000000e+02	-3.023212000000000121e-01	-2.413874771562181647e-03	-2.455006495661043661e-02
2.920000000000000000e+02	-3.072374000000000493e-01	-2.461637461835983112e-03	-2.435831366834810552e-02
2.930000000000000000e+02	-3.121071000000000262e-01	-2.509022036729370922e-03	-2.416287968536094677e-02
2.940000000000000000e+02	-3.169298000000000393e-01	-2.556021332243785769e-03	-2.396379255500220851e-02
2.950000000000000000e+02	-3.217046000000000072e-01	-2.602628242630444441e-03	-2.376108237693867059e-02
2.960000000000000000e+02	-3.264311000000000296e-01	-2.648835721464652768e-03	-2.355477979859993409e-02
2.970000000000000000e+02	-3.311086000000000307e-01	-2.694636782711132706e-03	-2.334491601054488816e-02
2.980000000000000000e+02	-3.357360000000000344e-01	-2.740024501780236911e-03	-2.313152274174606893e-02
2.990000000000000000e+02	-3.403130000000000321e-01	-2.784992016574867370e-03	-2.291463225479257668e-02
3.000000000000000000e+02	-3.448387000000000535e-01	-2.829532528527939350e-03	-2.269427734101238034e-02
3.010000000000000000e+02	-3.493124000000000229e-01	-2.873639303630247561e-03	-2.247049131551463741e-02
3.020000000000000000e+02	-3.537337000000000398e-01	-2.917305673448578399e-03	-2.224330801215280984e-02
3.030000000000000000e+02	-3.581014000000000141e-01	-2.960525036133884388e-03	-2.201276177840943288e-02
3.040000000000000000e+02	-3.624156000000000044e-01	-3.003290857419424562e-03	-2.177888747020310239e-02
3.050000000000000000e+02	-3.666748000000000229e-01	-3.045596671608655649e-03	-2.154172044661872495e-02
3.060000000000000000e+02	-3.708791000000000171e-01	-3.087436082552774772e-03	-2.130129656456162743e-02
3.070000000000000000e+02	-3.750273000000000079e-01	-3.128802764617750597e-03	-2.105765217333635184e-02
3.080000000000000000e+02	-3.791192000000000450e-01	-3.169690463640675079e-03	-2.081082410915112424e-02
3.090000000000000000e+02	-3.831539000000000472e-01	-3.210092997875323931e-03	-2.056084968954864298e-02
3.100000000000000000e+02	-3.871309000000000555e-01	-3.250004258926770563e-03	-2.030776670776403281e-02
3.110000000000000000e+02	-3.910495000000000498e-01	-3.289418212674896473e-03	-2.005161342701104396e-02
3.120000000000000000e+02	-3.949094000000000215e-01	-3.328328900186683630e-03	-1.979242857469703035e-02
3.130000000000000000e+02	-3.987098000000000586e-01	-3.366730438617140074e-03	-1.953025133656779988e-02
3.140000000000000000e+02	-4.024499000000000271e-01	-3.404617022098709988e-03	-1.926512135078326318e-02
3.150000000000000000e+02	-4.061297000000000379e-01	-3.441982922619057656e-03	-1.899707870192453643e-02
3.160000000000000000e+02	-4.097484000000000126e-01	-3.478822490887083056e-03	-1.872616391493360857e-02
3.170000000000000000e+02	-4.133051000000000363e-01	-3.515130157187014263e-03	-1.845241794898652005e-02
3.180000000000000000e+02	-4.167998000000000536e-01	-3.550900432220493834e-03	-1.817588219130073998e-02
3.190000000000000000e+02	-4.202315000000000356e-01	-3.586127907936503476e-03	-1.789659845087786944e-02
3.200000000000000000e+02	-4.236002000000000378e-01	-3.620807258348983457e-03	-1.761460895218270109e-02
3.210000000000000000e+02	-4.269047000000000258e-01	-3.654933240342068262e-03	-1.732995632875931891e-02
3.220000000000000000e+02	-4.301452000000000053e-01	-3.688500694462786694e-03	-1.704268361678537569e-02
3.230000000000000000e+02	-4.333210000000000117e-01	-3.721504545701103707e-03	-1.675283424856558942e-02
3.240000000000000000e+02	-4.364314000000000249e-01	-3.753939804257217655e-03	-1.646045204596517306e-02
3.250000000000000000e+02	-4.394761000000000362e-01	-3.785801566295941660e-03	-1.616558121378459945e-02
3.260000000000000000e+02	-4.424545000000000283e-01	-3.817085014688118786e-03	-1.586826633307626688e-02
3.270000000000000000e+02	-4.453665000000000540e-01	-3.847785419738912732e-03	-1.556855235440440972e-02
3.280000000000000000e+02	-4.482111000000000289e-01	-3.877898139902882964e-03	-1.526648459104906416e-02
3.290000000000000000e+02	-4.509884000000000115e-01	-3.907418622485736744e-03	-1.496210871215518205e-02
3.300000000000000000e+02	-4.536978000000000399e-01	-3.936342404332634874e-03	-1.465547073582809147e-02
3.310000000000000000e+02	-4.563388000000000444e-01	-3.964665112502975715e-03	-1.434661702217601698e-02
3.320000000000000000e+02	-4.589112000000000191e-01	-3.992382464931529956e-03	-1.403559426630099360e-02
3.330000000000000000e+02	-4.614146000000000081e-01	-4.019490271075841156e-03	-1.372244949123911477e-02
3.340000000000000000e+02	-4.638482000000000438e-01	-4.045984432549791857e-03	-1.340723004085112025e-02
3.350000000000000000e+02	-4.662122000000000210e-01	-4.071860943743219920e-03	-1.308998357266467905e-02
3.360000000000000000e+02	-4.685058000000000278e-01	-4.097115892427530444e-03	-1.277075805066904199e-02
3.370000000000000000e+02	-4.707287000000000554e-01	-4.121745460347175753e-03	-1.244960173806344828e-02
3.380000000000000000e+02	-4.728810000000000513e-01	-4.145745923796930604e-03	-1.212656318996031130e-02
3.390000000000000000e+02	-4.749620000000000508e-01	-4.169113654184875006e-03	-1.180169124604425919e-02
3.400000000000000000e+02	-4.769716000000000511e-01	-4.191845118581000521e-03	-1.147503502318804498e-02
3.410000000000000000e+02	-4.789091000000000320e-01	-4.213936880251334220e-03	-1.114664390802678692e-02
3.420000000000000000e+02	-4.807747000000000548e-01	-4.235385599177545618e-03	-1.081656754949119649e-02
3.430000000000000000e+02	-4.825680000000000525e-01	-4.256188032561915129e-03	-1.048485585130124777e-02
3.440000000000000000e+02	-4.842883000000000049e-01	-4.276341035317604219e-03	-1.015155896442131687e-02
3.450000000000000000e+02	-4.859359000000000317e-01	-4.295841560544159596e-03	-9.816727279477967597e-03
3.460000000000000000e+02	-4.875101000000000573e-01	-4.314686659988172489e-03	-9.480411419141365065e-03
3.470000000000000000e+02	-4.890111000000000319e-01	-4.332873484489011516e-03	-9.142662230471868337e-03
3.480000000000000000e+02	-4.904384000000000521e-01	-4.350399284409589215e-03	-8.803530777232440249e-03
3.490000000000000000e+02	-4.917917000000000538e-01	-4.367261410052073779e-03	-8.463068332168435792e-03
3.500000000000000000e+02	-4.930711000000000399e-01	-4.383457312058490485e-03	-8.121326369255766481e-03
3.510000000000000000e+02	-4.942763000000000573e-01	-4.398984541796162502e-03	-7.778356555918537925e-03
3.520000000000000000e+02	-4.954069000000000389e-01	-4.413840751727906089e-03	-7.434210745217688897e-03
3.530000000000000000e+02	-4.964630000000000432e-01	-4.428023695766955016e-03	-7.088940968011301497e-03
3.540000000000000000e+02	-4.974441000000000557e-01	-4.441531229616544826e-03	-6.742599425088170555e-03
3.550000000000000000e+02	-4.983506000000000324e-01	-4.454361311094104901e-03	-6.395238479275642748e-03
3.560000000000000000e+02	-4.991820000000000146e-01	-4.466512000440008880e-03	-6.046910647522994384e-03
3.570000000000000000e+02	-4.999381000000000519e-01	-4.477981460610850478e-03	-5.697668592961373929e-03
3.580000000000000000e+02	-5.006190000000000362e-01	-4.488767957557176190e-03	-5.347565116941900044e-03
3.590000000000000000e+02	-5.012244000000000144e-01	-4.498869860485660115e-03	-4.996653151052604658e-03
3.600000000000000000e+02	-5.017544000000000448e-01	-4.508285642105654134e-03	-4.644985749115819636e-03
3.610000000000000000e+02	-5.022087000000000634e-01	-4.517013878860102159e-03	-4.292616079167051353e-03
3.620000000000000000e+02	-5.025876000000000232e-01	-4.525053251140763802e-03	-3.939597415416617315e-03
3.630000000000000000e+02	-5.028907000000000238e-01	-4.532402543487724055e-03	-3.585983130195099112e-03
3.640000000000000000e+02	-5.031179000000000068e-01	-4.539060644773152547e-03	-3.231826685884217187e-03
3.650000000000000000e+02	-5.032695999999999836e-01	-4.545026548369301977e-03	-2.877181626833838230e-03
3.660000000000000000e+02	-5.033547999999999911e-01	-4.550299352300687591e-03	-2.522101571266715907e-03
3.670000000000000000e+02	-5.033454000000000539e-01	-4.554878259380467677e-03	-2.166640203172059964e-03
3.680000000000000000e+02	-5.021453000000000166e-01	-4.558762577330956536e-03	-1.810851264189038308e-03
3.690000000000000000e+02	-5.019940000000000513e-01	-4.561951718888299437e-03	-1.454788545481818397e-03
3.700000000000000000e+02	-5.017672000000000798e-01	-4.564445201891253155e-03	-1.098505879606862662e-03
3.710000000000000000e+02	-5.014646999999999855e-01	-4.566242649354085130e-03	-7.420571323740965614e-04
3.720000000000000000e+02	-5.010866999999999960e-01	-4.567343789523571271e-03	-3.854961947030220259e-04
3.730000000000000000e+02	-5.006333000000000588e-01	-4.567748455920079415e-03	-2.887697447506055998e-05
3.740000000000000000e+02	-5.001045000000000629e-01	-4.567456587362741030e-03	3.277466116167961790e-04
3.750000000000000000e+02	-4.995004000000000111e-01	-4.566468227978698162e-03	6.843206462194114043e-04
3.760000000000000000e+02	-4.988211000000000173e-01	-4.564783527196436021e-03	1.040791219471285008e-03
3.770000000000000000e+02	-4.980666000000000260e-01	-4.562402739723187342e-03	1.397104437153073864e-03
3.780000000000000000e+02	-4.972371000000000429e-01	-4.559326225506426730e-03	1.753206428835773741e-03
3.790000000000000000e+02	-4.963329000000000213e-01	-4.555554449679447178e-03	2.109043356025277084e-03
3.800000000000000000e+02	-4.953538000000000108e-01	-4.551087982491040448e-03	2.464561420302233651e-03
3.810000000000000000e+02	-4.943000000000000171e-01	-4.545927499219282186e-03	2.819706871455592533e-03
3.820000000000000000e+02	-4.931719000000000519e-01	-4.540073780069435634e-03	3.174426015609113551e-03
3.830000000000000000e+02	-4.919695000000000040e-01	-4.533527710055993039e-03	3.528665223339236701e-03
3.840000000000000000e+02	-4.906932000000000516e-01	-4.526290278868875562e-03	3.882370937783198757e-03
3.850000000000000000e+02	-4.893428000000000222e-01	-4.518362580723799503e-03	4.235489682736316534e-03
3.860000000000000000e+02	-4.879186000000000356e-01	-4.509745814196845261e-03	4.587968070736814404e-03
3.870000000000000000e+02	-4.864210000000000478e-01	-4.500441282043248989e-03	4.939752811137490020e-03
3.880000000000000000e+02	-4.848502000000000089e-01	-4.490450391000435151e-03	5.290790718162623196e-03
3.890000000000000000e+02	-4.832064000000000359e-01	-4.479774651575341160e-03	5.641028718949040247e-03
3.900000000000000000e+02	-4.814898000000000233e-01	-4.468415677816041029e-03	5.990413861570098239e-03
3.910000000000000000e+02	-4.797006000000000325e-01	-4.456375187067720088e-03	6.338893323041498024e-03
3.920000000000000000e+02	-4.778394000000000252e-01	-4.443654999713037186e-03	6.686414417307360442e-03
3.930000000000000000e+02	-4.759059000000000483e-01	-4.430257038896898668e-03	7.032924603205844942e-03
3.940000000000000000e+02	-4.739009000000000138e-01	-4.416183330235703107e-03	7.378371492412737209e-03
3.950000000000000000e+02	-4.718247000000000413e-01	-4.401436001511092357e-03	7.722702857361966704e-03
3.960000000000000000e+02	-4.696772000000000169e-01	-4.386017282348256621e-03	8.065866639141768685e-03
3.970000000000000000e+02	-4.674590000000000134e-01	-4.369929503878835185e-03	8.407810955365503658e-03
3.980000000000000000e+02	-4.651705000000000423e-01	-4.353175098388482184e-03	8.748484108015512281e-03
3.990000000000000000e+02	-4.628119000000000538e-01	-4.335756598949133851e-03	9.087834591259362146e-03
4.000000000000000000e+02	-4.603838000000000097e-01	-4.317676639036030148e-03	9.425811099236904370e-03
4.010000000000000000e+02	-4.578859000000000123e-01	-4.298937952129574039e-03	9.762362533817131247e-03
4.020000000000000000e+02	-4.553194000000000408e-01	-4.279543371302052708e-03	1.009743801232358337e-02
4.030000000000000000e+02	-4.526844000000000423e-01	-4.259495828789311780e-03	1.043098687522733478e-02
4.040000000000000000e+02	-4.499809000000000170e-01	-4.238798355547436329e-03	1.076295869380597230e-02
4.050000000000000000e+02	-4.472099000000000490e-01	-4.217454080794507190e-03	1.109330327776792725e-02
4.060000000000000000e+02	-4.443715000000000304e-01	-4.195466231537496767e-03	1.142197068284065212e-02
4.070000000000000000e+02	-4.414661000000000279e-01	-4.172838132084384991e-03	1.174891121832157860e-02
4.080000000000000000e+02	-4.384941000000000533e-01	-4.149573203541556156e-03	1.207407545459088585e-02
4.090000000000000000e+02	-4.354562000000000155e-01	-4.125674963296578103e-03	1.239741423058453133e-02
4.100000000000000000e+02	-4.323529000000000400e-01	-4.101147024486406258e-03	1.271887866122693375e-02
4.110000000000000000e+02	-4.291842000000000157e-01	-4.075993095451120075e-03	1.303842014482180754e-02
4.120000000000000000e+02	-4.259510000000000240e-01	-4.050216979173267354e-03	1.335599037040017742e-02
4.130000000000000000e+02	-4.226537000000000210e-01	-4.023822572702898809e-03	1.367154132502440382e-02
4.140000000000000000e+02	-4.192926000000000153e-01	-3.996813866568367513e-03	1.398502530104729115e-02
4.150000000000000000e+02	-4.158686000000000327e-01	-3.969194944173025895e-03	1.429639490332477482e-02
4.160000000000000000e+02	-4.123817000000000177e-01	-3.940969981177849801e-03	1.460560305638162679e-02
4.170000000000000000e+02	-4.088329000000000546e-01	-3.912143244870127518e-03	1.491260301152868423e-02
4.180000000000000000e+02	-4.052225000000000410e-01	-3.882719093518301363e-03	1.521734835393072187e-02
4.190000000000000000e+02	-4.015509000000000439e-01	-3.852701975713045558e-03	1.551979300962380744e-02
4.200000000000000000e+02	-3.978189000000000308e-01	-3.822096429694681833e-03	1.581989125248123643e-02
4.210000000000000000e+02	-3.940270000000000161e-01	-3.790907082667067246e-03	1.611759771112667577e-02
4.220000000000000000e+02	-3.901758000000000171e-01	-3.759138650098001015e-03	1.641286737579385896e-02
4.230000000000000000e+02	-3.862660000000000537e-01	-3.726795935006306081e-03	1.670565560513152456e-02
4.240000000000000000e+02	-3.822979000000000238e-01	-3.693883827235669090e-03	1.699591813295267193e-02
4.250000000000000000e+02	-3.782721000000000555e-01	-3.660407302715344181e-03	1.728361107492713475e-02
4.260000000000000000e+02	-3.741894000000000053e-01	-3.626371422707863265e-03	1.756869093521630509e-02
4.270000000000000000e+02	-3.700505000000000044e-01	-3.591781333043823042e-03	1.785111461304924804e-02
4.280000000000000000e+02	-3.658558000000000088e-01	-3.556642263343897086e-03	1.813083940923904125e-02
4.290000000000000000e+02	-3.616059000000000356e-01	-3.520959526228178375e-03	1.840782303263838529e-02
4.300000000000000000e+02	-3.573015000000000496e-01	-3.484738516512974130e-03	1.868202360653351685e-02
4.310000000000000000e+02	-3.529434000000000182e-01	-3.447984710395163126e-03	1.895339967497556080e-02
4.320000000000000000e+02	-3.485321000000000113e-01	-3.410703664624273757e-03	1.922191020904807576e-02
4.330000000000000000e+02	-3.440684000000000520e-01	-3.372901015662354857e-03	1.948751461307022745e-02
4.340000000000000000e+02	-3.395528000000000435e-01	-3.334582478831814908e-03	1.975017273073436178e-02
4.350000000000000000e+02	-3.349860000000000060e-01	-3.295753847451327653e-03	2.000984485117717274e-02
4.360000000000000000e+02	-3.303689000000000209e-01	-3.256420991959955036e-03	2.026649171498351790e-02
4.370000000000000000e+02	-3.257019000000000442e-01	-3.216589859029590250e-03	2.052007452012204539e-02
4.380000000000000000e+02	-3.209859000000000462e-01	-3.176266470665912132e-03	2.077055492781151522e-02
4.390000000000000000e+02	-3.162218000000000528e-01	-3.135456923297910356e-03	2.101789506831723206e-02
4.400000000000000000e+02	-3.114098000000000144e-01	-3.094167386856183036e-03	2.126205754667651396e-02
4.410000000000000000e+02	-3.065508000000000122e-01	-3.052404103840115641e-03	2.150300544835235389e-02
4.420000000000000000e+02	-3.016461000000000281e-01	-3.010173388374077792e-03	2.174070234481452132e-02
4.430000000000000000e+02	-2.966955000000000564e-01	-2.967481625252814913e-03	2.197511229904705946e-02
4.440000000000000000e+02	-2.917004000000000263e-01	-2.924335268976133596e-03	2.220619987098159179e-02
4.450000000000000000e+02	-2.866614000000000106e-01	-2.880740842773055893e-03	2.243393012285543886e-02
4.460000000000000000e+02	-2.815793000000000323e-01	-2.836704937615583486e-03	2.265826862449381654e-02
4.470000000000000000e+02	-2.764545000000000474e-01	-2.792234211222223515e-03	2.287918145851523463e-02
4.480000000000000000e+02	-2.712883000000000377e-01	-2.747335387051404870e-03	2.309663522545950601e-02
4.490000000000000000e+02	-2.660813000000000206e-01	-2.702015253284987921e-03	2.331059704883723868e-02
4.500000000000000000e+02	-2.608341000000000132e-01	-2.656280661801958300e-03	2.352103458010046041e-02
4.510000000000000000e+02	-2.555476000000000414e-01	-2.610138527142505990e-03	2.372791600353332461e-02
4.520000000000000000e+02	-2.502227000000000201e-01	-2.563595825462623712e-03	2.393121004106226607e-02
4.530000000000000000e+02	-2.448600000000000221e-01	-2.516659593479400690e-03	2.413088595698487798e-02
4.540000000000000000e+02	-2.394606000000000234e-01	-2.469336927407135823e-03	2.432691356261686838e-02
4.550000000000000000e+02	-2.340251000000000414e-01	-2.421634981884495351e-03	2.451926322085610371e-02
4.560000000000000000e+02	-2.285543000000000435e-01	-2.373560968892797409e-03	2.470790585066352102e-02
4.570000000000000000e+02	-2.230490000000000250e-01	-2.325122156665650284e-03	2.489281293145976723e-02
4.580000000000000000e+02	-2.175102000000000424e-01	-2.276325868590082721e-03	2.507395650743720478e-02
4.590000000000000000e+02	-2.119386000000000325e-01	-2.227179482099317636e-03	2.525130919178654107e-02
4.600000000000000000e+02	-2.063351000000000213e-01	-2.177690427557411705e-03	2.542484417083733239e-02
4.610000000000000000e+02	-2.007006000000000345e-01	-2.127866187135856249e-03	2.559453520811193206e-02
4.620000000000000000e+02	-1.950358000000000369e-01	-2.077714293682361452e-03	2.576035664829215074e-02
4.630000000000000000e+02	-1.893416000000000265e-01	-2.027242329581980477e-03	2.592228342109802880e-02
4.640000000000000000e+02	-1.836190000000000322e-01	-1.976457925610741739e-03	2.608029104507816193e-02
4.650000000000000000e+02	-1.778686000000000433e-01	-1.925368759781950680e-03	2.623435563131106679e-02
4.660000000000000000e+02	-1.720915000000000361e-01	-1.873982556185382420e-03	2.638445388701682673e-02
4.670000000000000000e+02	-1.662885000000000335e-01	-1.822307083819479142e-03	2.653056311907876080e-02
4.680000000000000000e+02	-1.604604000000000308e-01	-1.770350155416767091e-03	2.667266123747430787e-02
4.690000000000000000e+02	-1.546082000000000289e-01	-1.718119626262662979e-03	2.681072675861482721e-02
4.700000000000000000e+02	-1.487327000000000232e-01	-1.665623393007851063e-03	2.694473880859363235e-02
4.710000000000000000e+02	-1.428347000000000366e-01	-1.612869392474383786e-03	2.707467712634191795e-02
4.720000000000000000e+02	-1.369153000000000175e-01	-1.559865600455750782e-03	2.720052206669196226e-02
4.730000000000000000e+02	-1.309753000000000445e-01	-1.506620030511015337e-03	2.732225460334726172e-02
4.740000000000000000e+02	-1.250155000000000294e-01	-1.453140732753260963e-03	2.743985633175911182e-02
4.750000000000000000e+02	-1.190369000000000288e-01	-1.399435792632507895e-03	2.755330947190912094e-02
4.760000000000000000e+02	-1.130403000000000380e-01	-1.345513329713290311e-03	2.766259687099735867e-02
4.770000000000000000e+02	-1.070268000000000330e-01	-1.291381496447056723e-03	2.776770200603569452e-02
4.780000000000000000e+02	-1.009971000000000341e-01	-1.237048476939637664e-03	2.786860898634582057e-02
4.790000000000000000e+02	-9.495220000000002825e-02	-1.182522485713887166e-03	2.796530255596178099e-02
4.800000000000000000e+02	-8.889302000000003090e-02	-1.127811766467747175e-03	2.805776809593648821e-02
4.810000000000000000e+02	-8.282045000000003154e-02	-1.072924590827899248e-03	2.814599162655192360e-02
4.820000000000000000e+02	-7.673540000000003691e-02	-1.017869257099174871e-03	2.822995980943273503e-02
4.830000000000000000e+02	-7.063880000000002934e-02	-9.626540890099710137e-04	2.830965994956282858e-02
4.840000000000000000e+02	-6.453156000000002945e-02	-9.072874344537840401e-04	2.838507999720469785e-02
4.850000000000000000e+02	-5.841461000000003345e-02	-8.517776642271082796e-04	2.845620854972122707e-02
4.860000000000000000e+02	-4.922294000000003444e-02	-7.961331707638690577e-04	2.852303485329961766e-02
4.870000000000000000e+02	-4.615521000000002982e-02	-7.403623668665873991e-04	2.858554880457726127e-02
4.880000000000000000e+02	-4.001461000000003376e-02	-6.844736844344462973e-04	2.864374095216922975e-02
4.890000000000000000e+02	-3.386800000000003003e-02	-6.284755731885088934e-04	2.869760249809723274e-02
4.900000000000000000e+02	-2.771629000000003229e-02	-5.723764993942027316e-04	2.874712529911975512e-02
4.910000000000000000e+02	-2.156040000000003162e-02	-5.161849445813227084e-04	2.879230186796322838e-02
4.920000000000000000e+02	-1.540126000000003118e-02	-4.599094042617217449e-04	2.883312537445401752e-02
4.930000000000000000e+02	-9.260503000000031015e-03	-4.035583866448923598e-04	2.886958964655106374e-02
4.940000000000000000e+02	-3.083857000000031403e-03	-3.471404113516070875e-04	2.890168917127903733e-02
4.950000000000000000e+02	3.093256999999968639e-03	-2.906640081258756174e-04	2.892941909556181676e-02
4.960000000000000000e+02	9.269902999999968252e-03	-2.341377155453295970e-04	2.895277522695623162e-02
4.970000000000000000e+02	1.544515999999996822e-02	-1.775700797302932725e-04	2.897175403428589244e-02
4.980000000000000000e+02	2.161807999999997010e-02	-1.209696530517124656e-04	2.898635264817509341e-02
4.990000000000000000e+02	2.778775999999996693e-02	-6.434499283811955807e-05	2.899656886148260088e-02
5.000000000000000000e+02	3.395323999999996789e-02	-7.704660081888724374e-06	2.900240112963536898e-02
5.010000000000000000e+02	4.011361999999996791e-02	4.894278185510316182e-05	2.900384857086204735e-02
5.020000000000000000e+02	4.626795999999996911e-02	1.055887685361534380e-04	2.900091096632629456e-02
5.030000000000000000e+02	5.241531999999996666e-02	1.622247357445772526e-04	2.899358876015987324e-02
5.040000000000000000e+02	5.855479999999996937e-02	2.188421207785139157e-04	2.898188305939548848e-02
5.050000000000000000e+02	6.468545999999997242e-02	2.754323637455242490e-04	2.896579563379943906e-02
5.060000000000000000e+02	7.080637999999997434e-02	3.319869088567229429e-04	2.894532891560402596e-02
5.070000000000000000e+02	7.691662999999997197e-02	3.884972057203308162e-04	2.892048599913984303e-02
5.080000000000000000e+02	8.301530999999996718e-02	4.449547106343907515e-04	2.889127064036793938e-02
5.090000000000000000e+02	8.910145999999996569e-02	5.013508878784768115e-04	2.885768725631196810e-02
5.100000000000000000e+02	9.517421999999996218e-02	5.576772110041916791e-04	2.881974092439038362e-02
5.110000000000000000e+02	1.012325999999999643e-01	6.139251641242835823e-04	2.877743738164878495e-02
