0.000000000000000000e+00	-7.529748000000001905e-03	-5.359090275888272678e-04	3.495401067910643839e-02
1.000000000000000000e+00	5.494999999787868465e-05	-4.676005053814102593e-04	3.499303800899165873e-02
2.000000000000000000e+00	7.639647999999998017e-03	-3.992209045941732116e-04	3.502679423118293389e-02
3.000000000000000000e+00	1.522319999999999750e-02	-3.307805254542562517e-04	3.505527426087789999e-02
4.000000000000000000e+00	2.280447999999999850e-02	-2.622896773440277856e-04	3.507847380804311049e-02
5.000000000000000000e+00	3.038230999999999918e-02	-1.937586772481503120e-04	3.509638937806024844e-02
6.000000000000000000e+00	3.795559999999999906e-02	-1.251978481995022127e-04	3.510901827225253874e-02
7.000000000000000000e+00	4.552316000000000001e-02	-5.661751772418766179e-05	3.511635858829124934e-02
8.000000000000000000e+00	5.308388999999999469e-02	1.197198371413011856e-05	3.511840922048226760e-02
9.000000000000000000e+00	6.063662999999999692e-02	8.056032427033771488e-05	3.511516985993263368e-02
1.000000000000000000e+01	6.818024999999999780e-02	1.491371722741888705e-04	3.510664099459707282e-02
1.100000000000000000e+01	7.568732999999999711e-02	2.176921977865956838e-04	3.509282390920449857e-02
1.200000000000000000e+01	8.320666000000000173e-02	2.862150741556582136e-04	3.507372068506448698e-02
1.300000000000000000e+01	9.071350000000000247e-02	3.546954795721998549e-04	3.504933419975375664e-02
1.400000000000000000e+01	9.820666000000000118e-02	4.231230986245724515e-04	3.501966812668274448e-02
1.500000000000000000e+01	1.056850500000000026e-01	4.914876238524989354e-04	3.498472693454220822e-02
1.600000000000000000e+01	1.131475499999999995e-01	5.597787572997162424e-04	3.494451588663013281e-02
1.700000000000000000e+01	1.205929500000000043e-01	6.279862120651885172e-04	3.489904104005892016e-02
1.800000000000000000e+01	1.280202500000000021e-01	6.960997138526541167e-04	3.484830924484295239e-02
1.900000000000000000e+01	1.354283500000000029e-01	7.641090025182741214e-04	3.479232814286676440e-02
2.000000000000000000e+01	1.428159499999999971e-01	8.320038336161493043e-04	3.473110616673392298e-02
2.100000000000000000e+01	1.501821499999999865e-01	8.997739799414710467e-04	3.466465253849682071e-02
2.200000000000000000e+01	1.575256499999999893e-01	9.674092330710775409e-04	3.459297726826748159e-02
2.300000000000000000e+01	1.648454500000000045e-01	1.034899404901179140e-03	3.451609115270976719e-02
2.400000000000000000e+01	1.721404500000000004e-01	1.102234329182023333e-03	3.443400577341298313e-02
2.500000000000000000e+01	1.794095500000000010e-01	1.169403863049267968e-03	3.434673349514736490e-02
2.600000000000000000e+01	1.866516500000000023e-01	1.236397888551831912e-03	3.425428746400149133e-02
2.700000000000000000e+01	1.938656500000000005e-01	1.303206314175991325e-03	3.415668160540206999e-02
2.800000000000000000e+01	2.010503499999999888e-01	1.369819076365497894e-03	3.405393062201629573e-02
2.900000000000000000e+01	2.082049499999999997e-01	1.436226141037480605e-03	3.394604999153716385e-02
3.000000000000000000e+01	2.153280499999999931e-01	1.502417505093910522e-03	3.383305596435199486e-02
3.100000000000000000e+01	2.224188500000000013e-01	1.568383197928398731e-03	3.371496556109462167e-02
3.200000000000000000e+01	2.294760499999999870e-01	1.634113282928097589e-03	3.359179657008146136e-02
3.300000000000000000e+01	2.364987500000000076e-01	1.699597858970484975e-03	3.346356754463207517e-02
3.400000000000000000e+01	2.434859500000000065e-01	1.764827061914799305e-03	3.333029780027436939e-02
3.500000000000000000e+01	2.504364499999999771e-01	1.829791066087903696e-03	3.319200741183509634e-02
3.600000000000000000e+01	2.573490500000000236e-01	1.894480085764360276e-03	3.304871721041584970e-02
3.700000000000000000e+01	2.642230500000000148e-01	1.958884376640480235e-03	3.290044878025527586e-02
3.800000000000000000e+01	2.710572499999999718e-01	2.022994237302140359e-03	3.274722445547775113e-02
3.900000000000000000e+01	2.778508499999999826e-01	2.086800010686135770e-03	3.258906731672911450e-02
4.000000000000000000e+01	2.846022500000000011e-01	2.150292085534852033e-03	3.242600118769996959e-02
4.100000000000000000e+01	2.913109500000000129e-01	2.213460897844039561e-03	3.225805063153705521e-02
4.200000000000000000e+01	2.979758499999999866e-01	2.276296932303467635e-03	3.208524094714321206e-02
4.300000000000000000e+01	3.045958500000000013e-01	2.338790723730243149e-03	3.190759816536654220e-02
4.400000000000000000e+01	3.111700499999999758e-01	2.400932858494584168e-03	3.172514904507930250e-02
4.500000000000000000e+01	3.176972499999999866e-01	2.462713975937818028e-03	3.153792106914712207e-02
4.600000000000000000e+01	3.241767500000000135e-01	2.524124769782411411e-03	3.134594244028918869e-02
4.700000000000000000e+01	3.306072500000000192e-01	2.585155989533798222e-03	3.114924207682997354e-02
4.800000000000000000e+01	3.369880499999999834e-01	2.645798441873812700e-03	3.094784960834320170e-02
4.900000000000000000e+01	3.433182499999999915e-01	2.706042992045506589e-03	3.074179537118863423e-02
5.000000000000000000e+01	3.495965500000000059e-01	2.765880565229143079e-03	3.053111040394241443e-02
5.100000000000000000e+01	3.558225500000000152e-01	2.825302147909170176e-03	3.031582644272163771e-02
5.200000000000000000e+01	3.619946499999999734e-01	2.884298789231945839e-03	3.009597591640384567e-02
5.300000000000000000e+01	3.681122499999999742e-01	2.942861602354037050e-03	2.987159194174216631e-02
5.400000000000000000e+01	3.741746499999999975e-01	3.000981765780874697e-03	2.964270831837681822e-02
5.500000000000000000e+01	3.801805500000000060e-01	3.058650524695555230e-03	2.940935952374380824e-02
5.600000000000000000e+01	3.861291499999999766e-01	3.115859192277612572e-03	2.917158070788144347e-02
5.700000000000000000e+01	3.920195499999999944e-01	3.172599151011533478e-03	2.892940768813560132e-02
5.800000000000000000e+01	3.978512499999999896e-01	3.228861853984843749e-03	2.868287694376445499e-02
5.900000000000000000e+01	4.036228499999999775e-01	3.284638826175558402e-03	2.843202561044347668e-02
6.000000000000000000e+01	4.093336499999999933e-01	3.339921665728792441e-03	2.817689147467159969e-02
6.100000000000000000e+01	4.149828500000000142e-01	3.394702045222366092e-03	2.791751296807928884e-02
6.200000000000000000e+01	4.205694500000000113e-01	3.448971712921184221e-03	2.765392916163950804e-02
6.300000000000000000e+01	4.260927500000000201e-01	3.502722494020219911e-03	2.738617975978232741e-02
6.400000000000000000e+01	4.315519500000000175e-01	3.555946291875916598e-03	2.711430509441408593e-02
6.500000000000000000e+01	4.369462499999999805e-01	3.608635089225801021e-03	2.683834611884213309e-02
6.600000000000000000e+01	4.422747499999999943e-01	3.660780949396156506e-03	2.655834440160587465e-02
6.700000000000000000e+01	4.475364499999999746e-01	3.712376017497541914e-03	2.627434212021517723e-02
6.800000000000000000e+01	4.527308500000000180e-01	3.763412521607999248e-03	2.598638205479705462e-02
6.900000000000000000e+01	4.578573499999999963e-01	3.813882773943765188e-03	2.569450758165155863e-02
7.000000000000000000e+01	4.629145499999999802e-01	3.863779172017300055e-03	2.539876266671788063e-02
7.100000000000000000e+01	4.679023500000000224e-01	3.913094199782479396e-03	2.509919185895160762e-02
7.200000000000000000e+01	4.728194499999999745e-01	3.961820428766750848e-03	2.479584028361421846e-02
7.300000000000000000e+01	4.776654499999999914e-01	4.009950519190115352e-03	2.448875363547568795e-02
7.400000000000000000e+01	4.824393499999999890e-01	4.057477221070739277e-03	2.417797817193136425e-02
7.500000000000000000e+01	4.871409500000000170e-01	4.104393375317034846e-03	2.386356070603408777e-02
7.600000000000000000e+01	4.917688499999999796e-01	4.150691914806064857e-03	2.354554859944256451e-02
7.700000000000000000e+01	4.963228499999999821e-01	4.196365865448078297e-03	2.322398975528716311e-02
7.800000000000000000e+01	5.008021499999999460e-01	4.241408347237040667e-03	2.289893261095412441e-02
7.900000000000000000e+01	5.052059500000000147e-01	4.285812575286993345e-03	2.257042613078926591e-02
8.000000000000000000e+01	5.095337500000000075e-01	4.329571860854073730e-03	2.223851979872235735e-02
8.100000000000000000e+01	5.137847500000000123e-01	4.372679612344071258e-03	2.190326361081318396e-02
8.200000000000000000e+01	5.179586499999999649e-01	4.415129336305329347e-03	2.156470806772051510e-02
8.300000000000000000e+01	5.220542500000000530e-01	4.456914638406883102e-03	2.122290416709500874e-02
8.400000000000000000e+01	5.260712499999999903e-01	4.498029224401648915e-03	2.087790339589729732e-02
8.500000000000000000e+01	5.300090499999999816e-01	4.538466901074548858e-03	2.052975772264235485e-02
8.600000000000000000e+01	5.338671499999999570e-01	4.578221577175418076e-03	2.017851958957129349e-02
8.700000000000000000e+01	5.376448499999999520e-01	4.617287264336539937e-03	1.982424190475187004e-02
8.800000000000000000e+01	5.413416500000000076e-01	4.655658077974697898e-03	1.946697803410874297e-02
8.900000000000000000e+01	5.449567499999999898e-01	4.693328238177586244e-03	1.910678179338482982e-02
9.000000000000000000e+01	5.484898499999999455e-01	4.730292070574457393e-03	1.874370744003487146e-02
9.100000000000000000e+01	5.519403499999999685e-01	4.766544007190867856e-03	1.837780966505244556e-02
9.200000000000000000e+01	5.553078500000000473e-01	4.802078587287397088e-03	1.800914358473174048e-02
9.300000000000000000e+01	5.585915500000000478e-01	4.836890458182223872e-03	1.763776473236516179e-02
9.400000000000000000e+01	5.617914499999999700e-01	4.870974376057404971e-03	1.726372904987823545e-02
9.500000000000000000e+01	5.649064499999999489e-01	4.904325206748775395e-03	1.688709287940289364e-02
9.600000000000000000e+01	5.679364500000000371e-01	4.936937926519323686e-03	1.650791295479044768e-02
9.700000000000000000e+01	5.708811499999999484e-01	4.968807622815926001e-03	1.612624639306566368e-02
9.800000000000000000e+01	5.737395499999999871e-01	4.999929495009348794e-03	1.574215068582298510e-02
9.900000000000000000e+01	5.765117499999999895e-01	5.030298855117370030e-03	1.535568369056644795e-02
1.000000000000000000e+02	5.791969500000000437e-01	5.059911128510955619e-03	1.496690362199441272e-02
1.010000000000000000e+02	5.817951500000000387e-01	5.088761854603342759e-03	1.457586904323048514e-02
1.020000000000000000e+02	5.843055499999999514e-01	5.116846687521954713e-03	1.418263885700201885e-02
1.030000000000000000e+02	5.867282499999999512e-01	5.144161396763029942e-03	1.378727229676737082e-02
1.040000000000000000e+02	5.890623499999999568e-01	5.170701867828879708e-03	1.338982891779342925e-02
1.050000000000000000e+02	5.913078499999999682e-01	5.196464102847664010e-03	1.299036858818459865e-02
1.060000000000000000e+02	5.934643499999999738e-01	5.221444221175606040e-03	1.258895147986467331e-02
1.070000000000000000e+02	5.955314499999999622e-01	5.245638459981541088e-03	1.218563805951300080e-02
1.080000000000000000e+02	5.975086499999999745e-01	5.269043174813727894e-03	1.178048907945614121e-02
1.090000000000000000e+02	5.993961500000000164e-01	5.291654840148822710e-03	1.137356556851662134e-02
1.100000000000000000e+02	6.011933499999999597e-01	5.313470049922934535e-03	1.096492882281994465e-02
1.110000000000000000e+02	6.028999499999999623e-01	5.334485518044697339e-03	1.055464039656135722e-02
1.120000000000000000e+02	6.045156499999999600e-01	5.354698078890262128e-03	1.014276209273379421e-02
1.130000000000000000e+02	6.060407500000000169e-01	5.374104687780142074e-03	9.729355953818252106e-03
1.140000000000000000e+02	6.074742499999999934e-01	5.392702421437844777e-03	9.314484252438198428e-03
1.150000000000000000e+02	6.088162499999999477e-01	5.410488478430211003e-03	8.898209481979224567e-03
1.160000000000000000e+02	6.100665499999999852e-01	5.427460179589406984e-03	8.480594347175464745e-03
1.170000000000000000e+02	6.112251499999999949e-01	5.443614968416493963e-03	8.061701754664238329e-03
1.180000000000000000e+02	6.122917500000000235e-01	5.458950411466519451e-03	7.641594803510167941e-03
1.190000000000000000e+02	6.132659499999999486e-01	5.473464198715078180e-03	7.220336775700438720e-03
1.200000000000000000e+02	6.141478500000000507e-01	5.487154143906274213e-03	6.797991126612409549e-03
1.210000000000000000e+02	6.149374499999999966e-01	5.500018184882046919e-03	6.374621475455114102e-03
1.220000000000000000e+02	6.156343499999999969e-01	5.512054383892795763e-03	5.950291595686165239e-03
1.230000000000000000e+02	6.162384499999999932e-01	5.523260927889276153e-03	5.525065405405296150e-03
1.240000000000000000e+02	6.167498500000000439e-01	5.533636128795696961e-03	5.099006957726240873e-03
1.250000000000000000e+02	6.171682499999999738e-01	5.543178423764004090e-03	4.672180431128198849e-03
1.260000000000000000e+02	6.174939499999999581e-01	5.551886375409298933e-03	4.244650119788404875e-03
1.270000000000000000e+02	6.177265499999999854e-01	5.559758672026353550e-03	3.816480423897361356e-03
1.280000000000000000e+02	6.178660499999999445e-01	5.566794127787195665e-03	3.387735839957978830e-03
1.290000000000000000e+02	6.179126499999999522e-01	5.572991682919736615e-03	2.958480951070325236e-03
1.300000000000000000e+02	6.178660499999999445e-01	5.578350403867406680e-03	2.528780417203253285e-03
1.310000000000000000e+02	6.177265499999999854e-01	5.582869483429778699e-03	2.098698965454452031e-03
1.320000000000000000e+02	6.174939499999999581e-01	5.586548240884160917e-03	1.668301380300458298e-03
1.330000000000000000e+02	6.171682499999999738e-01	5.589386122088133881e-03	1.237652493837915332e-03
1.340000000000000000e+02	6.167498500000000439e-01	5.591382699563024472e-03	8.068171760177684322e-04
1.350000000000000000e+02	6.162384499999999932e-01	5.592537672558297972e-03	3.758603248736862171e-04
1.360000000000000000e+02	6.156343499999999969e-01	5.592850867096861231e-03	-5.515314325375304257e-05
1.370000000000000000e+02	6.149374499999999966e-01	5.592322236001270007e-03	-4.861583034955508373e-04
1.380000000000000000e+02	6.141478500000000507e-01	5.590951858900831788e-03	-9.170902322341823679e-04
1.390000000000000000e+02	6.132659499999999486e-01	5.588739942219615384e-03	-1.347884016883182934e-03
1.400000000000000000e+02	6.122917500000000235e-01	5.585686819145355142e-03	-1.778474765665152965e-03
1.410000000000000000e+02	6.112251499999999949e-01	5.581792949579260192e-03	-2.208797617386625087e-03
1.420000000000000000e+02	6.100665499999999852e-01	5.577058920066741733e-03	-2.638787751208249328e-03
1.430000000000000000e+02	6.088162499999999477e-01	5.571485443709056629e-03	-3.068380396409016182e-03
1.440000000000000000e+02	6.074742499999999934e-01	5.565073360055891594e-03	-3.497510842142812632e-03
1.450000000000000000e+02	6.060407500000000169e-01	5.557823634978899252e-03	-3.926114447186035243e-03
1.460000000000000000e+02	6.045156499999999600e-01	5.549737360526208613e-03	-4.354126649674720101e-03
1.470000000000000000e+02	6.028999499999999623e-01	5.540815754757922110e-03	-4.781482976829634635e-03
1.480000000000000000e+02	6.011933499999999597e-01	5.531060161562638237e-03	-5.208119054668075391e-03
1.490000000000000000e+02	5.993961500000000164e-01	5.520472050455016259e-03	-5.633970617700657414e-03
1.500000000000000000e+02	5.975086499999999745e-01	5.509053016354421156e-03	-6.058973518611848394e-03
1.510000000000000000e+02	5.955314499999999622e-01	5.496804779344673098e-03	-6.483063737922691548e-03
1.520000000000000000e+02	5.934643499999999738e-01	5.483729184414946542e-03	-6.906177393634205415e-03
1.530000000000000000e+02	5.913078499999999682e-01	5.469828201181856260e-03	-7.328250750850181204e-03
1.540000000000000000e+02	5.890623499999999568e-01	5.455103923592764976e-03	-7.749220231377714971e-03
1.550000000000000000e+02	5.867282499999999512e-01	5.439558569610369008e-03	-8.169022423304202196e-03
1.560000000000000000e+02	5.843055499999999514e-01	5.423194480878594861e-03	-8.587594090549289030e-03
1.570000000000000000e+02	5.817951500000000387e-01	5.406014122369877037e-03	-9.004872182390270124e-03
1.580000000000000000e+02	5.791969500000000437e-01	5.388020082013843075e-03	-9.420793842959662365e-03
1.590000000000000000e+02	5.765117499999999895e-01	5.369215070307495168e-03	-9.835296420713330809e-03
1.600000000000000000e+02	5.737395499999999871e-01	5.349601919906915234e-03	-1.024831747786788920e-02
1.610000000000000000e+02	5.708811499999999484e-01	5.329183585200569784e-03	-1.065979479980593524e-02
1.620000000000000000e+02	5.679364500000000371e-01	5.307963141864287422e-03	-1.106966640444756109e-02
1.630000000000000000e+02	5.649064499999999489e-01	5.285943786397957582e-03	-1.147787055158696647e-02
1.640000000000000000e+02	5.617914499999999700e-01	5.263128835644036337e-03	-1.188434575219251589e-02
1.650000000000000000e+02	5.585915500000000478e-01	5.239521726287907875e-03	-1.228903077766907784e-02
1.660000000000000000e+02	5.553078500000000473e-01	5.215126014340223937e-03	-1.269186466908100303e-02
1.670000000000000000e+02	5.519403499999999685e-01	5.189945374601235943e-03	-1.309278674633462293e-02
1.680000000000000000e+02	5.484898499999999455e-01	5.163983600107257751e-03	-1.349173661731865523e-02
1.690000000000000000e+02	5.449567499999999898e-01	5.137244601559304985e-03	-1.388865418700120126e-02
1.700000000000000000e+02	5.413416500000000076e-01	5.109732406734015034e-03	-1.428347966648212640e-02
1.710000000000000000e+02	5.376448499999999520e-01	5.081451159876930988e-03	-1.467615358199919444e-02
1.720000000000000000e+02	5.338671499999999570e-01	5.052405121078242314e-03	-1.506661678388679024e-02
1.730000000000000000e+02	5.300090499999999816e-01	5.022598665631074211e-03	-1.545481045548577868e-02
1.740000000000000000e+02	5.260712499999999903e-01	4.992036283372421057e-03	-1.584067612200331862e-02
1.750000000000000000e+02	5.220542500000000530e-01	4.960722578006828906e-03	-1.622415565932104620e-02
1.760000000000000000e+02	5.179586499999999649e-01	4.928662266412936303e-03	-1.660519130275045149e-02
1.770000000000000000e+02	5.137847500000000123e-01	4.895860177932938491e-03	-1.698372565573423240e-02
1.780000000000000000e+02	5.095337500000000075e-01	4.862321253645140659e-03	-1.735970169849206796e-02
1.790000000000000000e+02	5.052059500000000147e-01	4.828050545619668767e-03	-1.773306279660965060e-02
1.800000000000000000e+02	5.008021499999999460e-01	4.793053216157454159e-03	-1.810375270956976479e-02
1.810000000000000000e+02	4.963228499999999821e-01	4.757334537012624688e-03	-1.847171559922392708e-02
1.820000000000000000e+02	4.917688499999999796e-01	4.720899888598405550e-03	-1.883689603820347391e-02
1.830000000000000000e+02	4.871409500000000170e-01	4.683754759176648672e-03	-1.919923901826871629e-02
1.840000000000000000e+02	4.824393499999999890e-01	4.645904744031119880e-03	-1.955868995859505119e-02
1.850000000000000000e+02	4.776654499999999914e-01	4.607355544624662687e-03	-1.991519471399462449e-02
1.860000000000000000e+02	4.728194499999999745e-01	4.568112967740374855e-03	-2.026869958307233807e-02
1.870000000000000000e+02	4.679023500000000224e-01	4.528182924606910520e-03	-2.061915131631511175e-02
1.880000000000000000e+02	4.629145499999999802e-01	4.487571430008050095e-03	-2.096649712411301561e-02
1.890000000000000000e+02	4.578573499999999963e-01	4.446284601376688031e-03	-2.131068468471106203e-02
1.900000000000000000e+02	4.527308500000000180e-01	4.404328657873331221e-03	-2.165166215209068587e-02
1.910000000000000000e+02	4.475364499999999746e-01	4.361709919449295418e-03	-2.198937816377940710e-02
1.920000000000000000e+02	4.422747499999999943e-01	4.318434805894708073e-03	-2.232378184858773915e-02
1.930000000000000000e+02	4.369462499999999805e-01	4.274509835871484129e-03	-2.265482283427203494e-02
1.940000000000000000e+02	4.315519500000000175e-01	4.229941625931386666e-03	-2.298245125512226456e-02
1.950000000000000000e+02	4.260927500000000201e-01	4.184736889519365816e-03	-2.330661775947341988e-02
1.960000000000000000e+02	4.205694500000000113e-01	4.138902435962293035e-03	-2.362727351713946045e-02
1.970000000000000000e+02	4.149828500000000142e-01	4.092445169443241666e-03	-2.394437022676883242e-02
1.980000000000000000e+02	4.093336499999999933e-01	4.045372087961495063e-03	-2.425786012312020415e-02
1.990000000000000000e+02	4.036228499999999775e-01	3.997690282278423650e-03	-2.456769598425745382e-02
2.000000000000000000e+02	3.978512499999999896e-01	3.949406934849366245e-03	-2.487383113866293433e-02
2.010000000000000000e+02	3.920195499999999944e-01	3.900529318741728993e-03	-2.517621947226768644e-02
2.020000000000000000e+02	3.861291499999999766e-01	3.851064796539412083e-03	-2.547481543539777474e-02
2.030000000000000000e+02	3.801805500000000060e-01	3.801020819233768503e-03	-2.576957404963551440e-02
2.040000000000000000e+02	3.741746499999999975e-01	3.750404925101233616e-03	-2.606045091459479462e-02
2.050000000000000000e+02	3.681122499999999742e-01	3.699224738567808996e-03	-2.634740221460918699e-02
2.060000000000000000e+02	3.619946499999999734e-01	3.647487969060584853e-03	-2.663038472533203055e-02
2.070000000000000000e+02	3.558225500000000152e-01	3.595202409846428096e-03	-2.690935582024747003e-02
2.080000000000000000e+02	3.495965500000000059e-01	3.542375936858070673e-03	-2.718427347709141684e-02
2.090000000000000000e+02	3.433182499999999915e-01	3.489016507507734354e-03	-2.745509628418145789e-02
2.100000000000000000e+02	3.369880499999999834e-01	3.435132159488471504e-03	-2.772178344665487265e-02
2.110000000000000000e+02	3.306072500000000192e-01	3.380731009563433479e-03	-2.798429479261364122e-02
2.120000000000000000e+02	3.241767500000000135e-01	3.325821252343211069e-03	-2.824259077917570804e-02
2.130000000000000000e+02	3.176972499999999866e-01	3.270411159051462516e-03	-2.849663249843137694e-02
2.140000000000000000e+02	3.111700499999999758e-01	3.214509076278986108e-03	-2.874638168330419935e-02
2.150000000000000000e+02	3.045958500000000013e-01	3.158123424726448115e-03	-2.899180071331522793e-02
2.160000000000000000e+02	2.979758499999999866e-01	3.101262697935959489e-03	-2.923285262024988632e-02
2.170000000000000000e+02	2.913109500000000129e-01	3.043935461011650946e-03	-2.946950109372664661e-02
2.180000000000000000e+02	2.846022500000000011e-01	2.986150349329491464e-03	-2.970171048666654309e-02
2.190000000000000000e+02	2.778508499999999826e-01	2.927916067236525834e-03	-2.992944582066278322e-02
2.200000000000000000e+02	2.710572499999999718e-01	2.869241386739695195e-03	-3.015267279124970654e-02
2.210000000000000000e+02	2.642230500000000148e-01	2.810135146184492526e-03	-3.037135777307012341e-02
2.220000000000000000e+02	2.573490500000000236e-01	2.750606248923613550e-03	-3.058546782494043006e-02
2.230000000000000000e+02	2.504364499999999771e-01	2.690663661975825540e-03	-3.079497069481259772e-02
2.240000000000000000e+02	2.434859500000000065e-01	2.630316414675222710e-03	-3.099983482463246690e-02
2.250000000000000000e+02	2.364987500000000076e-01	2.569573597311118444e-03	-3.120002935509337549e-02
2.260000000000000000e+02	2.294760499999999870e-01	2.508444359758755203e-03	-3.139552413028460359e-02
2.270000000000000000e+02	2.224188500000000013e-01	2.446937910101015974e-03	-3.158628970223386484e-02
2.280000000000000000e+02	2.153280499999999931e-01	2.385063513241389693e-03	-3.177229733534313316e-02
2.290000000000000000e+02	2.082049499999999997e-01	2.322830489508376662e-03	-3.195351901071716294e-02
2.300000000000000000e+02	2.010503499999999888e-01	2.260248213251528707e-03	-3.212992743038408511e-02
2.310000000000000000e+02	1.938656500000000005e-01	2.197326111429368217e-03	-3.230149602140736792e-02
2.320000000000000000e+02	1.866516500000000023e-01	2.134073662189372566e-03	-3.246819893988857342e-02
2.330000000000000000e+02	1.794095500000000010e-01	2.070500393440262866e-03	-3.263001107486031283e-02
2.340000000000000000e+02	1.721404500000000004e-01	2.006615881416770521e-03	-3.278690805206879028e-02
2.350000000000000000e+02	1.648454500000000045e-01	1.942429749237148309e-03	-3.293886623764537280e-02
2.360000000000000000e+02	1.575256499999999893e-01	1.877951665453616572e-03	-3.308586274166658986e-02
2.370000000000000000e+02	1.501821499999999865e-01	1.813191342595945775e-03	-3.322787542160219459e-02
2.380000000000000000e+02	1.428159499999999971e-01	1.748158535708437119e-03	-3.336488288565048893e-02
2.390000000000000000e+02	1.354283500000000029e-01	1.682863040880496191e-03	-3.349686449596064181e-02
2.400000000000000000e+02	1.280202500000000021e-01	1.617314693771004525e-03	-3.362380037174148711e-02
2.410000000000000000e+02	1.205929500000000043e-01	1.551523368126753438e-03	-3.374567139225616991e-02
2.420000000000000000e+02	1.131475499999999995e-01	1.485498974295128109e-03	-3.386245919970238411e-02
2.430000000000000000e+02	1.056850500000000026e-01	1.419251457731289566e-03	-3.397414620197764662e-02
2.440000000000000000e+02	9.820666000000000118e-02	1.352790797500047753e-03	-3.408071557532928869e-02
2.450000000000000000e+02	9.071350000000000247e-02	1.286127004772690896e-03	-3.418215126688863015e-02
2.460000000000000000e+02	8.320666000000000173e-02	1.219270121318979765e-03	-3.427843799708909373e-02
2.470000000000000000e+02	7.568732999999999711e-02	1.152230217994511296e-03	-3.436956126196777372e-02
2.480000000000000000e+02	6.815656999999999965e-02	1.085017393223721783e-03	-3.445550733535029941e-02
2.490000000000000000e+02	6.061557999999999530e-02	1.017641771478737783e-03	-3.453626327091834092e-02
2.500000000000000000e+02	5.306547999999999821e-02	9.501135017542820457e-04	-3.461181690415983392e-02
2.510000000000000000e+02	4.550738000000000005e-02	8.824427560389085535e-04	-3.468215685420131950e-02
2.520000000000000000e+02	3.794244000000000089e-02	8.146397277827606290e-04	-3.474727252552228113e-02
2.530000000000000000e+02	3.037177999999999753e-02	7.467146303621105931e-04	-3.480715410955120825e-02
2.540000000000000000e+02	2.279656999999999864e-02	6.786776955408718942e-04	-3.486179258614306026e-02
2.550000000000000000e+02	1.521793999999999751e-02	6.105391719293663637e-04	-3.491117972493799904e-02
2.560000000000000000e+02	7.637013999999998394e-03	5.423093234405512936e-04	-3.495530808660116812e-02
2.570000000000000000e+02	5.494999999999728346e-05	4.739984277439204135e-04	-3.499417102394331014e-02
2.580000000000000000e+02	-7.527114000000002282e-03	4.056167747173547488e-04	-3.502776268292202844e-02
2.590000000000000000e+02	-1.510804000000000140e-02	3.371746648971345639e-04	-3.505607800352360942e-02
2.600000000000000000e+02	-2.268667000000000253e-02	2.686824079263232137e-04	-3.507911272052523233e-02
2.610000000000000000e+02	-3.026188000000000142e-02	2.001503210018018130e-04	-3.509686336413745528e-02
2.620000000000000000e+02	-3.783254000000000478e-02	1.315887273201659009e-04	-3.510932726052685277e-02
2.630000000000000000e+02	-4.539748000000000394e-02	6.300795452269619635e-05	-3.511650253221884621e-02
2.640000000000000000e+02	-5.295558000000000209e-02	-5.581666860315694179e-06	-3.511838809838042919e-02
2.650000000000000000e+02	-6.050567999999999919e-02	-7.416980496569123161e-05	-3.511498367498304407e-02
2.660000000000000000e+02	-6.804667000000000354e-02	-1.427461281536750550e-04	-3.510628977484533952e-02
2.670000000000000000e+02	-7.557743000000000100e-02	-2.113003065642362222e-04	-3.509230770755591977e-02
2.680000000000000000e+02	-8.309676000000000562e-02	-2.798220136730788826e-04	-3.507303957927608573e-02
2.690000000000000000e+02	-9.060360000000000635e-02	-3.483009278471506831e-04	-3.504848829242257491e-02
2.700000000000000000e+02	-9.809676000000000506e-02	-4.167267338994364695e-04	-3.501865754523036944e-02
2.710000000000000000e+02	-1.055751500000000065e-01	-4.850891246427590760e-04	-3.498355183119558620e-02
2.720000000000000000e+02	-1.130376500000000034e-01	-5.533778024423745626e-04	-3.494317643839867094e-02
2.730000000000000000e+02	-1.204830500000000082e-01	-6.215824807671511054e-04	-3.489753744870777163e-02
2.740000000000000000e+02	-1.279103500000000060e-01	-6.896928857390510021e-04	-3.484664173686265187e-02
2.750000000000000000e+02	-1.353184500000000068e-01	-7.576987576807205820e-04	-3.479049696943910253e-02
2.760000000000000000e+02	-1.427060500000000010e-01	-8.255898526609264021e-04	-3.472911160369412942e-02
2.770000000000000000e+02	-1.500722499999999904e-01	-8.933559440376462064e-04	-3.466249488629197933e-02
2.780000000000000000e+02	-1.574157499999999932e-01	-9.609868239985290680e-04	-3.459065685191131667e-02
2.790000000000000000e+02	-1.647355500000000084e-01	-1.028472305098524680e-03	-3.451360832173364090e-02
2.800000000000000000e+02	-1.720305500000000043e-01	-1.095802221794461590e-03	-3.443136090181327796e-02
2.810000000000000000e+02	-1.792996500000000049e-01	-1.162966431976307892e-03	-3.434392698132911897e-02
2.820000000000000000e+02	-1.865417500000000062e-01	-1.229954818494900012e-03	-3.425131973071841862e-02
2.830000000000000000e+02	-1.937557500000000044e-01	-1.296757290685934903e-03	-3.415355309969286129e-02
2.840000000000000000e+02	-2.009404499999999927e-01	-1.363363785889947334e-03	-3.405064181513726973e-02
2.850000000000000000e+02	-2.080950500000000036e-01	-1.429764270968083509e-03	-3.394260137889130308e-02
2.860000000000000000e+02	-2.152181499999999970e-01	-1.495948743813414706e-03	-3.382944806541431093e-02
2.870000000000000000e+02	-2.223089500000000052e-01	-1.561907234857597311e-03	-3.371119891933389151e-02
2.880000000000000000e+02	-2.293661499999999909e-01	-1.627629808572614908e-03	-3.358787175287838295e-02
2.890000000000000000e+02	-2.363888500000000115e-01	-1.693106564967387755e-03	-3.345948514319379424e-02
2.900000000000000000e+02	-2.433760500000000104e-01	-1.758327641079053625e-03	-3.332605842954543957e-02
2.910000000000000000e+02	-2.503265499999999810e-01	-1.823283212458647875e-03	-3.318761171040479629e-02
2.920000000000000000e+02	-2.572391500000000275e-01	-1.887963494650984767e-03	-3.304416584042206562e-02
2.930000000000000000e+02	-2.641131500000000187e-01	-1.952358744668532308e-03	-3.289574242728470627e-02
2.940000000000000000e+02	-2.709473499999999757e-01	-2.016459262459018888e-03	-3.274236382846264920e-02
2.950000000000000000e+02	-2.777409499999999865e-01	-2.080255392366587176e-03	-3.258405314784049156e-02
2.960000000000000000e+02	-2.844923500000000050e-01	-2.143737524586243962e-03	-3.242083423223733607e-02
2.970000000000000000e+02	-2.912010500000000168e-01	-2.206896096611430953e-03	-3.225273166781462281e-02
2.980000000000000000e+02	-2.978659499999999904e-01	-2.269721594674443954e-03	-3.207977077637265417e-02
2.990000000000000000e+02	-3.044859500000000052e-01	-2.332204555179516556e-03	-3.190197761153631961e-02
3.000000000000000000e+02	-3.110601499999999797e-01	-2.394335566128361677e-03	-3.171937895483051273e-02
3.010000000000000000e+02	-3.175873499999999905e-01	-2.456105268537924630e-03	-3.153200231164600409e-02
3.020000000000000000e+02	-3.240668500000000174e-01	-2.517504357850146920e-03	-3.133987590709617910e-02
3.030000000000000000e+02	-3.304973500000000231e-01	-2.578523585333556030e-03	-3.114302868176541117e-02
3.040000000000000000e+02	-3.368781499999999873e-01	-2.639153759476416637e-03	-3.094149028734967735e-02
3.050000000000000000e+02	-3.432083499999999954e-01	-2.699385747371285411e-03	-3.073529108218998537e-02
3.060000000000000000e+02	-3.494866500000000098e-01	-2.759210476090716117e-03	-3.052446212669947603e-02
3.070000000000000000e+02	-3.557126500000000191e-01	-2.818618934053956741e-03	-3.030903517868462418e-02
3.080000000000000000e+02	-3.618847499999999773e-01	-2.877602172384385350e-03	-3.008904268856149589e-02
3.090000000000000000e+02	-3.680023499999999781e-01	-2.936151306257499521e-03	-2.986451779446767582e-02
3.100000000000000000e+02	-3.740647500000000014e-01	-2.994257516239276322e-03	-2.963549431727049641e-02
3.110000000000000000e+02	-3.800706500000000099e-01	-3.051912049614666049e-03	-2.940200675547256087e-02
3.120000000000000000e+02	-3.860192499999999804e-01	-3.109106221706032808e-03	-2.916409028001511888e-02
3.130000000000000000e+02	-3.919096499999999983e-01	-3.165831417181367170e-03	-2.892178072898012042e-02
3.140000000000000000e+02	-3.977413499999999935e-01	-3.222079091352029762e-03	-2.867511460219186389e-02
3.150000000000000000e+02	-4.035129499999999814e-01	-3.277840771459869258e-03	-2.842412905571886986e-02
3.160000000000000000e+02	-4.092237499999999972e-01	-3.333108057953492256e-03	-2.816886189627703166e-02
3.170000000000000000e+02	-4.148729500000000181e-01	-3.387872625753524190e-03	-2.790935157553456683e-02
3.180000000000000000e+02	-4.204595500000000152e-01	-3.442126225506635280e-03	-2.764563718431999051e-02
3.190000000000000000e+02	-4.259828500000000240e-01	-3.495860684828159832e-03	-2.737775844673376660e-02
3.200000000000000000e+02	-4.314420500000000214e-01	-3.549067909533139276e-03	-2.710575571416447629e-02
3.210000000000000000e+02	-4.368363499999999844e-01	-3.601739884855569528e-03	-2.682966995921059680e-02
3.220000000000000000e+02	-4.421648499999999982e-01	-3.653868676655680926e-03	-2.654954276950872646e-02
3.230000000000000000e+02	-4.474265499999999784e-01	-3.705446432615095050e-03	-2.626541634146901602e-02
3.240000000000000000e+02	-4.526209500000000219e-01	-3.756465383419636817e-03	-2.597733347391906894e-02
3.250000000000000000e+02	-4.577474500000000002e-01	-3.806917843929649627e-03	-2.568533756165698040e-02
3.260000000000000000e+02	-4.628046499999999841e-01	-3.856796214337628818e-03	-2.538947258891470493e-02
3.270000000000000000e+02	-4.677924500000000263e-01	-3.906092981313010783e-03	-2.508978312273250563e-02
3.280000000000000000e+02	-4.727095499999999784e-01	-3.954800719133924787e-03	-2.478631430624572002e-02
3.290000000000000000e+02	-4.775555499999999953e-01	-4.002912090805752637e-03	-2.447911185188472727e-02
3.300000000000000000e+02	-4.823294499999999929e-01	-4.050419849166322743e-03	-2.416822203448909523e-02
3.310000000000000000e+02	-4.870310500000000209e-01	-4.097316837977564227e-03	-2.385369168433716658e-02
3.320000000000000000e+02	-4.916589499999999835e-01	-4.143595993003488381e-03	-2.353556818009173643e-02
3.330000000000000000e+02	-4.962129499999999860e-01	-4.189250343074285392e-03	-2.321389944166333749e-02
3.340000000000000000e+02	-5.006922499999999498e-01	-4.234273011136414910e-03	-2.288873392299192733e-02
3.350000000000000000e+02	-5.050960500000000186e-01	-4.278657215288519597e-03	-2.256012060474805320e-02
3.360000000000000000e+02	-5.094238500000000114e-01	-4.322396269803002039e-03	-2.222810898695482332e-02
3.370000000000000000e+02	-5.136748500000000162e-01	-4.365483586133108926e-03	-2.189274908153157964e-02
3.380000000000000000e+02	-5.178487499999999688e-01	-4.407912673905399308e-03	-2.155409140476034768e-02
3.390000000000000000e+02	-5.219443500000000569e-01	-4.449677141897396583e-03	-2.121218696967649975e-02
3.400000000000000000e+02	-5.259613499999999942e-01	-4.490770699000324467e-03	-2.086708727838447117e-02
3.410000000000000000e+02	-5.298991499999999855e-01	-4.531187155166751732e-03	-2.051884431429987221e-02
3.420000000000000000e+02	-5.337572499999999609e-01	-4.570920422343021684e-03	-2.016751053431903307e-02
3.430000000000000000e+02	-5.375349499999999558e-01	-4.609964515386311135e-03	-1.981313886091726206e-02
3.440000000000000000e+02	-5.412317500000000114e-01	-4.648313552966187000e-03	-1.945578267417705925e-02
3.450000000000000000e+02	-5.448468499999999937e-01	-4.685961758450539992e-03	-1.909549580374717351e-02
3.460000000000000000e+02	-5.483799499999999494e-01	-4.722903460775727986e-03	-1.873233252073416844e-02
3.470000000000000000e+02	-5.518304499999999724e-01	-4.759133095300827586e-03	-1.836634752952737495e-02
3.480000000000000000e+02	-5.551979500000000511e-01	-4.794645204645851637e-03	-1.799759595955861477e-02
3.490000000000000000e+02	-5.584816500000000516e-01	-4.829434439513813002e-03	-1.762613335699786746e-02
3.500000000000000000e+02	-5.616815499999999739e-01	-4.863495559496507949e-03	-1.725201567638618219e-02
3.510000000000000000e+02	-5.647965499999999528e-01	-4.896823433863881254e-03	-1.687529927220715598e-02
3.520000000000000000e+02	-5.678265500000000410e-01	-4.929413042336902757e-03	-1.649604089039793942e-02
3.530000000000000000e+02	-5.707712499999999523e-01	-4.961259475843777557e-03	-1.611429765980152903e-02
3.540000000000000000e+02	-5.736296499999999909e-01	-4.992357937259413528e-03	-1.573012708356124473e-02
3.550000000000000000e+02	-5.764018499999999934e-01	-5.022703742128027324e-03	-1.534358703045886167e-02
3.560000000000000000e+02	-5.790870500000000476e-01	-5.052292319368783050e-03	-1.495473572619763353e-02
3.570000000000000000e+02	-5.816852500000000425e-01	-5.081119211964336968e-03	-1.456363174463167973e-02
3.580000000000000000e+02	-5.841956499999999552e-01	-5.109180077632227528e-03	-1.417033399894267014e-02
3.590000000000000000e+02	-5.866183499999999551e-01	-5.136470689478952849e-03	-1.377490173276566497e-02
3.600000000000000000e+02	-5.889524499999999607e-01	-5.162986936636687965e-03	-1.337739451126502242e-02
3.610000000000000000e+02	-5.911979499999999721e-01	-5.188724824882513451e-03	-1.297787221216194567e-02
3.620000000000000000e+02	-5.933544499999999777e-01	-5.213680477240079970e-03	-1.257639501671488878e-02
3.630000000000000000e+02	-5.954215499999999661e-01	-5.237850134563610746e-03	-1.217302340065426133e-02
3.640000000000000000e+02	-5.973987499999999784e-01	-5.261230156104142186e-03	-1.176781812507290102e-02
3.650000000000000000e+02	-5.992862500000000203e-01	-5.283817020057957579e-03	-1.136084022727325456e-02
3.660000000000000000e+02	-6.010834499999999636e-01	-5.305607324097075077e-03	-1.095215101157328078e-02
3.670000000000000000e+02	-6.027900499999999662e-01	-5.326597785881756128e-03	-1.054181204007195727e-02
3.680000000000000000e+02	-6.044057499999999639e-01	-5.346785243554929429e-03	-1.012988512337598471e-02
3.690000000000000000e+02	-6.059308500000000208e-01	-5.366166656218476598e-03	-9.716432311289083593e-03
3.700000000000000000e+02	-6.073643499999999973e-01	-5.384739104391290249e-03	-9.301515883465203555e-03
3.710000000000000000e+02	-6.087063499999999516e-01	-5.402499790449038532e-03	-8.885198340027265426e-03
3.720000000000000000e+02	-6.099566499999999891e-01	-5.419446039045590184e-03	-8.467542392152417954e-03
3.730000000000000000e+02	-6.111152499999999987e-01	-5.435575297516002935e-03	-8.048610952625755502e-03
3.740000000000000000e+02	-6.121818500000000274e-01	-5.450885136261039710e-03	-7.628467126363565332e-03
3.750000000000000000e+02	-6.131560499999999525e-01	-5.465373249113150179e-03	-7.207174200907633631e-03
3.760000000000000000e+02	-6.140379500000000546e-01	-5.479037453683850006e-03	-6.784795636892018006e-03
3.770000000000000000e+02	-6.148275500000000005e-01	-5.491875691692465686e-03	-6.361395058483906677e-03
3.780000000000000000e+02	-6.155244500000000007e-01	-5.503886029276177337e-03	-5.937036243799528878e-03
3.790000000000000000e+02	-6.161285499999999971e-01	-5.515066657281324745e-03	-5.511783115297190332e-03
3.800000000000000000e+02	-6.166399500000000478e-01	-5.525415891535922011e-03	-5.085699730148403493e-03
3.810000000000000000e+02	-6.170583499999999777e-01	-5.534932173103351317e-03	-4.658850270588764907e-03
3.820000000000000000e+02	-6.173840499999999620e-01	-5.543614068517190713e-03	-4.231299034249988260e-03
3.830000000000000000e+02	-6.176166499999999893e-01	-5.551460269997142948e-03	-3.803110424474525578e-03
3.840000000000000000e+02	-6.177561499999999484e-01	-5.558469595646023734e-03	-3.374348940614420225e-03
3.850000000000000000e+02	-6.178027499999999561e-01	-5.564640989627803354e-03	-2.945079168315387422e-03
3.860000000000000000e+02	-6.177561499999999484e-01	-5.569973522326646109e-03	-2.515365769788207445e-03
3.870000000000000000e+02	-6.179126499999999522e-01	-5.574466390486939801e-03	-2.085273474068425476e-03
3.880000000000000000e+02	-6.177265499999999854e-01	-5.578118917334296163e-03	-1.654867067266024535e-03
3.890000000000000000e+02	-6.174474500000000088e-01	-5.580930552677491885e-03	-1.224211382806463400e-03
3.900000000000000000e+02	-6.170752499999999641e-01	-5.582900872991347629e-03	-7.933712916647453787e-04
3.910000000000000000e+02	-6.166099499999999622e-01	-5.584029581480525091e-03	-3.624116925935194113e-04
3.920000000000000000e+02	-6.160522499999999679e-01	-5.584316508124233421e-03	6.860249765269145375e-05
3.930000000000000000e+02	-6.150412499999999838e-01	-5.583761609701838949e-03	4.996063540961296831e-04
3.940000000000000000e+02	-6.146578499999999501e-01	-5.582364969799379940e-03	9.305349533156498419e-04
3.950000000000000000e+02	-6.138218500000000022e-01	-5.580126798796968164e-03	1.361323383226330881e-03
3.960000000000000000e+02	-6.128933500000000034e-01	-5.577047433837108506e-03	1.791906752857411840e-03
3.970000000000000000e+02	-6.118726500000000179e-01	-5.573127338773903663e-03	2.222220202126892492e-03
3.980000000000000000e+02	-6.107596499999999873e-01	-5.568367104103191627e-03	2.652198911611788803e-03
3.990000000000000000e+02	-6.089178499999999827e-01	-5.562767446873591662e-03	3.081778112311959073e-03
4.000000000000000000e+02	-6.082581500000000529e-01	-5.556329210578494354e-03	3.510893095406483234e-03
4.010000000000000000e+02	-6.068697499999999856e-01	-5.549053365029006125e-03	3.939479222000949812e-03
4.020000000000000000e+02	-6.053901499999999603e-01	-5.540941006207860363e-03	4.367471932864211599e-03
4.030000000000000000e+02	-6.038190500000000238e-01	-5.531993356104326388e-03	4.794806758153166530e-03
4.040000000000000000e+02	-6.021571500000000299e-01	-5.522211762530141420e-03	5.221419327123922281e-03
4.050000000000000000e+02	-6.004048499999999899e-01	-5.511597698916482005e-03	5.647245377828348858e-03
4.060000000000000000e+02	-5.985618499999999509e-01	-5.500152764092017428e-03	6.072220766793916258e-03
4.070000000000000000e+02	-5.956283500000000286e-01	-5.487878682042070244e-03	6.496281478685863968e-03
4.080000000000000000e+02	-5.946057500000000440e-01	-5.474777301648935113e-03	6.919363635950016161e-03
4.090000000000000000e+02	-5.924930499999999656e-01	-5.460850596413367210e-03	7.341403508434888626e-03
4.100000000000000000e+02	-5.902913499999999924e-01	-5.446100664157314808e-03	7.762337522991429040e-03
4.110000000000000000e+02	-5.880008500000000193e-01	-5.430529726707912508e-03	8.182102273049416535e-03
4.120000000000000000e+02	-5.856214499999999878e-01	-5.414140129562804507e-03	8.600634528168468393e-03
4.130000000000000000e+02	-5.831539500000000320e-01	-5.396934341536831735e-03	9.017871243562659844e-03
4.140000000000000000e+02	-5.792884499999999548e-01	-5.378914954390151375e-03	9.433749569597155854e-03
4.150000000000000000e+02	-5.779560500000000545e-01	-5.360084682437826938e-03	9.848206861255434999e-03
4.160000000000000000e+02	-5.752262500000000500e-01	-5.340446362140966949e-03	1.026118068757573762e-02
4.170000000000000000e+02	-5.709693500000000421e-01	-5.320002951679459087e-03	1.067260884105510586e-02
4.180000000000000000e+02	-5.695073499999999678e-01	-5.298757530506368295e-03	1.108242934702007541e-02
4.190000000000000000e+02	-5.649926499999999852e-01	-5.276713298884071722e-03	1.149058047296197885e-02
4.200000000000000000e+02	-5.618765500000000301e-01	-5.253873577402193816e-03	1.189700073783593777e-02
4.210000000000000000e+02	-5.602867500000000556e-01	-5.230241806477412686e-03	1.230162892132193736e-02
4.220000000000000000e+02	-5.570437499999999487e-01	-5.205821545835224474e-03	1.270440407304663545e-02
4.230000000000000000e+02	-5.520222500000000476e-01	-5.180616473973723851e-03	1.310526552176451837e-02
4.240000000000000000e+02	-5.485705499999999901e-01	-5.154630387609514253e-03	1.350415288449689430e-02
4.250000000000000000e+02	-5.450362499999999999e-01	-5.127867201105778226e-03	1.390100607562772678e-02
4.260000000000000000e+02	-5.414196500000000301e-01	-5.100330945882659665e-03	1.429576531595440521e-02
4.270000000000000000e+02	-5.377216500000000510e-01	-5.072025769809993499e-03	1.468837114169249322e-02
4.280000000000000000e+02	-5.339428499999999689e-01	-5.042955936582499063e-03	1.507876441343293863e-02
4.290000000000000000e+02	-5.300834500000000116e-01	-5.013125825077525619e-03	1.546688632505045444e-02
4.300000000000000000e+02	-5.261442499999999800e-01	-4.982539928695454978e-03	1.585267841256155288e-02
4.310000000000000000e+02	-5.221256499999999967e-01	-4.951202854682840160e-03	1.623608256293130811e-02
4.320000000000000000e+02	-5.180286499999999794e-01	-4.919119323438403239e-03	1.661704102282700671e-02
4.330000000000000000e+02	-5.138533499999999865e-01	-4.886294167801988678e-03	1.699549640731772351e-02
4.340000000000000000e+02	-5.096008499999999941e-01	-4.852732332326578808e-03	1.737139170851838971e-02
4.350000000000000000e+02	-5.052716499999999611e-01	-4.818438872533480771e-03	1.774467030417706259e-02
4.360000000000000000e+02	-5.008662499999999573e-01	-4.783418954150790714e-03	1.811527596620414807e-02
4.370000000000000000e+02	-4.963854500000000058e-01	-4.747677852335279239e-03	1.848315286914207350e-02
4.380000000000000000e+02	-4.918297500000000100e-01	-4.711220950877765754e-03	1.884824559857463736e-02
4.390000000000000000e+02	-4.872002500000000014e-01	-4.674053741392143052e-03	1.921049915947412381e-02
4.400000000000000000e+02	-4.824970499999999829e-01	-4.636181822488165752e-03	1.956985898448540540e-02
4.410000000000000000e+02	-4.777212499999999862e-01	-4.597610898928108404e-03	1.992627094214559011e-02
4.420000000000000000e+02	-4.728737499999999816e-01	-4.558346780767441597e-03	2.027968134503800590e-02
4.430000000000000000e+02	-4.679547499999999749e-01	-4.518395382479644014e-03	2.063003695787931843e-02
4.440000000000000000e+02	-4.629656500000000063e-01	-4.477762722065297026e-03	2.097728500553844647e-02
4.450000000000000000e+02	-4.579064500000000204e-01	-4.436454920145560706e-03	2.132137318098635201e-02
4.460000000000000000e+02	-4.527783499999999961e-01	-4.394478199040211669e-03	2.166224965317515086e-02
4.470000000000000000e+02	-4.475821500000000119e-01	-4.351838881830360703e-03	2.199986307484556869e-02
4.480000000000000000e+02	-4.423185499999999770e-01	-4.308543391405981159e-03	2.233416259026155953e-02
4.490000000000000000e+02	-4.369881500000000196e-01	-4.264598249498412035e-03	2.266509784287087242e-02
4.500000000000000000e+02	-4.315921500000000077e-01	-4.220010075697976266e-03	2.299261898289031367e-02
4.510000000000000000e+02	-4.261309500000000083e-01	-4.174785586456839122e-03	2.331667667481492762e-02
4.520000000000000000e+02	-4.206057500000000005e-01	-4.128931594077298387e-03	2.363722210484944450e-02
4.530000000000000000e+02	-4.150170499999999985e-01	-4.082455005685619968e-03	2.395420698826127709e-02
4.540000000000000000e+02	-4.093658499999999756e-01	-4.035362822191602798e-03	2.426758357665381033e-02
4.550000000000000000e+02	-4.036532500000000190e-01	-3.987662137234005734e-03	2.457730466515887710e-02
4.560000000000000000e+02	-3.978795500000000263e-01	-3.939360136112011676e-03	2.488332359954737241e-02
4.570000000000000000e+02	-3.920460499999999793e-01	-3.890464094702893692e-03	2.518559428325688188e-02
4.580000000000000000e+02	-3.861533500000000063e-01	-3.840981378366008919e-03	2.548407118433543284e-02
4.590000000000000000e+02	-3.802026499999999753e-01	-3.790919440833347923e-03	2.577870934230005323e-02
4.600000000000000000e+02	-3.741947500000000204e-01	-3.740285823086747508e-03	2.606946437490930552e-02
4.610000000000000000e+02	-3.681303499999999951e-01	-3.689088152221976433e-03	2.635629248484873399e-02
4.620000000000000000e+02	-3.620104499999999836e-01	-3.637334140299836299e-03	2.663915046632818473e-02
4.630000000000000000e+02	-3.558362500000000206e-01	-3.585031583184471876e-03	2.691799571159003701e-02
4.640000000000000000e+02	-3.496082500000000093e-01	-3.532188359369068265e-03	2.719278621732727427e-02
4.650000000000000000e+02	-3.433275499999999814e-01	-3.478812428789067584e-03	2.746348059101067982e-02
4.660000000000000000e+02	-3.369953500000000268e-01	-3.424911831623157158e-03	2.773003805712382155e-02
4.670000000000000000e+02	-3.306123499999999993e-01	-3.370494687082143705e-03	2.799241846330525682e-02
4.680000000000000000e+02	-3.241793499999999772e-01	-3.315569192185938586e-03	2.825058228639676719e-02
4.690000000000000000e+02	-3.176977500000000010e-01	-3.260143620528806793e-03	2.850449063839687741e-02
4.700000000000000000e+02	-3.111682499999999796e-01	-3.204226321033108206e-03	2.875410527231861066e-02
4.710000000000000000e+02	-3.045918499999999973e-01	-3.147825716691649966e-03	2.899938858795085214e-02
4.720000000000000000e+02	-2.979694500000000246e-01	-3.090950303298922730e-03	2.924030363752210676e-02
4.730000000000000000e+02	-2.913022499999999848e-01	-3.033608648171346161e-03	2.947681413126608183e-02
4.740000000000000000e+02	-2.845912500000000178e-01	-2.975809388856750018e-03	2.970888444288810604e-02
4.750000000000000000e+02	-2.778374499999999858e-01	-2.917561231833274739e-03	2.993647961493164922e-02
4.760000000000000000e+02	-2.710415500000000200e-01	-2.858872951197882328e-03	3.015956536404407889e-02
4.770000000000000000e+02	-2.642051499999999997e-01	-2.799753387344706100e-03	3.037810808614079330e-02
4.780000000000000000e+02	-2.573287499999999950e-01	-2.740211445633366789e-03	3.059207486146720695e-02
4.790000000000000000e+02	-2.504133499999999790e-01	-2.680256095047552946e-03	3.080143345955749928e-02
4.800000000000000000e+02	-2.434606500000000007e-01	-2.619896366843987075e-03	3.100615234408958532e-02
4.810000000000000000e+02	-2.364711499999999911e-01	-2.559141353192020789e-03	3.120620067763554828e-02
4.820000000000000000e+02	-2.294459500000000096e-01	-2.498000205804056309e-03	3.140154832630676074e-02
4.830000000000000000e+02	-2.223862500000000075e-01	-2.436482134556988179e-03	3.159216586429305917e-02
4.840000000000000000e+02	-2.152930500000000136e-01	-2.374596406104912804e-03	3.177802457829519145e-02
4.850000000000000000e+02	-2.081673500000000010e-01	-2.312352342483234204e-03	3.195909647185007224e-02
4.860000000000000000e+02	-2.010103500000000043e-01	-2.249759319704477782e-03	3.213535426954792357e-02
4.870000000000000000e+02	-1.938230499999999967e-01	-2.186826766345946124e-03	3.230677142114084938e-02
4.880000000000000000e+02	-1.866065500000000099e-01	-2.123564162129467497e-03	3.247332210554219195e-02
4.890000000000000000e+02	-1.793619499999999922e-01	-2.059981036493426995e-03	3.263498123471607337e-02
4.900000000000000000e+02	-1.720903500000000030e-01	-1.996086967157342275e-03	3.279172445745639347e-02
4.910000000000000000e+02	-1.647928499999999907e-01	-1.931891578679109439e-03	3.294352816305502057e-02
4.920000000000000000e+02	-1.574704500000000118e-01	-1.867404541005248872e-03	3.309036948485830076e-02
4.930000000000000000e+02	-1.501243499999999897e-01	-1.802635568014285478e-03	3.323222630371153868e-02
4.940000000000000000e+02	-1.427556500000000117e-01	-1.737594416053518751e-03	3.336907725129086011e-02
4.950000000000000000e+02	-1.353654499999999983e-01	-1.672290882469392370e-03	3.350090171332200523e-02
4.960000000000000000e+02	-1.279548500000000089e-01	-1.606734804131688607e-03	3.362767983268551836e-02
4.970000000000000000e+02	-1.205249500000000057e-01	-1.540936055951786518e-03	3.374939251240786225e-02
4.980000000000000000e+02	-1.130769499999999955e-01	-1.474904549395148054e-03	3.386602141853809617e-02
4.990000000000000000e+02	-1.056118500000000071e-01	-1.408650230988340874e-03	3.397754898290953479e-02
5.000000000000000000e+02	-9.813088000000000366e-02	-1.342183080820759421e-03	3.408395840578611752e-02
5.010000000000000000e+02	-9.063509000000000149e-02	-1.275513111041293168e-03	3.418523365839298139e-02
5.020000000000000000e+02	-8.312566000000000399e-02	-1.208650364350166706e-03	3.428135948533096028e-02
5.030000000000000000e+02	-7.560369999999999591e-02	-1.141604912486171098e-03	3.437232140687452447e-02
5.040000000000000000e+02	-6.807035000000000169e-02	-1.074386854709548453e-03	3.445810572115289711e-02
5.050000000000000000e+02	-6.052673000000000081e-02	-1.007006316280679558e-03	3.453869950621403506e-02
5.060000000000000000e+02	-5.297398999999999858e-02	-9.394734469349036053e-04	3.461409062197109976e-02
5.070000000000000000e+02	-4.541326000000000390e-02	-8.717984193536306142e-04	3.468426771203111936e-02
5.080000000000000000e+02	-3.784570000000000295e-02	-8.039914276319965391e-04	3.474922020540569673e-02
5.090000000000000000e+02	-3.027241000000000307e-02	-7.360626857432923378e-04	3.480893831810330519e-02
5.100000000000000000e+02	-2.269458000000000239e-02	-6.680224260004215655e-04	3.486341305460306100e-02
5.110000000000000000e+02	-1.511330000000000139e-02	-5.998808975145464165e-04	3.491263620920981997e-02
