0.000000000000000000e+00	2.352306999999995846e-02	-2.888702943843731515e-04	4.280468119028258550e-02
1.000000000000000000e+00	3.282678999999995989e-02	-2.052407381895419709e-04	4.283090667510154603e-02
2.000000000000000000e+00	4.212560999999995920e-02	-1.215662760587348396e-04	4.285066429004913413e-02
3.000000000000000000e+00	5.141810999999996135e-02	-3.785954362296309664e-05	4.286395105153959634e-02
4.000000000000000000e+00	6.070292999999996053e-02	4.586681861364259546e-05	4.287076495314694896e-02
5.000000000000000000e+00	6.997862999999995837e-02	1.296001671826667778e-04	4.287110496590794406e-02
6.000000000000000000e+00	7.924381999999996484e-02	2.133278575606920805e-04	4.286497103847744516e-02
7.000000000000000000e+00	8.849712999999996554e-02	2.970372460787413637e-04	4.285236409713622657e-02
8.000000000000000000e+00	9.773713999999995850e-02	3.807156918315901745e-04	4.283328604565101588e-02
9.000000000000000000e+00	1.069624999999999604e-01	4.643505585866631279e-04	4.280773976498708500e-02
1.000000000000000000e+01	1.161716999999999611e-01	5.479292166922233604e-04	4.277572911287317453e-02
1.100000000000000000e+01	1.253634999999999611e-01	6.314390449845689365e-04	4.273725892321889042e-02
1.200000000000000000e+01	1.345364999999999478e-01	7.148674326939467513e-04	4.269233500538482939e-02
1.300000000000000000e+01	1.436891999999999614e-01	7.982017813488990034e-04	4.264096414330523221e-02
1.400000000000000000e+01	1.528203999999999674e-01	8.814295066787490671e-04	4.258315409446358779e-02
1.500000000000000000e+01	1.619284999999999475e-01	9.645380405139455243e-04	4.251891358872114668e-02
1.600000000000000000e+01	1.710123999999999533e-01	1.047514832683974547e-03	4.244825232699868389e-02
1.700000000000000000e+01	1.845893999999999591e-01	1.130347352912552993e-03	4.237118097981151105e-02
1.800000000000000000e+01	1.891014999999999502e-01	1.213023092709817610e-03	4.228771118565815418e-02
1.900000000000000000e+01	1.981040999999999497e-01	1.295529567261226181e-03	4.219785554926283599e-02
2.000000000000000000e+01	2.070767999999999498e-01	1.377854317312880803e-03	4.210162763967204014e-02
2.100000000000000000e+01	2.160184999999999467e-01	1.459984911052992921e-03	4.199904198820544193e-02
2.200000000000000000e+01	2.249275999999999498e-01	1.541908945989202808e-03	4.189011408626158034e-02
2.300000000000000000e+01	2.338029999999999553e-01	1.623614050821474203e-03	4.177486038297845150e-02
2.400000000000000000e+01	2.426430999999999727e-01	1.705087887310276782e-03	4.165329828274958596e-02
2.500000000000000000e+01	2.514466999999999675e-01	1.786318152139775451e-03	4.152544614259581074e-02
2.600000000000000000e+01	2.602125999999999606e-01	1.867292578775746293e-03	4.139132326939315432e-02
2.700000000000000000e+01	2.689390999999999865e-01	1.947998939317940967e-03	4.125094991695732460e-02
2.800000000000000000e+01	2.776252999999999638e-01	2.028425046346613112e-03	4.110434728298521107e-02
2.900000000000000000e+01	2.862697999999999632e-01	2.108558754762931801e-03	4.095153750585381336e-02
3.000000000000000000e+01	2.948710999999999416e-01	2.188387963623011218e-03	4.079254366127714471e-02
3.100000000000000000e+01	3.034279999999999755e-01	2.267900617965259904e-03	4.062738975882159570e-02
3.200000000000000000e+01	3.119392999999999749e-01	2.347084710630798713e-03	4.045610073828024428e-02
3.300000000000000000e+01	3.204036999999999580e-01	2.425928284076651464e-03	4.027870246590670861e-02
3.400000000000000000e+01	3.288199999999999457e-01	2.504419432181448964e-03	4.009522173050913962e-02
3.500000000000000000e+01	3.371865999999999475e-01	2.582546302043363644e-03	3.990568623940480425e-02
3.600000000000000000e+01	3.455026999999999404e-01	2.660297095770010681e-03	3.971012461423605727e-02
3.700000000000000000e+01	3.537664999999999837e-01	2.737660072260038064e-03	3.950856638664818066e-02
3.800000000000000000e+01	3.619771999999999434e-01	2.814623548976147565e-03	3.930104199382986052e-02
3.900000000000000000e+01	3.701334999999999487e-01	2.891175903709263407e-03	3.908758277391684993e-02
4.000000000000000000e+01	3.782340999999999620e-01	2.967305576333598843e-03	3.886822096125962245e-02
4.100000000000000000e+01	3.862776999999999461e-01	3.043001070552340485e-03	3.864298968155570335e-02
4.200000000000000000e+01	3.942631999999999803e-01	3.118250955633700139e-03	3.841192294684736552e-02
4.300000000000000000e+01	4.021892999999999718e-01	3.193043868137061814e-03	3.817505565038546711e-02
4.400000000000000000e+01	4.100547999999999416e-01	3.267368513628968012e-03	3.793242356136028448e-02
4.500000000000000000e+01	4.178586999999999718e-01	3.341213668388684239e-03	3.768406331950000659e-02
4.600000000000000000e+01	4.255996999999999697e-01	3.414568181103090627e-03	3.743001242953777896e-02
4.700000000000000000e+01	4.332767999999999620e-01	3.487420974550629188e-03	3.717030925554816456e-02
4.800000000000000000e+01	4.408883999999999581e-01	3.559761047274072939e-03	3.690499301515377806e-02
4.900000000000000000e+01	4.484338999999999409e-01	3.631577475241848894e-03	3.663410377360307862e-02
5.000000000000000000e+01	4.559117999999999782e-01	3.702859413497666848e-03	3.635768243772014019e-02
5.100000000000000000e+01	4.633210999999999857e-01	3.773596097798211958e-03	3.607577074972730807e-02
5.200000000000000000e+01	4.706604999999999817e-01	3.843776846238648737e-03	3.578841128094176899e-02
5.300000000000000000e+01	4.779291999999999430e-01	3.913391060865683592e-03	3.549564742534685319e-02
5.400000000000000000e+01	4.851259999999999462e-01	3.982428229277962597e-03	3.519752339303915123e-02
5.500000000000000000e+01	4.922497999999999596e-01	4.050877926213536026e-03	3.489408420355235435e-02
5.600000000000000000e+01	4.992993999999999488e-01	4.118729815124175415e-03	3.458537567905892174e-02
5.700000000000000000e+01	5.062738999999999434e-01	4.185973649736289028e-03	3.427144443745044206e-02
5.800000000000000000e+01	5.131721999999999673e-01	4.252599275598203249e-03	3.395233788529794516e-02
5.900000000000000000e+01	5.199930999999999859e-01	4.318596631613584418e-03	3.362810421069302447e-02
6.000000000000000000e+01	5.267358999999999236e-01	4.383955751560754746e-03	3.329879237597102581e-02
6.100000000000000000e+01	5.333992999999999096e-01	4.448666765597687235e-03	3.296445211031723971e-02
6.200000000000000000e+01	5.399825999999999793e-01	4.512719901752447124e-03	3.262513390225731807e-02
6.300000000000000000e+01	5.464843999999999813e-01	4.576105487398846559e-03	3.228088899203308132e-02
6.400000000000000000e+01	5.529041999999999568e-01	4.638813950717106914e-03	3.193176936386470099e-02
6.500000000000000000e+01	5.592404999999999182e-01	4.700835822139289369e-03	3.157782773810063892e-02
6.600000000000000000e+01	5.654926999999999593e-01	4.762161735779294261e-03	3.121911756325635237e-02
6.700000000000000000e+01	5.716597999999999402e-01	4.822782430847191541e-03	3.085569300794306635e-02
6.800000000000000000e+01	5.777407999999999433e-01	4.882688753047693259e-03	3.048760895268782384e-02
6.900000000000000000e+01	5.837350999999999512e-01	4.941871655962534748e-03	3.011492098164599354e-02
7.000000000000000000e+01	5.896411999999999765e-01	5.000322202416565900e-03	2.973768537420753283e-02
7.100000000000000000e+01	5.954587000000000074e-01	5.058031565827357350e-03	2.935595909649830332e-02
7.200000000000000000e+01	6.011864999999999570e-01	5.114991031538091738e-03	2.896979979277759798e-02
7.300000000000000000e+01	6.068237999999999133e-01	5.171191998133556171e-03	2.857926577673335772e-02
7.400000000000000000e+01	6.123698999999999115e-01	5.226625978739043304e-03	2.818441602267624663e-02
7.500000000000000000e+01	6.178235999999999173e-01	5.281284602301946837e-03	2.778531015663397372e-02
7.600000000000000000e+01	6.231843999999999717e-01	5.335159614855865783e-03	2.738200844734718295e-02
7.700000000000000000e+01	6.284512999999999350e-01	5.388242880767036246e-03	2.697457179716834449e-02
7.800000000000000000e+01	6.336237000000000119e-01	5.440526383962885140e-03	2.656306173286489963e-02
7.900000000000000000e+01	6.387005999999999517e-01	5.492002229142533241e-03	2.614754039632813387e-02
8.000000000000000000e+01	6.436816999999999123e-01	5.542662642969063691e-03	2.572807053518919723e-02
8.100000000000000000e+01	6.485655999999999644e-01	5.592499975243361669e-03	2.530471549334359013e-02
8.200000000000000000e+01	6.533517999999999271e-01	5.641506700059372575e-03	2.487753920138565528e-02
8.300000000000000000e+01	6.580397999999999525e-01	5.689675416940581827e-03	2.444660616695445987e-02
8.400000000000000000e+01	6.626286999999999594e-01	5.736998851957557551e-03	2.401198146499252534e-02
8.500000000000000000e+01	6.671178999999999304e-01	5.783469858826383557e-03	2.357373072791889637e-02
8.600000000000000000e+01	6.715065000000000062e-01	5.829081419987809133e-03	2.313192013571804817e-02
8.700000000000000000e+01	6.757942999999999589e-01	5.873826647666977735e-03	2.268661640594605081e-02
8.800000000000000000e+01	6.799799999999999178e-01	5.917698784913534224e-03	2.223788678365562835e-02
8.900000000000000000e+01	6.840635999999999939e-01	5.960691206621995288e-03	2.178579903124150050e-02
9.000000000000000000e+01	6.880441999999999947e-01	6.002797420532198294e-03	2.133042141820764778e-02
9.100000000000000000e+01	6.919210999999999556e-01	6.044011068209700216e-03	2.087182271085791935e-02
9.200000000000000000e+01	6.956938999999999762e-01	6.084325926005952276e-03	2.041007216191173534e-02
9.300000000000000000e+01	6.993618999999999808e-01	6.123735905998134964e-03	1.994523950004625443e-02
9.400000000000000000e+01	7.029247999999999053e-01	6.162235056908492090e-03	1.947739491936667164e-02
9.500000000000000000e+01	7.063817999999999486e-01	6.199817565003026831e-03	1.900660906880626347e-02
9.600000000000000000e+01	7.097323999999999300e-01	6.236477754969431408e-03	1.853295304145773092e-02
9.700000000000000000e+01	7.129763000000000073e-01	6.272210090774112470e-03	1.805649836383747125e-02
9.800000000000000000e+01	7.161125999999999880e-01	6.307009176498185564e-03	1.757731698508440549e-02
9.900000000000000000e+01	7.191412999999999833e-01	6.340869757152308578e-03	1.709548126609498203e-02
1.000000000000000000e+02	7.220617999999999759e-01	6.373786719470232731e-03	1.661106396859599044e-02
1.010000000000000000e+02	7.248734999999999484e-01	6.405755092680960085e-03	1.612413824415686800e-02
1.020000000000000000e+02	7.275758999999999421e-01	6.436770049259367063e-03	1.563477762314312292e-02
1.030000000000000000e+02	7.301689999999999570e-01	6.466826905655215924e-03	1.514305600361254625e-02
1.040000000000000000e+02	7.326521999999999757e-01	6.495921123000407589e-03	1.464904764015592144e-02
1.050000000000000000e+02	7.350247999999999227e-01	6.524048307794398649e-03	1.415282713268388101e-02
1.060000000000000000e+02	7.372870999999999730e-01	6.551204212567657628e-03	1.365446941516161410e-02
1.070000000000000000e+02	7.394382999999999928e-01	6.577384736523072921e-03	1.315404974429313853e-02
1.080000000000000000e+02	7.414780999999999178e-01	6.602585926155216979e-03	1.265164368815681860e-02
1.090000000000000000e+02	7.434063999999999117e-01	6.626803975847355734e-03	1.214732711479389084e-02
1.100000000000000000e+02	7.452225999999999573e-01	6.650035228446135593e-03	1.164117618075166324e-02
1.110000000000000000e+02	7.469268000000000018e-01	6.672276175813849144e-03	1.113326731958316600e-02
1.120000000000000000e+02	7.485182999999999698e-01	6.693523459358197147e-03	1.062367723030496237e-02
1.130000000000000000e+02	7.499973999999999252e-01	6.713773870539462701e-03	1.011248286581488236e-02
1.140000000000000000e+02	7.513634000000000146e-01	6.733024351355038593e-03	9.599761421271399767e-03
1.150000000000000000e+02	7.526162999999999048e-01	6.751271994801208085e-03	9.085590322436450095e-03
1.160000000000000000e+02	7.537558999999999232e-01	6.768514045312131432e-03	8.570047213983408158e-03
1.170000000000000000e+02	7.547821999999999587e-01	6.784747899175965283e-03	8.053209947771986302e-03
1.180000000000000000e+02	7.556947999999999999e-01	6.799971104928043825e-03	7.535156571091922335e-03
1.190000000000000000e+02	7.564933999999999825e-01	6.814181363721074844e-03	7.015965314877062667e-03
1.200000000000000000e+02	7.571782999999999708e-01	6.827376529672288252e-03	6.495714581891774003e-03
1.210000000000000000e+02	7.577492999999999590e-01	6.839554610187479830e-03	5.974482934891379299e-03
1.220000000000000000e+02	7.582060999999999940e-01	6.850713766261919829e-03	5.452349084758447220e-03
1.230000000000000000e+02	7.585487999999999120e-01	6.860852312758051845e-03	4.929391878616710618e-03
1.240000000000000000e+02	7.587771999999999295e-01	6.869968718659968075e-03	4.405690287924402503e-03
1.250000000000000000e+02	7.588913999999999938e-01	6.878061607304609797e-03	3.881323396548826219e-03
1.260000000000000000e+02	7.588913999999999938e-01	6.885129756589651422e-03	3.356370388823950481e-03
1.270000000000000000e+02	7.587771999999999295e-01	6.891172099158051657e-03	2.830910537592824707e-03
1.280000000000000000e+02	7.585487999999999120e-01	6.896187722559234470e-03	2.305023192236638294e-03
1.290000000000000000e+02	7.582060999999999940e-01	6.900175869386879039e-03	1.778787766692212745e-03
1.300000000000000000e+02	7.577492999999999590e-01	6.903135937393292676e-03	1.252283727459754846e-03
1.310000000000000000e+02	7.571782999999999708e-01	6.905067479580357173e-03	7.255905816026651410e-04
1.320000000000000000e+02	7.564933999999999825e-01	6.905970204267029497e-03	1.987878647412233087e-04
1.330000000000000000e+02	7.556947999999999999e-01	6.905843975133389885e-03	-3.280448709580383753e-04
1.340000000000000000e+02	7.547821999999999587e-01	6.904688811241223474e-03	-8.548280687954606157e-04
1.350000000000000000e+02	7.537558999999999232e-01	6.902504887031149332e-03	-1.381482179552067291e-03
1.360000000000000000e+02	7.526162999999999048e-01	6.899292532296266538e-03	-1.907927673502245961e-03
1.370000000000000000e+02	7.513634000000000146e-01	6.895052232132363283e-03	-2.434085052423485152e-03
1.380000000000000000e+02	7.499973999999999252e-01	6.889784626864660366e-03	-2.959874861601352689e-03
1.390000000000000000e+02	7.485182999999999698e-01	6.883490511951109031e-03	-3.485217701827905776e-03
1.400000000000000000e+02	7.469268000000000018e-01	6.876170837862279582e-03	-4.010034241391719108e-03
1.410000000000000000e+02	7.452225999999999573e-01	6.867826709937825160e-03	-4.534245228057709985e-03
1.420000000000000000e+02	7.434063999999999117e-01	6.858459388219564912e-03	-5.057771501035006854e-03
1.430000000000000000e+02	7.414780999999999178e-01	6.848070287261208249e-03	-5.580534002930920105e-03
1.440000000000000000e+02	7.394382999999999928e-01	6.836660975914742727e-03	-6.102453791689389263e-03
1.450000000000000000e+02	7.372870999999999730e-01	6.824233177093524602e-03	-6.623452052511966288e-03
1.460000000000000000e+02	7.350247999999999227e-01	6.810788767512098059e-03	-7.143450109759587677e-03
1.470000000000000000e+02	7.326521999999999757e-01	6.796329777402799512e-03	-7.662369438833345134e-03
1.480000000000000000e+02	7.301689999999999570e-01	6.780858390209167780e-03	-8.180131678032430756e-03
1.490000000000000000e+02	7.275758999999999421e-01	6.764376942256228667e-03	-8.696658640387492506e-03
1.500000000000000000e+02	7.248734999999999484e-01	6.746887922397683431e-03	-9.211872325467605413e-03
1.510000000000000000e+02	7.220617999999999759e-01	6.728393971640073135e-03	-9.725694931159069995e-03
1.520000000000000000e+02	7.191412999999999833e-01	6.708897882743957049e-03	-1.023804886541426068e-02
1.530000000000000000e+02	7.161125999999999880e-01	6.688402599802181422e-03	-1.074885675796875481e-02
1.540000000000000000e+02	7.129763000000000073e-01	6.666911217795295011e-03	-1.125804147202497454e-02
1.550000000000000000e+02	7.097323999999999300e-01	6.644426982124179010e-03	-1.176552611590056530e-02
1.560000000000000000e+02	7.063817999999999486e-01	6.620953288119954712e-03	-1.227123405463976386e-02
1.570000000000000000e+02	7.029247999999999053e-01	6.596493680531263434e-03	-1.277508892158600237e-02
1.580000000000000000e+02	6.993618999999999808e-01	6.571051852988973353e-03	-1.327701462991398053e-02
1.590000000000000000e+02	6.956938999999999762e-01	6.544631647448406059e-03	-1.377693538411950414e-02
1.600000000000000000e+02	6.919210999999999556e-01	6.517237053609165227e-03	-1.427477569146531726e-02
1.610000000000000000e+02	6.880441999999999947e-01	6.488872208312656750e-03	-1.477046037338120357e-02
1.620000000000000000e+02	6.840635999999999939e-01	6.459541394917381850e-03	-1.526391457681667944e-02
1.630000000000000000e+02	6.799799999999999178e-01	6.429249042652115942e-03	-1.575506378554448680e-02
1.640000000000000000e+02	6.757942999999999589e-01	6.397999725947049569e-03	-1.624383383141326034e-02
1.650000000000000000e+02	6.715065000000000062e-01	6.365798163743003300e-03	-1.673015090554761178e-02
1.660000000000000000e+02	6.671178999999999304e-01	6.332649218778832814e-03	-1.721394156949394849e-02
1.670000000000000000e+02	6.626286999999999594e-01	6.298557896857098770e-03	-1.769513276631040632e-02
1.680000000000000000e+02	6.580397999999999525e-01	6.263529346088151512e-03	-1.817365183159910455e-02
1.690000000000000000e+02	6.533517999999999271e-01	6.227568856112715608e-03	-1.864942650447915309e-02
1.700000000000000000e+02	6.485655999999999644e-01	6.190681857303101734e-03	-1.912238493849875015e-02
1.710000000000000000e+02	6.436816999999999123e-01	6.152873919943169928e-03	-1.959245571248464934e-02
1.720000000000000000e+02	6.387005999999999517e-01	6.114150753387169110e-03	-2.005956784132744211e-02
1.730000000000000000e+02	6.336237000000000119e-01	6.074518205197566509e-03	-2.052365078670097265e-02
1.740000000000000000e+02	6.284512999999999350e-01	6.033982260262009227e-03	-2.098463446771428598e-02
1.750000000000000000e+02	6.231843999999999717e-01	5.992549039889557595e-03	-2.144244927149449587e-02
1.760000000000000000e+02	6.178235999999999173e-01	5.950224800886298737e-03	-2.189702606369901480e-02
1.770000000000000000e+02	6.123698999999999115e-01	5.907015934610519887e-03	-2.234829619895543906e-02
1.780000000000000000e+02	6.068237999999999133e-01	5.862928966007548148e-03	-2.279619153122769415e-02
1.790000000000000000e+02	6.011864999999999570e-01	5.817970552624423218e-03	-2.324064442410670242e-02
1.800000000000000000e+02	5.954587000000000074e-01	5.772147483604547075e-03	-2.368158776102409491e-02
1.810000000000000000e+02	5.896411999999999765e-01	5.725466678662451993e-03	-2.411895495538753445e-02
1.820000000000000000e+02	5.837350999999999512e-01	5.677935187038872511e-03	-2.455267996063580441e-02
1.830000000000000000e+02	5.777407999999999433e-01	5.629560186436228901e-03	-2.498269728021251454e-02
1.840000000000000000e+02	5.716597999999999402e-01	5.580348981934736378e-03	-2.540894197745670671e-02
1.850000000000000000e+02	5.654926999999999593e-01	5.530309004889266689e-03	-2.583134968540888934e-02
1.860000000000000000e+02	5.592404999999999182e-01	5.479447811807139877e-03	-2.624985661653104346e-02
1.870000000000000000e+02	5.529041999999999568e-01	5.427773083207027525e-03	-2.666439957233915359e-02
1.880000000000000000e+02	5.464843999999999813e-01	5.375292622459115766e-03	-2.707491595294677852e-02
1.890000000000000000e+02	5.399825999999999793e-01	5.322014354606725839e-03	-2.748134376651821184e-02
1.900000000000000000e+02	5.333992999999999096e-01	5.267946325169558727e-03	-2.788362163862982343e-02
1.910000000000000000e+02	5.267358999999999236e-01	5.213096698928744270e-03	-2.828168882153820826e-02
1.920000000000000000e+02	5.199930999999999859e-01	5.157473758693882984e-03	-2.867548520335363310e-02
1.930000000000000000e+02	5.131721999999999673e-01	5.101085904052263600e-03	-2.906495131711751140e-02
1.940000000000000000e+02	5.062738999999999434e-01	5.043941650100449738e-03	-2.945002834978247691e-02
1.950000000000000000e+02	4.992993999999999488e-01	4.986049626158413524e-03	-2.983065815109369606e-02
1.960000000000000000e+02	4.922497999999999596e-01	4.927418574466432138e-03	-3.020678324237011103e-02
1.970000000000000000e+02	4.851259999999999462e-01	4.868057348864925082e-03	-3.057834682518427785e-02
1.980000000000000000e+02	4.779291999999999430e-01	4.807974913457445550e-03	-3.094529278993941868e-02
1.990000000000000000e+02	4.706604999999999817e-01	4.747180341257007177e-03	-3.130756572434254675e-02
2.000000000000000000e+02	4.633210999999999857e-01	4.685682812815984699e-03	-3.166511092177221737e-02
2.010000000000000000e+02	4.559117999999999782e-01	4.623491614839754169e-03	-3.201787438953974246e-02
2.020000000000000000e+02	4.484338999999999409e-01	4.560616138784320817e-03	-3.236580285704260956e-02
2.030000000000000000e+02	4.408883999999999581e-01	4.497065879438115824e-03	-3.270884378380883861e-02
2.040000000000000000e+02	4.332767999999999620e-01	4.432850433488197059e-03	-3.304694536743105898e-02
2.050000000000000000e+02	4.255996999999999697e-01	4.367979498071057620e-03	-3.338005655138921030e-02
2.060000000000000000e+02	4.178586999999999718e-01	4.302462869308265950e-03	-3.370812703276052785e-02
2.070000000000000000e+02	4.100547999999999416e-01	4.236310440827160441e-03	-3.403110726981576489e-02
2.080000000000000000e+02	4.021892999999999718e-01	4.169532202266822314e-03	-3.434894848950043739e-02
2.090000000000000000e+02	3.942631999999999803e-01	4.102138237769539265e-03	-3.466160269480006439e-02
2.100000000000000000e+02	3.862776999999999461e-01	4.034138724458007086e-03	-3.496902267198809949e-02
2.110000000000000000e+02	3.782340999999999620e-01	3.965543930898493032e-03	-3.527116199775571365e-02
2.120000000000000000e+02	3.701334999999999487e-01	3.896364215550180386e-03	-3.556797504622211809e-02
2.130000000000000000e+02	3.619771999999999434e-01	3.826610025200946619e-03	-3.585941699582451125e-02
2.140000000000000000e+02	3.537664999999999837e-01	3.756291893389797180e-03	-3.614544383608654654e-02
2.150000000000000000e+02	3.455026999999999404e-01	3.685420438816207345e-03	-3.642601237426432159e-02
2.160000000000000000e+02	3.371865999999999475e-01	3.614006363736591530e-03	-3.670108024186893164e-02
2.170000000000000000e+02	3.288199999999999457e-01	3.542060452348168992e-03	-3.697060590106445582e-02
2.180000000000000000e+02	3.204036999999999580e-01	3.469593569160442717e-03	-3.723454865094059235e-02
2.190000000000000000e+02	3.119392999999999749e-01	3.396616657354560413e-03	-3.749286863365888789e-02
2.200000000000000000e+02	3.034279999999999755e-01	3.323140737130789168e-03	-3.774552684047159656e-02
2.210000000000000000e+02	2.948710999999999416e-01	3.249176904044361394e-03	-3.799248511761242619e-02
2.220000000000000000e+02	2.862697999999999632e-01	3.174736327329943150e-03	-3.823370617205808925e-02
2.230000000000000000e+02	2.776252999999999638e-01	3.099830248214972047e-03	-3.846915357715989525e-02
2.240000000000000000e+02	2.689390999999999865e-01	3.024469978222130151e-03	-3.869879177814453813e-02
2.250000000000000000e+02	2.602125999999999606e-01	2.948666897461192996e-03	-3.892258609748316250e-02
2.260000000000000000e+02	2.514466999999999675e-01	2.872432452910529243e-03	-3.914050274012804975e-02
2.270000000000000000e+02	2.426430999999999727e-01	2.795778156688498613e-03	-3.935250879861594553e-02
2.280000000000000000e+02	2.338029999999999553e-01	2.718715584315010893e-03	-3.955857225803741106e-02
2.290000000000000000e+02	2.249275999999999498e-01	2.641256372963519689e-03	-3.975866200087137953e-02
2.300000000000000000e+02	2.160184999999999467e-01	2.563412219703692894e-03	-3.995274781168419581e-02
2.310000000000000000e+02	2.070767999999999498e-01	2.485194879735052199e-03	-4.014080038169241110e-02
2.320000000000000000e+02	1.981040999999999497e-01	2.406616164611814074e-03	-4.032279131318872167e-02
2.330000000000000000e+02	1.891014999999999502e-01	2.327687940459253167e-03	-4.049869312383025388e-02
2.340000000000000000e+02	1.800704999999999667e-01	2.248422126181791932e-03	-4.066847925078867498e-02
2.350000000000000000e+02	1.710123999999999533e-01	2.168830691663138285e-03	-4.083212405476142198e-02
2.360000000000000000e+02	1.619284999999999475e-01	2.088925655958719357e-03	-4.098960282384349341e-02
2.370000000000000000e+02	1.528203999999999674e-01	2.008719085480692359e-03	-4.114089177725914481e-02
2.380000000000000000e+02	1.436891999999999614e-01	1.928223092175802541e-03	-4.128596806895306476e-02
2.390000000000000000e+02	1.345364999999999478e-01	1.847449831696364045e-03	-4.142480979104028183e-02
2.400000000000000000e+02	1.253634999999999611e-01	1.766411501564643400e-03	-4.155739597711451822e-02
2.410000000000000000e+02	1.161716999999999611e-01	1.685120339330919070e-03	-4.168370660541425438e-02
2.420000000000000000e+02	1.069624999999999604e-01	1.603588620725494851e-03	-4.180372260184627570e-02
2.430000000000000000e+02	9.773713999999995850e-02	1.521828657804949860e-03	-4.191742584286597267e-02
2.440000000000000000e+02	8.849712999999996554e-02	1.439852797092902679e-03	-4.202479915821420026e-02
2.450000000000000000e+02	7.924381999999996484e-02	1.357673417715569378e-03	-4.212582633351016209e-02
2.460000000000000000e+02	6.997862999999995837e-02	1.275302929532399262e-03	-4.222049211269988250e-02
2.470000000000000000e+02	6.070292999999996053e-02	1.192753771262069140e-03	-4.230878220036007886e-02
2.480000000000000000e+02	5.141810999999996135e-02	1.110038408604120197e-03	-4.239068326385685148e-02
2.490000000000000000e+02	4.212560999999995920e-02	1.027169332356519778e-03	-4.246618293535907307e-02
2.500000000000000000e+02	3.282678999999995989e-02	9.441590565294333401e-04	-4.253526981370601978e-02
2.510000000000000000e+02	2.352306999999995846e-02	8.610201164554914018e-04	-4.259793346612908427e-02
2.520000000000000000e+02	1.421583999999996052e-02	7.777650668968361927e-04	-4.265416442982718909e-02
2.530000000000000000e+02	4.906514999999960283e-03	6.944064801492345592e-04	-4.270395421339578945e-02
2.540000000000000000e+02	-4.403515000000040105e-03	6.109569441435428166e-04	-4.274729529810912532e-02
2.550000000000000000e+02	-1.371284000000004034e-02	5.274290605448111839e-04	-4.278418113905565340e-02
2.560000000000000000e+02	-2.302007000000003828e-02	4.438354428493134895e-04	-4.281460616612633996e-02
2.570000000000000000e+02	-3.232379000000003971e-02	3.601887144797904909e-04	-4.283856578485586292e-02
2.580000000000000000e+02	-4.162261000000003902e-02	2.765015068791943937e-04	-4.285605637711638327e-02
2.590000000000000000e+02	-5.091511000000004117e-02	1.927864576032222626e-04	-4.286707530166389973e-02
2.600000000000000000e+02	-6.019993000000004035e-02	1.090562084119260438e-04	-4.287162089453713798e-02
2.610000000000000000e+02	-6.947563000000003819e-02	2.532340336068781531e-05	-4.286969246930882188e-02
2.620000000000000000e+02	-7.874082000000004467e-02	-5.839931310915135300e-05	-4.286129031718929200e-02
2.630000000000000000e+02	-8.799413000000004537e-02	-1.420992980797210854e-04	-4.284641570698257546e-02
2.640000000000000000e+02	-9.723414000000003832e-02	-2.257639120658213867e-04	-4.282507088489475450e-02
2.650000000000000000e+02	-1.064595000000000402e-01	-3.093805209236035652e-04	-4.279725907419477948e-02
2.660000000000000000e+02	-1.156687000000000409e-01	-3.929364977584449557e-04	-4.276298447472772629e-02
2.670000000000000000e+02	-1.248605000000000409e-01	-4.764192248317289250e-04	-4.272225226228057449e-02
2.680000000000000000e+02	-1.340335000000000276e-01	-5.598160954662416639e-04	-4.267506858780063111e-02
2.690000000000000000e+02	-1.431862000000000412e-01	-6.431145159498999602e-04	-4.262144057646665568e-02
2.700000000000000000e+02	-1.523174000000000472e-01	-7.263019074375190584e-04	-4.256137632661290138e-02
2.710000000000000000e+02	-1.614255000000000273e-01	-8.093657078503375219e-04	-4.249488490850619749e-02
2.720000000000000000e+02	-1.705094000000000332e-01	-8.922933737730086952e-04	-4.242197636297623947e-02
2.730000000000000000e+02	-1.795675000000000465e-01	-9.750723823477748650e-04	-4.234266169989935047e-02
2.740000000000000000e+02	-1.885985000000000300e-01	-1.057690233165536594e-03	-4.225695289653585984e-02
2.750000000000000000e+02	-1.976011000000000295e-01	-1.140134450153531967e-03	-4.216486289572145274e-02
2.760000000000000000e+02	-2.065738000000000296e-01	-1.222392583459340834e-03	-4.206640560391265715e-02
2.770000000000000000e+02	-2.155155000000000265e-01	-1.304452211330929751e-03	-4.196159588908683624e-02
2.780000000000000000e+02	-2.244246000000000296e-01	-1.386300941992453040e-03	-4.185044957849701208e-02
2.790000000000000000e+02	-2.333000000000000351e-01	-1.467926415515528925e-03	-4.173298345628177058e-02
2.800000000000000000e+02	-2.421401000000000525e-01	-1.549316305685703114e-03	-4.160921526093071254e-02
2.810000000000000000e+02	-2.509437000000000473e-01	-1.630458321863824216e-03	-4.147916368260579079e-02
2.820000000000000000e+02	-2.597096000000000404e-01	-1.711340210842043257e-03	-4.134284836031887345e-02
2.830000000000000000e+02	-2.684361000000000663e-01	-1.791949758694173604e-03	-4.120028987896612316e-02
2.840000000000000000e+02	-2.771223000000000436e-01	-1.872274792620092984e-03	-4.105150976621944198e-02
2.850000000000000000e+02	-2.857668000000000430e-01	-1.952303182783961862e-03	-4.089653048927561346e-02
2.860000000000000000e+02	-2.943681000000000214e-01	-2.032022844145938562e-03	-4.073537545146354438e-02
2.870000000000000000e+02	-3.029250000000000553e-01	-2.111421738287136331e-03	-4.056806898871011952e-02
2.880000000000000000e+02	-3.114363000000000548e-01	-2.190487875227535054e-03	-4.039463636586528711e-02
2.890000000000000000e+02	-3.199007000000000378e-01	-2.269209315236584128e-03	-4.021510377288679133e-02
2.900000000000000000e+02	-3.283170000000000255e-01	-2.347574170636212466e-03	-4.002949832088523868e-02
2.910000000000000000e+02	-3.366836000000000273e-01	-2.425570607595978461e-03	-3.983784803803012281e-02
2.920000000000000000e+02	-3.449997000000000202e-01	-2.503186847920093206e-03	-3.964018186531723803e-02
2.930000000000000000e+02	-3.532635000000000636e-01	-2.580411170826034210e-03	-3.943652965219835577e-02
2.940000000000000000e+02	-3.614742000000000233e-01	-2.657231914714498940e-03	-3.922692215207367050e-02
2.950000000000000000e+02	-3.696305000000000285e-01	-2.733637478930411521e-03	-3.901139101764772299e-02
2.960000000000000000e+02	-3.777311000000000418e-01	-2.809616325514733247e-03	-3.878996879614959870e-02
2.970000000000000000e+02	-3.857747000000000259e-01	-2.885156980946803652e-03	-3.856268892441792884e-02
2.980000000000000000e+02	-3.937602000000000602e-01	-2.960248037876947198e-03	-3.832958572385165158e-02
2.990000000000000000e+02	-4.016863000000000516e-01	-3.034878156849092276e-03	-3.809069439522713707e-02
3.000000000000000000e+02	-4.095518000000000214e-01	-3.109036068013137141e-03	-3.784605101338255756e-02
3.010000000000000000e+02	-4.173557000000000516e-01	-3.182710572826800369e-03	-3.759569252177024506e-02
3.020000000000000000e+02	-4.250967000000000495e-01	-3.255890545746706940e-03	-3.733965672687784842e-02
3.030000000000000000e+02	-4.327738000000000418e-01	-3.328564935908452736e-03	-3.707798229251925426e-02
3.040000000000000000e+02	-4.403854000000000379e-01	-3.400722768795383377e-03	-3.681070873399593796e-02
3.050000000000000000e+02	-4.479309000000000207e-01	-3.472353147895855356e-03	-3.653787641212982717e-02
3.060000000000000000e+02	-4.554088000000000580e-01	-3.543445256348710156e-03	-3.625952652716837171e-02
3.070000000000000000e+02	-4.628181000000000656e-01	-3.613988358576717633e-03	-3.597570111256299941e-02
3.080000000000000000e+02	-4.701575000000000615e-01	-3.683971801907757072e-03	-3.568644302862161027e-02
3.090000000000000000e+02	-4.774262000000000228e-01	-3.753385018183462256e-03	-3.539179595603628159e-02
3.100000000000000000e+02	-4.846230000000000260e-01	-3.822217525355120233e-03	-3.509180438928709983e-02
3.110000000000000000e+02	-4.917468000000000394e-01	-3.890458929066557044e-03	-3.478651362992302154e-02
3.120000000000000000e+02	-4.987964000000000286e-01	-3.958098924223778410e-03	-3.447596977972096355e-02
3.130000000000000000e+02	-5.057709000000000232e-01	-4.025127296551143756e-03	-3.416021973372398296e-02
3.140000000000000000e+02	-5.126692000000000471e-01	-4.091533924133810771e-03	-3.383931117315967102e-02
3.150000000000000000e+02	-5.194901000000000657e-01	-4.157308778946247098e-03	-3.351329255823985720e-02
3.160000000000000000e+02	-5.262329000000000034e-01	-4.222441928366549822e-03	-3.318221312084266433e-02
3.170000000000000000e+02	-5.328962999999999894e-01	-4.286923536676368052e-03	-3.284612285707800422e-02
3.180000000000000000e+02	-5.394796000000000591e-01	-4.350743866546188769e-03	-3.250507251973772799e-02
3.190000000000000000e+02	-5.459814000000000611e-01	-4.413893280505763912e-03	-3.215911361063145818e-02
3.200000000000000000e+02	-5.524012000000000366e-01	-4.476362242399461837e-03	-3.180829837280932382e-02
3.210000000000000000e+02	-5.587374999999999980e-01	-4.538141318826312449e-03	-3.145267978267280579e-02
3.220000000000000000e+02	-5.649897000000000391e-01	-4.599221180564543911e-03	-3.109231154197474728e-02
3.230000000000000000e+02	-5.711568000000000200e-01	-4.659592603980380193e-03	-3.072724806970993788e-02
3.240000000000000000e+02	-5.772378000000000231e-01	-4.719246472420895663e-03	-3.035754449389727744e-02
3.250000000000000000e+02	-5.832321000000000311e-01	-4.778173777590717652e-03	-2.998325664325498727e-02
3.260000000000000000e+02	-5.891382000000000563e-01	-4.836365620912363647e-03	-2.960444103876989572e-02
3.270000000000000000e+02	-5.949557000000000873e-01	-4.893813214870010135e-03	-2.922115488516226905e-02
3.280000000000000000e+02	-6.006835000000000369e-01	-4.950507884336487543e-03	-2.883345606224736041e-02
3.290000000000000000e+02	-6.063207999999999931e-01	-5.006441067883310447e-03	-2.844140311619497777e-02
3.300000000000000000e+02	-6.118668999999999913e-01	-5.061604319073529680e-03	-2.804505525068851438e-02
3.310000000000000000e+02	-6.173205999999999971e-01	-5.115989307737224198e-03	-2.764447231798460719e-02
3.320000000000000000e+02	-6.226814000000000515e-01	-5.169587821229443617e-03	-2.723971480987484595e-02
3.330000000000000000e+02	-6.279483000000000148e-01	-5.222391765670381970e-03	-2.683084384855102464e-02
3.340000000000000000e+02	-6.331207000000000917e-01	-5.274393167167633518e-03	-2.641792117737506648e-02
3.350000000000000000e+02	-6.381976000000000315e-01	-5.325584173020332830e-03	-2.600100915155518361e-02
3.360000000000000000e+02	-6.431786999999999921e-01	-5.375957052904978793e-03	-2.558017072872969047e-02
3.370000000000000000e+02	-6.480626000000000442e-01	-5.425504200042786419e-03	-2.515546945945977553e-02
3.380000000000000000e+02	-6.528488000000000069e-01	-5.474218132348389505e-03	-2.472696947763279932e-02
3.390000000000000000e+02	-6.575368000000000324e-01	-5.522091493559696390e-03	-2.429473549077744432e-02
3.400000000000000000e+02	-6.621257000000000392e-01	-5.569117054348759165e-03	-2.385883277029228131e-02
3.410000000000000000e+02	-6.666149000000000102e-01	-5.615287713413471583e-03	-2.341932714158919196e-02
3.420000000000000000e+02	-6.710035000000000860e-01	-5.660596498549930883e-03	-2.297628497415307378e-02
3.430000000000000000e+02	-6.752913000000000388e-01	-5.705036567705304776e-03	-2.252977317151946476e-02
3.440000000000000000e+02	-6.794769999999999976e-01	-5.748601210011049234e-03	-2.207985916117144454e-02
3.450000000000000000e+02	-6.835606000000000737e-01	-5.791283846796306187e-03	-2.162661088435748058e-02
3.460000000000000000e+02	-6.875412000000000745e-01	-5.833078032581357104e-03	-2.117009678583163870e-02
3.470000000000000000e+02	-6.914181000000000354e-01	-5.873977456050935575e-03	-2.071038580351779179e-02
3.480000000000000000e+02	-6.951909000000000560e-01	-5.913975941007306933e-03	-2.024754735809933606e-02
3.490000000000000000e+02	-6.988589000000000606e-01	-5.953067447302928458e-03	-1.978165134253603158e-02
3.500000000000000000e+02	-7.024217999999999851e-01	-5.991246071752565246e-03	-1.931276811150948319e-02
3.510000000000000000e+02	-7.058788000000000284e-01	-6.028506049024732506e-03	-1.884096847079894457e-02
3.520000000000000000e+02	-7.092294000000000098e-01	-6.064841752512313382e-03	-1.836632366658896842e-02
3.530000000000000000e+02	-7.124733000000000871e-01	-6.100247695182223033e-03	-1.788890537471055781e-02
3.540000000000000000e+02	-7.156096000000000679e-01	-6.134718530404012320e-03	-1.740878568981745964e-02
3.550000000000000000e+02	-7.186383000000000632e-01	-6.168249052757253208e-03	-1.692603711449916504e-02
3.560000000000000000e+02	-7.215588000000000557e-01	-6.200834198817606162e-03	-1.644073254833236866e-02
3.570000000000000000e+02	-7.243705000000000283e-01	-6.232469047921448090e-03	-1.595294527687242045e-02
3.580000000000000000e+02	-7.270729000000000219e-01	-6.263148822908935938e-03	-1.546274896058653231e-02
3.590000000000000000e+02	-7.296660000000000368e-01	-6.292868890845401859e-03	-1.497021762373037905e-02
3.600000000000000000e+02	-7.321492000000000555e-01	-6.321624763720976731e-03	-1.447542564316961315e-02
3.610000000000000000e+02	-7.345218000000000025e-01	-6.349412099128313655e-03	-1.397844773714845140e-02
3.620000000000000000e+02	-7.367841000000000529e-01	-6.376226700918336855e-03	-1.347935895400639503e-02
3.630000000000000000e+02	-7.389353000000000726e-01	-6.402064519833896260e-03	-1.297823466084524133e-02
3.640000000000000000e+02	-7.409750999999999976e-01	-6.426921654121246254e-03	-1.247515053214795673e-02
3.650000000000000000e+02	-7.429033999999999915e-01	-6.450794350119250578e-03	-1.197018253835111304e-02
3.660000000000000000e+02	-7.447196000000000371e-01	-6.473679002826211899e-03	-1.146340693437262852e-02
3.670000000000000000e+02	-7.464238000000000817e-01	-6.495572156444266200e-03	-1.095490024809657459e-02
3.680000000000000000e+02	-7.480153000000000496e-01	-6.516470504901243112e-03	-1.044473926881672905e-02
3.690000000000000000e+02	-7.494944000000000051e-01	-6.536370892349908056e-03	-9.933001035640683443e-03
3.700000000000000000e+02	-7.508604000000000944e-01	-6.555270313644528078e-03	-9.419762825856199326e-03
3.710000000000000000e+02	-7.521132999999999846e-01	-6.573165914794678114e-03	-8.905102143261624595e-03
3.720000000000000000e+02	-7.532529000000000030e-01	-6.590054993396217420e-03	-8.389096706462080208e-03
3.730000000000000000e+02	-7.542792000000000385e-01	-6.605934999039382409e-03	-7.871824437133228408e-03
3.740000000000000000e+02	-7.551918000000000797e-01	-6.620803533693916942e-03	-7.353363448254356290e-03
3.750000000000000000e+02	-7.559904000000000623e-01	-6.634658352071201061e-03	-6.833792032312592697e-03
3.760000000000000000e+02	-7.566753000000000506e-01	-6.647497361963311362e-03	-6.313188649479995786e-03
3.770000000000000000e+02	-7.572463000000000388e-01	-6.659318624558960113e-03	-5.791631915765335301e-03
3.780000000000000000e+02	-7.577031000000000738e-01	-6.670120354736281017e-03	-5.269200591142332926e-03
3.790000000000000000e+02	-7.580457999999999918e-01	-6.679900921332388754e-03	-4.745973567656164814e-03
3.800000000000000000e+02	-7.582742000000000093e-01	-6.688658847389711455e-03	-4.222029857510024332e-03
3.810000000000000000e+02	-7.583884000000000736e-01	-6.696392810379017159e-03	-3.697448581133530067e-03
3.820000000000000000e+02	-7.583884000000000736e-01	-6.703101642399130790e-03	-3.172308955234802268e-03
3.830000000000000000e+02	-7.588913999999999938e-01	-6.708784330353300025e-03	-2.646690280837991471e-03
3.840000000000000000e+02	-7.586627000000000232e-01	-6.713440016102179692e-03	-2.120671931308076852e-03
3.850000000000000000e+02	-7.583197999999999883e-01	-6.717067996593419077e-03	-1.594333340364744713e-03
3.860000000000000000e+02	-7.578627000000000002e-01	-6.719667723967832212e-03	-1.067753990087147312e-03
3.870000000000000000e+02	-7.572912000000000532e-01	-6.721238805642125967e-03	-5.410133989113611024e-04
3.880000000000000000e+02	-7.566057999999999950e-01	-6.721781004368185958e-03	-1.419110962235568261e-05
3.890000000000000000e+02	-7.558063999999999893e-01	-6.721294238268904660e-03	5.126333226577161608e-04
3.900000000000000000e+02	-7.548929000000000888e-01	-6.719778580850542180e-03	1.039380342483089536e-03
3.910000000000000000e+02	-7.538659000000000887e-01	-6.717234260991627494e-03	1.565970406098008381e-03
3.920000000000000000e+02	-7.527255000000000473e-01	-6.713661662908397554e-03	2.092323993448581745e-03
3.930000000000000000e+02	-7.514714000000000116e-01	-6.709061326096775121e-03	2.618361620191058271e-03
3.940000000000000000e+02	-7.501041999999999987e-01	-6.703433945250899216e-03	3.144003849694711975e-03
3.950000000000000000e+02	-7.486240000000000672e-01	-6.696780370158222050e-03	3.669171305037519700e-03
3.960000000000000000e+02	-7.470311000000000590e-01	-6.689101605571180255e-03	4.193784680992824511e-03
3.970000000000000000e+02	-7.453256000000000325e-01	-6.680398811055470766e-03	4.717764756005166614e-03
3.980000000000000000e+02	-7.435078999999999994e-01	-6.670673300814942627e-03	5.241032404153489824e-03
3.990000000000000000e+02	-7.415781000000000178e-01	-6.659926543493143759e-03	5.763508607099897783e-03
4.000000000000000000e+02	-7.395367000000000468e-01	-6.648160161951534829e-03	6.285114466022162331e-03
4.010000000000000000e+02	-7.373836000000000279e-01	-6.635375933024432668e-03	6.805771213528193780e-03
4.020000000000000000e+02	-7.351197999999999899e-01	-6.621575787250680648e-03	7.325400225550654683e-03
4.030000000000000000e+02	-7.327451000000000381e-01	-6.606761808582126659e-03	7.843923033219936392e-03
4.040000000000000000e+02	-7.302599000000000729e-01	-6.590936234068921727e-03	8.361261334713694302e-03
4.050000000000000000e+02	-7.276647000000000531e-01	-6.574101453521709500e-03	8.877337007081157610e-03
4.060000000000000000e+02	-7.249598999999999904e-01	-6.556260009150737846e-03	9.392072118040438108e-03
4.070000000000000000e+02	-7.221459000000000072e-01	-6.537414595181962815e-03	9.905388937747028680e-03
4.080000000000000000e+02	-7.192233000000000098e-01	-6.517568057450197003e-03	1.041720995053174552e-02
4.090000000000000000e+02	-7.161920000000000508e-01	-6.496723392969357830e-03	1.092745786660632122e-02
4.100000000000000000e+02	-7.130532000000000536e-01	-6.474883749479893799e-03	1.143605563373489842e-02
4.110000000000000000e+02	-7.098068000000000710e-01	-6.452052424973444243e-03	1.194292644886962677e-02
4.120000000000000000e+02	-7.064534000000000091e-01	-6.428232867194813224e-03	1.244799376974866159e-02
4.130000000000000000e+02	-7.029937000000000547e-01	-6.403428673121324376e-03	1.295118132645475643e-02
4.140000000000000000e+02	-6.994278999999999913e-01	-6.377643588419646889e-03	1.345241313293273414e-02
4.150000000000000000e+02	-6.957568000000000641e-01	-6.350881506880162904e-03	1.395161349846411186e-02
4.160000000000000000e+02	-6.919808000000000625e-01	-6.323146469828969107e-03	1.444870703909709696e-02
4.170000000000000000e+02	-6.881007000000000096e-01	-6.294442665517597547e-03	1.494361868903028127e-02
4.180000000000000000e+02	-6.841169000000000278e-01	-6.264774428490552799e-03	1.543627371194827326e-02
4.190000000000000000e+02	-6.800301000000000817e-01	-6.234146238930750490e-03	1.592659771230759552e-02
4.200000000000000000e+02	-6.758407000000000719e-01	-6.202562721982972545e-03	1.641451664657111315e-02
4.210000000000000000e+02	-6.715497000000000272e-01	-6.170028647055422408e-03	1.689995683438928753e-02
4.220000000000000000e+02	-6.671575000000000699e-01	-6.136548927099503420e-03	1.738284496972662685e-02
4.230000000000000000e+02	-6.626646000000000480e-01	-6.102128617867914016e-03	1.786310813193156197e-02
4.240000000000000000e+02	-6.580719999999999903e-01	-6.066772917151181180e-03	1.834067379674817269e-02
4.250000000000000000e+02	-6.533801000000000192e-01	-6.030487163992750109e-03	1.881546984726801749e-02
4.260000000000000000e+02	-6.485901000000000582e-01	-5.993276837882731585e-03	1.928742458482047423e-02
4.270000000000000000e+02	-6.437019999999999964e-01	-5.955147557930452751e-03	1.975646673979990914e-02
4.280000000000000000e+02	-6.387173000000000433e-01	-5.916105082015915388e-03	2.022252548242805398e-02
4.290000000000000000e+02	-6.336361000000000354e-01	-5.876155305920303072e-03	2.068553043344998829e-02
4.300000000000000000e+02	-6.284595000000000597e-01	-5.835304262435662970e-03	2.114541167476204075e-02
4.310000000000000000e+02	-6.231882000000000810e-01	-5.793558120453900194e-03	2.160209975997010728e-02
4.320000000000000000e+02	-6.178231000000000694e-01	-5.750923184035208746e-03	2.205552572487667895e-02
4.330000000000000000e+02	-6.123647000000000951e-01	-5.707405891456109048e-03	2.250562109789511905e-02
4.340000000000000000e+02	-6.068144000000000871e-01	-5.663012814237201355e-03	2.295231791038950322e-02
4.350000000000000000e+02	-6.011724999999999985e-01	-5.617750656150806779e-03	2.339554870693850638e-02
4.360000000000000000e+02	-5.954399000000000219e-01	-5.571626252208632980e-03	2.383524655552183083e-02
4.370000000000000000e+02	-5.896178000000000807e-01	-5.524646567629624104e-03	2.427134505762755870e-02
4.380000000000000000e+02	-5.837066000000000754e-01	-5.476818696788149365e-03	2.470377835827895080e-02
4.390000000000000000e+02	-5.777079000000000519e-01	-5.428149862142681199e-03	2.513248115597917567e-02
4.400000000000000000e+02	-5.716217000000000104e-01	-5.378647413145139916e-03	2.555738871257243888e-02
4.410000000000000000e+02	-5.654495999999999967e-01	-5.328318825131053184e-03	2.597843686302006225e-02
4.420000000000000000e+02	-5.591924000000000339e-01	-5.277171698190715084e-03	2.639556202509000388e-02
4.430000000000000000e+02	-5.528508000000000866e-01	-5.225213756021499130e-03	2.680870120895838607e-02
4.440000000000000000e+02	-5.464260000000000783e-01	-5.172452844761505665e-03	2.721779202672152537e-02
4.450000000000000000e+02	-5.399187000000000847e-01	-5.118896931804721440e-03	2.762277270181712208e-02
4.460000000000000000e+02	-5.333302000000000875e-01	-5.064554104597869186e-03	2.802358207835306883e-02
4.470000000000000000e+02	-5.266612000000000515e-01	-5.009432569419128463e-03	2.842015963034261183e-02
4.480000000000000000e+02	-5.199129000000000111e-01	-4.953540650138908187e-03	2.881244547084428967e-02
4.490000000000000000e+02	-5.130865000000000009e-01	-4.896886786962862531e-03	2.920038036100548393e-02
4.500000000000000000e+02	-5.061825000000000907e-01	-4.839479535157346218e-03	2.958390571900798571e-02
4.510000000000000000e+02	-4.992023000000000432e-01	-4.781327563757482683e-03	2.996296362891443660e-02
4.520000000000000000e+02	-4.921469000000000538e-01	-4.722439654258060206e-03	3.033749684941417640e-02
4.530000000000000000e+02	-4.850175000000000458e-01	-4.662824699287444231e-03	3.070744882246721763e-02
4.540000000000000000e+02	-4.778149000000000424e-01	-4.602491701264709717e-03	3.107276368184502119e-02
4.550000000000000000e+02	-4.705403000000000224e-01	-4.541449771040182576e-03	3.143338626156685217e-02
4.560000000000000000e+02	-4.631947000000000148e-01	-4.479708126519625286e-03	3.178926210423035914e-02
4.570000000000000000e+02	-4.557795000000000596e-01	-4.417276091272240995e-03	3.214033746923512097e-02
4.580000000000000000e+02	-4.482956000000000163e-01	-4.354163093122725980e-03	3.248655934089803715e-02
4.590000000000000000e+02	-4.407440000000000246e-01	-4.290378662727584690e-03	3.282787543645913214e-02
4.600000000000000000e+02	-4.331261000000000139e-01	-4.225932432135904269e-03	3.316423421397680232e-02
4.610000000000000000e+02	-4.254429000000000127e-01	-4.160834133334836635e-03	3.349558488011106921e-02
4.620000000000000000e+02	-4.176955000000000529e-01	-4.095093596779949413e-03	3.382187739779397156e-02
4.630000000000000000e+02	-4.098854000000000664e-01	-4.028720749910771892e-03	3.414306249378547958e-02
4.640000000000000000e+02	-4.020132000000000150e-01	-3.961725615651631380e-03	3.445909166611430680e-02
4.650000000000000000e+02	-3.940806000000000586e-01	-3.894118310898107404e-03	3.476991719140215542e-02
4.660000000000000000e+02	-3.860888000000000653e-01	-3.825909044989285034e-03	3.507549213207038219e-02
4.670000000000000000e+02	-3.780385000000000550e-01	-3.757108118166044113e-03	3.537577034342802990e-02
4.680000000000000000e+02	-3.699315000000000242e-01	-3.687725920015631591e-03	3.567070648064008670e-02
4.690000000000000000e+02	-3.617686000000000512e-01	-3.617772927902731216e-03	3.596025600557501561e-02
4.700000000000000000e+02	-3.535513000000000128e-01	-3.547259705387287732e-03	3.624437519353038845e-02
4.710000000000000000e+02	-3.452806000000000486e-01	-3.476196900629305916e-03	3.652302113983577070e-02
4.720000000000000000e+02	-3.369579000000000324e-01	-3.404595244780879871e-03	3.679615176633169865e-02
4.730000000000000000e+02	-3.285844000000000542e-01	-3.332465550365688520e-03	3.706372582772388818e-02
4.740000000000000000e+02	-3.201612000000000346e-01	-3.259818709646201875e-03	3.732570291781168309e-02
4.750000000000000000e+02	-3.116900000000000226e-01	-3.186665692978847466e-03	3.758204347558971592e-02
4.760000000000000000e+02	-3.031718000000000468e-01	-3.113017547157383245e-03	3.783270879122206665e-02
4.770000000000000000e+02	-2.946078000000000308e-01	-3.038885393744728079e-03	3.807766101188773955e-02
4.780000000000000000e+02	-2.859994000000000147e-01	-2.964280427393499624e-03	3.831686314749686156e-02
4.790000000000000000e+02	-2.773480000000000389e-01	-2.889213914155518495e-03	3.855027907627647105e-02
4.800000000000000000e+02	-2.686547000000000240e-01	-2.813697189780527651e-03	3.877787355022530025e-02
4.810000000000000000e+02	-2.599209000000000658e-01	-2.737741658004387221e-03	3.899961220043651755e-02
4.820000000000000000e+02	-2.511482000000000436e-01	-2.661358788827002803e-03	3.921546154228776337e-02
4.830000000000000000e+02	-2.423372000000000304e-01	-2.584560116780249168e-03	3.942538898049766094e-02
4.840000000000000000e+02	-2.334901000000000337e-01	-2.507357239186145271e-03	3.962936281404799005e-02
4.850000000000000000e+02	-2.246074000000000404e-01	-2.429761814405550710e-03	3.982735224097085081e-02
4.860000000000000000e+02	-2.156910000000000494e-01	-2.351785560077644319e-03	4.001932736300004706e-02
4.870000000000000000e+02	-2.067421000000000397e-01	-2.273440251350448537e-03	4.020525919008600957e-02
4.880000000000000000e+02	-1.977620000000000489e-01	-2.194737719102672797e-03	4.038511964477354416e-02
4.890000000000000000e+02	-1.887521000000000337e-01	-2.115689848157138730e-03	4.055888156644183590e-02
4.900000000000000000e+02	-1.797138000000000346e-01	-2.036308575486060410e-03	4.072651871540591134e-02
4.910000000000000000e+02	-1.706483000000000305e-01	-1.956605888408449821e-03	4.088800577687910776e-02
4.920000000000000000e+02	-1.615571000000000368e-01	-1.876593822779916432e-03	4.104331836479583467e-02
4.930000000000000000e+02	-1.524415000000000353e-01	-1.796284461175143635e-03	4.119243302549410041e-02
4.940000000000000000e+02	-1.433029000000000386e-01	-1.715689931063303338e-03	4.133532724125722757e-02
4.950000000000000000e+02	-1.341428000000000342e-01	-1.634822402976695167e-03	4.147197943371425805e-02
4.960000000000000000e+02	-1.249623000000000261e-01	-1.553694088672881316e-03	4.160236896709847837e-02
4.970000000000000000e+02	-1.157631000000000354e-01	-1.472317239290596132e-03	4.172647615136360066e-02
4.980000000000000000e+02	-1.065463000000000382e-01	-1.390704143499709279e-03	4.184428224515717581e-02
4.990000000000000000e+02	-9.731346000000004604e-02	-1.308867125645520914e-03	4.195576945865069074e-02
5.000000000000000000e+02	-8.806592000000003362e-02	-1.226818543887669023e-03	4.206092095622600974e-02
5.010000000000000000e+02	-7.880508000000004121e-02	-1.144570788333932124e-03	4.215972085901771582e-02
5.020000000000000000e+02	-6.953235000000003441e-02	-1.062136279169205097e-03	4.225215424731094960e-02
5.030000000000000000e+02	-6.024910000000004151e-02	-9.795274647799356773e-04	4.233820716279444035e-02
5.040000000000000000e+02	-5.095674000000004200e-02	-8.967568198743001420e-04	4.241786661066834774e-02
5.050000000000000000e+02	-4.165668000000004312e-02	-8.138368435984051803e-04	4.249112056160658790e-02
5.060000000000000000e+02	-3.235030000000004013e-02	-7.307800576487995725e-04	4.255795795357336653e-02
5.070000000000000000e+02	-2.303901000000004029e-02	-6.475990043815798474e-04	4.261836869349368978e-02
5.080000000000000000e+02	-1.371284000000004034e-02	-5.643062449183764741e-04	4.267234365877747154e-02
5.090000000000000000e+02	-4.403515000000040105e-03	-4.809143572495070329e-04	4.271987469869713283e-02
5.100000000000000000e+02	4.906514999999960283e-03	-3.974359343345801017e-04	4.276095463561846444e-02
5.110000000000000000e+02	1.421583999999996052e-02	-3.138835822008408040e-04	4.279557726608450990e-02
