0.000000000000000000e+00	8.592251000000000402e-03	-1.008640509099190423e-03	7.653636073078350088e-02
1.000000000000000000e+00	2.577547000000000171e-02	-8.590918253549891925e-04	7.659957204663077335e-02
2.000000000000000000e+00	4.295477999999999796e-02	-7.094309312826897881e-04	7.665126266659713639e-02
3.000000000000000000e+00	6.012764999999999777e-02	-5.596803361156963731e-04	7.669142481633221820e-02
4.000000000000000000e+00	7.729144999999999766e-02	-4.098625625785988187e-04	7.672005245538564278e-02
5.000000000000000000e+00	9.444362000000000590e-02	-2.600001434997191918e-04	7.673714127811556707e-02
6.000000000000000000e+00	1.115816000000000030e-01	-1.101156184221394242e-04	7.674268871433623240e-02
7.000000000000000000e+00	1.287027000000000032e-01	3.976846978628226605e-05	7.673669392970448866e-02
8.000000000000000000e+00	1.458044000000000007e-01	1.896295783233929418e-04	7.671915782584540211e-02
9.000000000000000000e+00	1.628843000000000096e-01	3.394451678432183414e-04	7.669008304021648903e-02
1.000000000000000000e+01	1.799395000000000022e-01	4.891927058459160597e-04	7.664947394571115791e-02
1.100000000000000000e+01	1.969676999999999956e-01	6.388496700666987773e-04	7.659733665000097169e-02
1.200000000000000000e+01	2.139661999999999953e-01	7.883935518632173133e-04	7.653367899461704926e-02
1.300000000000000000e+01	2.309324000000000099e-01	9.378018596008983170e-04	7.645851055377068939e-02
1.400000000000000000e+01	2.478638999999999981e-01	1.087052122035717929e-03	7.637184263291338371e-02
1.500000000000000000e+01	2.647580999999999962e-01	1.236121891693915068e-03	7.627368826703649629e-02
1.600000000000000000e+01	2.816124999999999878e-01	1.384988748248125109e-03	7.616406221871073468e-02
1.700000000000000000e+01	2.984243999999999786e-01	1.533630301889432959e-03	7.604298097586584260e-02
1.800000000000000000e+01	3.151914000000000105e-01	1.682024196694834528e-03	7.591046274931081972e-02
1.900000000000000000e+01	3.319109000000000087e-01	1.830148113989605273e-03	7.576652746999497368e-02
2.000000000000000000e+01	3.485803000000000096e-01	1.977979775704060382e-03	7.561119678601026239e-02
2.100000000000000000e+01	3.651971999999999996e-01	2.125496947724213066e-03	7.544449405933539854e-02
2.200000000000000000e+01	3.817594000000000265e-01	2.272677443235822034e-03	7.526644436232213242e-02
2.300000000000000000e+01	3.982638000000000011e-01	2.419499126061319238e-03	7.507707447392443501e-02
2.400000000000000000e+01	4.147083999999999770e-01	2.565939913989128893e-03	7.487641287567074755e-02
2.500000000000000000e+01	4.310904999999999876e-01	2.711977782094866698e-03	7.466448974738049138e-02
2.600000000000000000e+01	4.474077000000000193e-01	2.857590766053919214e-03	7.444133696262479616e-02
2.700000000000000000e+01	4.636576000000000031e-01	3.002756965444919410e-03	7.420698808393280665e-02
2.800000000000000000e+01	4.798374999999999724e-01	3.147454547043597103e-03	7.396147835774376234e-02
2.900000000000000000e+01	4.959451000000000276e-01	3.291661748106536767e-03	7.370484470910587671e-02
3.000000000000000000e+01	5.119782000000000499e-01	3.435356879644322313e-03	7.343712573612276584e-02
3.100000000000000000e+01	5.279340000000000144e-01	3.578518329683601316e-03	7.315836170414821704e-02
3.200000000000000000e+01	5.438104000000000271e-01	3.721124566517552620e-03	7.286859453973025536e-02
3.300000000000000000e+01	5.596048999999999607e-01	3.863154141944297182e-03	7.256786782430528493e-02
3.400000000000000000e+01	5.753154000000000323e-01	4.004585694492733029e-03	7.225622678764336004e-02
3.500000000000000000e+01	5.909387999999999863e-01	4.145397952635338987e-03	7.193371830104561271e-02
3.600000000000000000e+01	6.064734999999999987e-01	4.285569737987446684e-03	7.160039087029472504e-02
3.700000000000000000e+01	6.219168000000000474e-01	4.425079968492497302e-03	7.125629462835950112e-02
3.800000000000000000e+01	6.372664999999999580e-01	4.563907661592822920e-03	7.090148132785489832e-02
3.900000000000000000e+01	6.525201000000000473e-01	4.702031937385450257e-03	7.053600433325829533e-02
4.000000000000000000e+01	6.676754000000000300e-01	4.839432021762474917e-03	7.015991861288338460e-02
4.100000000000000000e+01	6.827303000000000122e-01	4.976087249535516080e-03	6.977328073061292435e-02
4.200000000000000000e+01	6.976822000000000301e-01	5.111977067543798867e-03	6.937614883739132154e-02
4.300000000000000000e+01	7.125291999999999737e-01	5.247081037745376063e-03	6.896858266247872515e-02
4.400000000000000000e+01	7.272688999999999959e-01	5.381378840291045108e-03	6.855064350446762877e-02
4.500000000000000000e+01	7.418987999999999694e-01	5.514850276580482435e-03	6.812239422206350925e-02
4.600000000000000000e+01	7.564174000000000175e-01	5.647475272300150201e-03	6.768389922463066699e-02
4.700000000000000000e+01	7.708218000000000014e-01	5.779233880442497494e-03	6.723522446250505824e-02
4.800000000000000000e+01	7.851101999999999803e-01	5.910106284306027545e-03	6.677643741707525726e-02
4.900000000000000000e+01	7.992801999999999962e-01	6.040072800475758223e-03	6.630760709063307501e-02
5.000000000000000000e+01	8.133302000000000032e-01	6.169113881783635199e-03	6.582880399599558285e-02
5.100000000000000000e+01	8.272574999999999790e-01	6.297210120248464965e-03	6.534010014589983206e-02
5.200000000000000000e+01	8.410602000000000356e-01	6.424342249994896732e-03	6.484156904217203143e-02
5.300000000000000000e+01	8.547360999999999986e-01	6.550491150151049012e-03	6.433328566467276521e-02
5.400000000000000000e+01	8.682834999999999859e-01	6.675637847724307308e-03	6.381532646001991660e-02
5.500000000000000000e+01	8.817002000000000450e-01	6.799763520454905202e-03	6.328776933009096217e-02
5.600000000000000000e+01	8.949840999999999491e-01	6.922849499646812656e-03	6.275069362030637199e-02
5.700000000000000000e+01	9.081329000000000207e-01	7.044877272975541213e-03	6.220418010769601658e-02
5.800000000000000000e+01	9.211452999999999447e-01	7.165828487272423754e-03	6.164831098875007964e-02
5.900000000000000000e+01	9.340186999999999795e-01	7.285684951284961131e-03	6.108316986705666224e-02
6.000000000000000000e+01	9.467516999999999738e-01	7.404428638412817627e-03	6.050884174072761884e-02
6.100000000000000000e+01	9.593418999999999697e-01	7.522041689419046301e-03	5.992541298961471391e-02
6.200000000000000000e+01	9.717877000000000320e-01	7.638506415116150423e-03	5.933297136231797247e-02
6.300000000000000000e+01	9.840872000000000508e-01	7.753805299026557754e-03	5.873160596298816066e-02
6.400000000000000000e+01	9.962385999999999742e-01	7.867921000017132072e-03	5.812140723792535296e-02
6.500000000000000000e+01	1.008240000000000025e+00	7.980836354907311705e-03	5.750246696197567481e-02
6.600000000000000000e+01	1.020089000000000024e+00	8.092534381050463937e-03	5.687487822472823279e-02
6.700000000000000000e+01	1.031784999999999952e+00	8.202998278888117001e-03	5.623873541651428637e-02
6.800000000000000000e+01	1.043325000000000058e+00	8.312211434476629926e-03	5.559413421421080526e-02
6.900000000000000000e+01	1.054708999999999897e+00	8.420157421985961094e-03	5.494117156685051490e-02
7.000000000000000000e+01	1.065933000000000019e+00	8.526820006170136509e-03	5.427994568104058115e-02
7.100000000000000000e+01	1.076996999999999982e+00	8.632183144809056977e-03	5.361055600619220318e-02
7.200000000000000000e+01	1.087898999999999949e+00	8.736230991121274672e-03	5.293310321956329334e-02
7.300000000000000000e+01	1.098637000000000086e+00	8.838947896147371364e-03	5.224768921111641595e-02
7.400000000000000000e+01	1.109208999999999889e+00	8.940318411103584384e-03	5.155441706819439279e-02
7.500000000000000000e+01	1.119614000000000109e+00	9.040327289705335154e-03	5.085339106001580262e-02
7.600000000000000000e+01	1.129850999999999939e+00	9.138959490460294224e-03	5.014471662199275481e-02
7.700000000000000000e+01	1.139917999999999987e+00	9.236200178930628960e-03	4.942850033987317843e-02
7.800000000000000000e+01	1.149812999999999974e+00	9.332034729964151093e-03	4.870484993371022170e-02
7.900000000000000000e+01	1.159534999999999982e+00	9.426448729893942627e-03	4.797387424166096176e-02
8.000000000000000000e+01	1.169081999999999955e+00	9.519427978706206800e-03	4.723568320361692247e-02
8.100000000000000000e+01	1.178452999999999973e+00	9.610958492175960752e-03	4.649038784466907187e-02
8.200000000000000000e+01	1.187646999999999897e+00	9.701026503970299267e-03	4.573810025840932547e-02
8.300000000000000000e+01	1.196661999999999892e+00	9.789618467718860101e-03	4.497893359007158753e-02
8.400000000000000000e+01	1.205495999999999901e+00	9.876721059051220275e-03	4.421300201951452319e-02
8.500000000000000000e+01	1.214148999999999923e+00	9.962321177600916289e-03	4.344042074404868420e-02
8.600000000000000000e+01	1.222618999999999900e+00	1.004640594897573957e-02	4.266130596111069456e-02
8.700000000000000000e+01	1.230906000000000056e+00	1.012896272669408688e-02	4.187577485078694539e-02
8.800000000000000000e+01	1.239006000000000052e+00	1.020997909408698570e-02	4.108394555818954685e-02
8.900000000000000000e+01	1.246920000000000028e+00	1.028944286616560386e-02	4.028593717568712540e-02
9.000000000000000000e+01	1.254647000000000068e+00	1.036734209145388254e-02	3.948186972499308917e-02
9.100000000000000000e+01	1.262183999999999973e+00	1.044366505378604981e-02	3.867186413911426202e-02
9.200000000000000000e+01	1.269532000000000105e+00	1.051840027406875967e-02	3.785604224416227320e-02
9.300000000000000000e+01	1.276688000000000045e+00	1.059153651200756691e-02	3.703452674103079739e-02
9.400000000000000000e+01	1.283652000000000015e+00	1.066306276779747236e-02	3.620744118694113611e-02
9.500000000000000000e+01	1.290421999999999958e+00	1.073296828377732701e-02	3.537490997685893701e-02
9.600000000000000000e+01	1.296998000000000095e+00	1.080124254604778941e-02	3.453705832478513177e-02
9.700000000000000000e+01	1.303379000000000065e+00	1.086787528605264071e-02	3.369401224492339642e-02
9.800000000000000000e+01	1.309563999999999950e+00	1.093285648212318113e-02	3.284589853272757570e-02
9.900000000000000000e+01	1.315550999999999915e+00	1.099617636098551565e-02	3.199284474583134752e-02
1.000000000000000000e+02	1.321339999999999959e+00	1.105782539923046669e-02	3.113497918486335045e-02
1.010000000000000000e+02	1.326931000000000083e+00	1.111779432474590580e-02	3.027243087415063677e-02
1.020000000000000000e+02	1.332321000000000089e+00	1.117607411811129443e-02	2.940532954231316748e-02
1.030000000000000000e+02	1.337510999999999894e+00	1.123265601395422898e-02	2.853380560275238509e-02
1.040000000000000000e+02	1.342499000000000109e+00	1.128753150226874738e-02	2.765799013403693815e-02
1.050000000000000000e+02	1.347285999999999984e+00	1.134069232969526532e-02	2.677801486018813876e-02
1.060000000000000000e+02	1.351868999999999987e+00	1.139213050076188886e-02	2.589401213086856002e-02
1.070000000000000000e+02	1.356249000000000038e+00	1.144183827908694211e-02	2.500611490147640684e-02
1.080000000000000000e+02	1.360424000000000078e+00	1.148980818854253294e-02	2.411445671314876166e-02
1.090000000000000000e+02	1.364395000000000024e+00	1.153603301437897480e-02	2.321917167267689014e-02
1.100000000000000000e+02	1.368160000000000043e+00	1.158050580430990475e-02	2.232039443233625048e-02
1.110000000000000000e+02	1.371718999999999911e+00	1.162321986955789851e-02	2.141826016963470011e-02
1.120000000000000000e+02	1.375072000000000072e+00	1.166416878586049553e-02	2.051290456698153311e-02
1.130000000000000000e+02	1.378217000000000025e+00	1.170334639443639836e-02	1.960446379128056443e-02
1.140000000000000000e+02	1.381154999999999911e+00	1.174074680291177855e-02	1.869307447345054662e-02
1.150000000000000000e+02	1.383885000000000032e+00	1.177636438620648963e-02	1.777887368787554531e-02
1.160000000000000000e+02	1.386406000000000027e+00	1.181019378738009697e-02	1.686199893178882622e-02
1.170000000000000000e+02	1.388719000000000037e+00	1.184222991843755270e-02	1.594258810459301887e-02
1.180000000000000000e+02	1.390822999999999920e+00	1.187246796109445862e-02	1.502077948711978000e-02
1.190000000000000000e+02	1.392716999999999983e+00	1.190090336750172957e-02	1.409671172083224074e-02
1.200000000000000000e+02	1.394401000000000002e+00	1.192753186092960875e-02	1.317052378697305785e-02
1.210000000000000000e+02	1.395875999999999895e+00	1.195234943641088066e-02	1.224235498566136546e-02
1.220000000000000000e+02	1.397140000000000049e+00	1.197535236134323472e-02	1.131234491494194708e-02
1.230000000000000000e+02	1.398193000000000019e+00	1.199653717605065131e-02	1.038063344978932059e-02
1.240000000000000000e+02	1.399037000000000086e+00	1.201590069430374420e-02	9.447360721070453479e-03
1.250000000000000000e+02	1.399669000000000052e+00	1.203344000379896923e-02	8.512667094468800641e-03
1.260000000000000000e+02	1.400090999999999974e+00	1.204915246659664721e-02	7.576693149373038907e-03
1.270000000000000000e+02	1.400301999999999936e+00	1.206303571951770730e-02	6.639579657733828827e-03
1.280000000000000000e+02	1.400301999999999936e+00	1.207508767449911799e-02	5.701467562891344640e-03
1.290000000000000000e+02	1.400090999999999974e+00	1.208530651890792756e-02	4.762497958377308153e-03
1.300000000000000000e+02	1.399669000000000052e+00	1.209369071581389843e-02	3.822812066694235723e-03
1.310000000000000000e+02	1.399037000000000086e+00	1.210023900422065382e-02	2.882551218075310971e-03
1.320000000000000000e+02	1.398193000000000019e+00	1.210495039925533686e-02	1.941856829228211104e-03
1.330000000000000000e+02	1.397140000000000049e+00	1.210782419231674033e-02	1.000870382065674729e-03
1.340000000000000000e+02	1.395875999999999895e+00	1.210885995118187418e-02	5.973340242652115548e-05
1.350000000000000000e+02	1.394401000000000002e+00	1.210805752007098300e-02	-8.814125612101090211e-04
1.360000000000000000e+02	1.392716999999999983e+00	1.210541701967096130e-02	-1.822425959013919405e-03
1.370000000000000000e+02	1.390822999999999920e+00	1.210093884711721697e-02	-2.763165261092654593e-03
1.380000000000000000e+02	1.388719000000000037e+00	1.209462367593393088e-02	-3.703488978778555173e-03
1.390000000000000000e+02	1.386406000000000027e+00	1.208647245593276291e-02	-4.643255685908355065e-03
1.400000000000000000e+02	1.383885000000000032e+00	1.207648641306999573e-02	-5.582324040094050963e-03
1.410000000000000000e+02	1.381154999999999911e+00	1.206466704926215279e-02	-6.520552803981067257e-03
1.420000000000000000e+02	1.378217000000000025e+00	1.205101614216010433e-02	-7.457800866490479734e-03
1.430000000000000000e+02	1.375072000000000072e+00	1.203553574488170838e-02	-8.393927264042389327e-03
1.440000000000000000e+02	1.371718999999999911e+00	1.201822818570301606e-02	-9.328791201757119164e-03
1.450000000000000000e+02	1.368160000000000043e+00	1.199909606770809684e-02	-1.026225207463086174e-02
1.460000000000000000e+02	1.364395000000000024e+00	1.197814226839753228e-02	-1.119416948868303882e-02
1.470000000000000000e+02	1.360424000000000078e+00	1.195536993925562681e-02	-1.212440328207164443e-02
1.480000000000000000e+02	1.356249000000000038e+00	1.193078250527643616e-02	-1.305281354617386820e-02
1.490000000000000000e+02	1.351868999999999987e+00	1.190438366444862561e-02	-1.397926064662861206e-02
1.500000000000000000e+02	1.347285999999999984e+00	1.187617738719929684e-02	-1.490360524433761470e-02
1.510000000000000000e+02	1.342499000000000109e+00	1.184616791579682672e-02	-1.582570831642238565e-02
1.520000000000000000e+02	1.337510999999999894e+00	1.181435976371282212e-02	-1.674543117713335819e-02
1.530000000000000000e+02	1.332321000000000089e+00	1.178075771494328620e-02	-1.766263549870849409e-02
1.540000000000000000e+02	1.326931000000000083e+00	1.174536682328910543e-02	-1.857718333217805301e-02
1.550000000000000000e+02	1.321339999999999959e+00	1.170819241159594057e-02	-1.948893712811219578e-02
1.560000000000000000e+02	1.315550999999999915e+00	1.166924007095366395e-02	-2.039775975730878654e-02
1.570000000000000000e+02	1.309563999999999950e+00	1.162851565985545572e-02	-2.130351453141772142e-02
1.580000000000000000e+02	1.303379000000000065e+00	1.158602530331667366e-02	-2.220606522349911557e-02
1.590000000000000000e+02	1.296998000000000095e+00	1.154177539195364380e-02	-2.310527608851209794e-02
1.600000000000000000e+02	1.290421999999999958e+00	1.149577258102249706e-02	-2.400101188373098340e-02
1.610000000000000000e+02	1.283652000000000015e+00	1.144802378941821124e-02	-2.489313788908604011e-02
1.620000000000000000e+02	1.276688000000000045e+00	1.139853619863400065e-02	-2.578151992742564250e-02
1.630000000000000000e+02	1.269532000000000105e+00	1.134731725168120278e-02	-2.666602438469662870e-02
1.640000000000000000e+02	1.262183999999999973e+00	1.129437465196984382e-02	-2.754651823004016648e-02
1.650000000000000000e+02	1.254647000000000068e+00	1.123971636215002727e-02	-2.842286903579969645e-02
1.660000000000000000e+02	1.246920000000000028e+00	1.118335060291434334e-02	-2.929494499743839908e-02
1.670000000000000000e+02	1.239006000000000052e+00	1.112528585176146730e-02	-3.016261495336260492e-02
1.680000000000000000e+02	1.230906000000000056e+00	1.106553084172112039e-02	-3.102574840464891043e-02
1.690000000000000000e+02	1.222618999999999900e+00	1.100409456004061357e-02	-3.188421553467131464e-02
1.700000000000000000e+02	1.214148999999999923e+00	1.094098624683314917e-02	-3.273788722862588929e-02
1.710000000000000000e+02	1.205495999999999901e+00	1.087621539368811147e-02	-3.358663509294969318e-02
1.720000000000000000e+02	1.196661999999999892e+00	1.080979174224348284e-02	-3.443033147463162025e-02
1.730000000000000000e+02	1.187646999999999897e+00	1.074172528272071200e-02	-3.526884948041147938e-02
1.740000000000000000e+02	1.178452999999999973e+00	1.067202625242216242e-02	-3.610206299586483231e-02
1.750000000000000000e+02	1.169081999999999955e+00	1.060070513419140298e-02	-3.692984670437102906e-02
1.760000000000000000e+02	1.159534999999999982e+00	1.052777265483657333e-02	-3.775207610596088142e-02
1.770000000000000000e+02	1.149812999999999974e+00	1.045323978351705985e-02	-3.856862753604162197e-02
1.780000000000000000e+02	1.139917999999999987e+00	1.037711773009370939e-02	-3.937937818399636636e-02
1.790000000000000000e+02	1.129850999999999939e+00	1.029941794344284810e-02	-4.018420611165499784e-02
1.800000000000000000e+02	1.119614000000000109e+00	1.022015210973436540e-02	-4.098299027163372632e-02
1.810000000000000000e+02	1.109208999999999889e+00	1.013933215067408002e-02	-4.177561052554099041e-02
1.820000000000000000e+02	1.098637000000000086e+00	1.005697022171070550e-02	-4.256194766204636493e-02
1.830000000000000000e+02	1.087898999999999949e+00	9.973078710207644235e-03	-4.334188341481017004e-02
1.840000000000000000e+02	1.076996999999999982e+00	9.887670233579925680e-03	-4.411530048027078460e-02
1.850000000000000000e+02	1.065933000000000019e+00	9.800757637396502117e-03	-4.488208253528749858e-02
1.860000000000000000e+02	1.054708999999999897e+00	9.712353993448274991e-03	-4.564211425463558791e-02
1.870000000000000000e+02	1.043325000000000058e+00	9.622472597782070342e-03	-4.639528132835130103e-02
1.880000000000000000e+02	1.031784999999999952e+00	9.531126968700892946e-03	-4.714147047892448122e-02
1.890000000000000000e+02	1.020089000000000024e+00	9.438330844730743671e-03	-4.788056947833554261e-02
1.900000000000000000e+02	1.008240000000000025e+00	9.344098182554343504e-03	-4.861246716493470427e-02
1.910000000000000000e+02	9.962385999999999742e-01	9.248443154912007122e-03	-4.933705346016098447e-02
1.920000000000000000e+02	9.840872000000000508e-01	9.151380148470051115e-03	-5.005421938509814483e-02
1.930000000000000000e+02	9.717877000000000320e-01	9.052923761657009211e-03	-5.076385707686530135e-02
1.940000000000000000e+02	9.593418999999999697e-01	8.953088802468018789e-03	-5.146585980483958656e-02
1.950000000000000000e+02	9.467516999999999738e-01	8.851890286237657987e-03	-5.216012198670872541e-02
1.960000000000000000e+02	9.340186999999999795e-01	8.749343433381627164e-03	-5.284653920435075647e-02
1.970000000000000000e+02	9.211452999999999447e-01	8.645463667107578312e-03	-5.352500821953858068e-02
1.980000000000000000e+02	9.081329000000000207e-01	8.540266611095423746e-03	-5.419542698946726300e-02
1.990000000000000000e+02	8.949840999999999491e-01	8.433768087147521311e-03	-5.485769468210142941e-02
2.000000000000000000e+02	8.817002000000000450e-01	8.325984112809062254e-03	-5.551171169134043459e-02
2.010000000000000000e+02	8.682834999999999859e-01	8.216930898958979199e-03	-5.615737965199944781e-02
2.020000000000000000e+02	8.547360999999999986e-01	8.106624847371821790e-03	-5.679460145460363957e-02
2.030000000000000000e+02	8.410602000000000356e-01	7.995082548250915730e-03	-5.742328125999355409e-02
2.040000000000000000e+02	8.272574999999999790e-01	7.882320777733141728e-03	-5.804332451373959284e-02
2.050000000000000000e+02	8.133302000000000032e-01	7.768356495365795825e-03	-5.865463796036305549e-02
2.060000000000000000e+02	7.992801999999999962e-01	7.653206841555844180e-03	-5.925712965736194826e-02
2.070000000000000000e+02	7.851101999999999803e-01	7.536889134991986948e-03	-5.985070898903922798e-02
2.080000000000000000e+02	7.636340000000000350e-01	7.419420870039882508e-03	-6.043528668013163629e-02
2.090000000000000000e+02	7.564174000000000175e-01	7.300819714110974405e-03	-6.101077480923679242e-02
2.100000000000000000e+02	7.418987999999999694e-01	7.181103505005302645e-03	-6.157708682203663630e-02
2.110000000000000000e+02	7.272688999999999959e-01	7.060290248228641083e-03	-6.213413754431547364e-02
2.120000000000000000e+02	7.125291999999999737e-01	6.938398114284456165e-03	-6.268184319477024258e-02
2.130000000000000000e+02	6.976822000000000301e-01	6.815445435941046987e-03	-6.322012139761129523e-02
2.140000000000000000e+02	6.827303000000000122e-01	6.691450705474239619e-03	-6.374889119495195933e-02
2.150000000000000000e+02	6.676754000000000300e-01	6.566432571886138790e-03	-6.426807305898470102e-02
2.160000000000000000e+02	6.525201000000000473e-01	6.440409838100297733e-03	-6.477758890394207103e-02
2.170000000000000000e+02	6.372664999999999580e-01	6.313401458133700850e-03	-6.527736209784122667e-02
2.180000000000000000e+02	6.219168000000000474e-01	6.185426534246072673e-03	-6.576731747400925421e-02
2.190000000000000000e+02	6.064734999999999987e-01	6.056504314066852267e-03	-6.624738134238845888e-02
2.200000000000000000e+02	5.909387999999999863e-01	5.926654187700347402e-03	-6.671748150061941607e-02
2.210000000000000000e+02	5.753154000000000323e-01	5.795895684809394648e-03	-6.717754724490038187e-02
2.220000000000000000e+02	5.596048999999999607e-01	5.664248471678087413e-03	-6.762750938062121742e-02
2.230000000000000000e+02	5.438104000000000271e-01	5.531732348253949258e-03	-6.806730023277034192e-02
2.240000000000000000e+02	5.279340000000000144e-01	5.398367245169959257e-03	-6.849685365611324350e-02
2.250000000000000000e+02	5.119782000000000499e-01	5.264173220746971513e-03	-6.891610504514072977e-02
2.260000000000000000e+02	4.959451000000000276e-01	5.129170457976925217e-03	-6.932499134378573846e-02
2.270000000000000000e+02	4.798374999999999724e-01	4.993379261487262445e-03	-6.972345105490711237e-02
2.280000000000000000e+02	4.636576000000000031e-01	4.856820054487097534e-03	-7.011142424953879793e-02
2.290000000000000000e+02	4.474077000000000193e-01	4.719513375695529207e-03	-7.048885257590328801e-02
2.300000000000000000e+02	4.229072999999999860e-01	4.581479876252598539e-03	-7.085567926818779616e-02
2.310000000000000000e+02	4.147083999999999770e-01	4.442740316613300391e-03	-7.121184915508198265e-02
2.320000000000000000e+02	3.982638000000000011e-01	4.303315563425190449e-03	-7.155730866807574753e-02
2.330000000000000000e+02	3.817594000000000265e-01	4.163226586390026719e-03	-7.189200584951602191e-02
2.340000000000000000e+02	3.651971999999999996e-01	4.022494455109860111e-03	-7.221589036042133647e-02
2.350000000000000000e+02	3.485803000000000096e-01	3.881140335918149137e-03	-7.252891348805280691e-02
2.360000000000000000e+02	3.319109000000000087e-01	3.739185488696327234e-03	-7.283102815324064838e-02
2.370000000000000000e+02	3.151914000000000105e-01	3.596651263676249426e-03	-7.312218891746498362e-02
2.380000000000000000e+02	2.984243999999999786e-01	3.453559098229102512e-03	-7.340235198968979302e-02
2.390000000000000000e+02	2.816124999999999878e-01	3.309930513641204646e-03	-7.367147523294921563e-02
2.400000000000000000e+02	2.647580999999999962e-01	3.165787111877138831e-03	-7.392951817068502129e-02
2.410000000000000000e+02	2.478638999999999981e-01	3.021150572330805369e-03	-7.417644199283428275e-02
2.420000000000000000e+02	2.309324000000000099e-01	2.876042648564794846e-03	-7.441220956166653966e-02
2.430000000000000000e+02	2.139661999999999953e-01	2.730485165038641551e-03	-7.463678541736933070e-02
2.440000000000000000e+02	1.969676999999999956e-01	2.584500013826356284e-03	-7.485013578338141349e-02
2.450000000000000000e+02	1.799395000000000022e-01	2.438109151323842715e-03	-7.505222857147285376e-02
2.460000000000000000e+02	1.628843000000000096e-01	2.291334594946633097e-03	-7.524303338657103990e-02
2.470000000000000000e+02	1.458044000000000007e-01	2.144198419818407406e-03	-7.542252153133228998e-02
2.480000000000000000e+02	1.287027000000000032e-01	1.996722755450871384e-03	-7.559066601045785760e-02
2.490000000000000000e+02	1.115816000000000030e-01	1.848929782415462521e-03	-7.574744153475412856e-02
2.500000000000000000e+02	9.444362000000000590e-02	1.700841729007323503e-03	-7.589282452493616160e-02
2.510000000000000000e+02	7.729144999999999766e-02	1.552480867902153753e-03	-7.602679311517399063e-02
2.520000000000000000e+02	6.012764999999999777e-02	1.403869512806353451e-03	-7.614932715638135508e-02
2.530000000000000000e+02	4.295477999999999796e-02	1.255030015101027711e-03	-7.626040821924610913e-02
2.540000000000000000e+02	2.577547000000000171e-02	1.105984760480272899e-03	-7.636001959700201847e-02
2.550000000000000000e+02	8.592251000000000402e-03	9.567561655843476783e-04	-7.644814630794148635e-02
2.560000000000000000e+02	-8.592251000000000402e-03	8.073666746281924021e-04	-7.652477509766887620e-02
2.570000000000000000e+02	-2.577547000000000171e-02	6.578387560257515504e-04	-7.658989444109390310e-02
2.580000000000000000e+02	-4.295477999999999796e-02	5.081948990107045374e-04	-7.664349454416509444e-02
2.590000000000000000e+02	-6.012764999999999777e-02	3.584576102540664236e-04	-7.668556734534280606e-02
2.600000000000000000e+02	-7.729144999999999766e-02	2.086494104791164505e-04	-7.671610651681168291e-02
2.610000000000000000e+02	-9.444362000000000590e-02	5.879283107426253833e-05	-7.673510746543243943e-02
2.620000000000000000e+02	-1.115816000000000030e-01	-9.108958929569886242e-05	-7.674256733343252923e-02
2.630000000000000000e+02	-1.287027000000000032e-01	-2.409753080794660072e-04	-7.673848499883612062e-02
2.640000000000000000e+02	-1.458044000000000007e-01	-3.908417822296449433e-04	-7.672286107563272561e-02
2.650000000000000000e+02	-1.628843000000000096e-01	-5.406664715932703790e-04	-7.669569791368494038e-02
2.660000000000000000e+02	-1.799395000000000022e-01	-6.904268423018582049e-04	-7.665699959837495026e-02
2.670000000000000000e+02	-1.969676999999999956e-01	-8.401003701605672200e-04	-7.660677194999013229e-02
2.680000000000000000e+02	-2.139661999999999953e-01	-9.896645440358568541e-04	-7.654502252284764441e-02
2.690000000000000000e+02	-2.309324000000000099e-01	-1.139096869241182104e-03	-7.647176060415826482e-02
2.700000000000000000e+02	-2.478638999999999981e-01	-1.288374870920260071e-03	-7.638699721262957876e-02
2.710000000000000000e+02	-2.647580999999999962e-01	-1.437476097427308440e-03	-7.629074509680872085e-02
2.720000000000000000e+02	-2.816124999999999878e-01	-1.586378123703793136e-03	-7.618301873316500605e-02
2.730000000000000000e+02	-2.984243999999999786e-01	-1.735058554651222346e-03	-7.606383432391264354e-02
2.740000000000000000e+02	-3.151914000000000105e-01	-1.883495028499385365e-03	-7.593320979457386655e-02
2.750000000000000000e+02	-3.319109000000000087e-01	-2.031665220169606711e-03	-7.579116479128295003e-02
2.760000000000000000e+02	-3.485803000000000096e-01	-2.179546844632452175e-03	-7.563772067783136599e-02
2.770000000000000000e+02	-3.651971999999999996e-01	-2.327117660259466099e-03	-7.547290053245465924e-02
2.780000000000000000e+02	-3.817594000000000265e-01	-2.474355472168328005e-03	-7.529672914436141840e-02
2.790000000000000000e+02	-3.982638000000000011e-01	-2.621238135560984440e-03	-7.510923301000496655e-02
2.800000000000000000e+02	-4.147083999999999770e-01	-2.767743559054291601e-03	-7.491044032909822958e-02
2.810000000000000000e+02	-4.310904999999999876e-01	-2.913849708002578479e-03	-7.470038100037248996e-02
2.820000000000000000e+02	-4.474077000000000193e-01	-3.059534607811677763e-03	-7.447908661708055322e-02
2.830000000000000000e+02	-4.636576000000000031e-01	-3.204776347243968281e-03	-7.424659046224502124e-02
2.840000000000000000e+02	-4.798374999999999724e-01	-3.349553081713846532e-03	-7.400292750365254635e-02
2.850000000000000000e+02	-4.959451000000000276e-01	-3.493843036573169355e-03	-7.374813438859464942e-02
2.860000000000000000e+02	-5.119782000000000499e-01	-3.637624510386225363e-03	-7.348224943835575396e-02
2.870000000000000000e+02	-5.279340000000000144e-01	-3.780875878193647524e-03	-7.320531264244979630e-02
2.880000000000000000e+02	-5.438104000000000271e-01	-3.923575594764847942e-03	-7.291736565260557856e-02
2.890000000000000000e+02	-5.596048999999999607e-01	-4.065702197838435769e-03	-7.261845177650243233e-02
2.900000000000000000e+02	-5.753154000000000323e-01	-4.207234311350206701e-03	-7.230861597125651241e-02
2.910000000000000000e+02	-5.909387999999999863e-01	-4.348150648648115534e-03	-7.198790483665930273e-02
2.920000000000000000e+02	-6.064734999999999987e-01	-4.488430015693815889e-03	-7.165636660816893100e-02
2.930000000000000000e+02	-6.219168000000000474e-01	-4.628051314250299607e-03	-7.131405114965538861e-02
2.940000000000000000e+02	-6.372664999999999580e-01	-4.766993545055092825e-03	-7.096100994590098798e-02
2.950000000000000000e+02	-6.525201000000000473e-01	-4.905235810978562060e-03	-7.059729609485700108e-02
2.960000000000000000e+02	-6.676754000000000300e-01	-5.042757320166908752e-03	-7.022296429965756148e-02
2.970000000000000000e+02	-6.827303000000000122e-01	-5.179537389169268542e-03	-6.983807086039228729e-02
2.980000000000000000e+02	-6.976822000000000301e-01	-5.315555446048554449e-03	-6.944267366563863786e-02
2.990000000000000000e+02	-7.125291999999999737e-01	-5.450791033475481905e-03	-6.903683218375540609e-02
3.000000000000000000e+02	-7.272688999999999959e-01	-5.585223811805414829e-03	-6.862060745393856742e-02
3.010000000000000000e+02	-7.418987999999999694e-01	-5.718833562137468074e-03	-6.819406207704081790e-02
3.020000000000000000e+02	-7.564174000000000175e-01	-5.851600189355441253e-03	-6.775726020615649436e-02
3.030000000000000000e+02	-7.708218000000000014e-01	-5.983503725150191022e-03	-6.731026753697262610e-02
3.040000000000000000e+02	-7.851101999999999803e-01	-6.114524331022878900e-03	-6.685315129788832467e-02
3.050000000000000000e+02	-7.992801999999999962e-01	-6.244642301268695656e-03	-6.638598023990359420e-02
3.060000000000000000e+02	-8.133302000000000032e-01	-6.373838065940665848e-03	-6.590882462627883909e-02
3.070000000000000000e+02	-8.272574999999999790e-01	-6.502092193792974838e-03	-6.542175622196741425e-02
3.080000000000000000e+02	-8.410602000000000356e-01	-6.629385395203453955e-03	-6.492484828282192588e-02
3.090000000000000000e+02	-8.547360999999999986e-01	-6.755698525074791891e-03	-6.441817554457646144e-02
3.100000000000000000e+02	-8.682834999999999859e-01	-6.881012585713971834e-03	-6.390181421160621988e-02
3.110000000000000000e+02	-8.817002000000000450e-01	-7.005308729689561399e-03	-6.337584194546622141e-02
3.120000000000000000e+02	-8.949840999999999491e-01	-7.128568262666378288e-03	-6.284033785321102572e-02
3.130000000000000000e+02	-9.081329000000000207e-01	-7.250772646217177805e-03	-6.229538247549669394e-02
3.140000000000000000e+02	-9.211452999999999447e-01	-7.371903500610841806e-03	-6.174105777446749210e-02
3.150000000000000000e+02	-9.404027999999999832e-01	-7.491942607576711731e-03	-6.117744712142866165e-02
3.160000000000000000e+02	-9.467516999999999738e-01	-7.610871913044667605e-03	-6.060463528430713731e-02
3.170000000000000000e+02	-9.593418999999999697e-01	-7.728673529860476815e-03	-6.002270841490241898e-02
3.180000000000000000e+02	-9.717877000000000320e-01	-7.845329740476041439e-03	-5.943175403592918654e-02
3.190000000000000000e+02	-9.840872000000000508e-01	-7.960822999614158152e-03	-5.883186102785369770e-02
3.200000000000000000e+02	-9.962385999999999742e-01	-8.075135936907363102e-03	-5.822311961552605053e-02
3.210000000000000000e+02	-1.008240000000000025e+00	-8.188251359510427194e-03	-5.760562135461029520e-02
3.220000000000000000e+02	-1.020089000000000024e+00	-8.300152254686230316e-03	-5.697945911781420597e-02
3.230000000000000000e+02	-1.031784999999999952e+00	-8.410821792364476732e-03	-5.634472708092112120e-02
3.240000000000000000e+02	-1.043325000000000058e+00	-8.520243327672975819e-03	-5.570152070862578048e-02
3.250000000000000000e+02	-1.054708999999999897e+00	-8.628400403441040603e-03	-5.504993674017630290e-02
3.260000000000000000e+02	-1.065933000000000019e+00	-8.735276752674697026e-03	-5.439007317482436737e-02
3.270000000000000000e+02	-1.076996999999999982e+00	-8.840856301003247736e-03	-5.372202925708603055e-02
3.280000000000000000e+02	-1.087898999999999949e+00	-8.945123169096883334e-03	-5.304590546181527089e-02
3.290000000000000000e+02	-1.098637000000000086e+00	-9.048061675054966391e-03	-5.236180347909222266e-02
3.300000000000000000e+02	-1.109208999999999889e+00	-9.149656336764608322e-03	-5.166982619892898643e-02
3.310000000000000000e+02	-1.119614000000000109e+00	-9.249891874229207792e-03	-5.097007769579477154e-02
3.320000000000000000e+02	-1.129850999999999939e+00	-9.348753211866589821e-03	-5.026266321296284090e-02
3.330000000000000000e+02	-1.139917999999999987e+00	-9.446225480776363967e-03	-4.954768914668202656e-02
3.340000000000000000e+02	-1.149812999999999974e+00	-9.542294020976288191e-03	-4.882526303017416247e-02
3.350000000000000000e+02	-1.159534999999999982e+00	-9.636944383607107603e-03	-4.809549351746125051e-02
3.360000000000000000e+02	-1.169081999999999955e+00	-9.730162333105699807e-03	-4.735849036702358822e-02
3.370000000000000000e+02	-1.178452999999999973e+00	-9.821933849346127857e-03	-4.661436442529193896e-02
3.380000000000000000e+02	-1.187646999999999897e+00	-9.912245129748286851e-03	-4.586322760997604830e-02
3.390000000000000000e+02	-1.196661999999999892e+00	-1.000108259135384231e-02	-4.510519289323203229e-02
3.400000000000000000e+02	-1.205495999999999901e+00	-1.008843287286910126e-02	-4.434037428467133002e-02
3.410000000000000000e+02	-1.214148999999999923e+00	-1.017428283667460784e-02	-4.356888681421323267e-02
3.420000000000000000e+02	-1.222618999999999900e+00	-1.025861957080103845e-02	-4.279084651478436835e-02
3.430000000000000000e+02	-1.230906000000000056e+00	-1.034143039087118826e-02	-4.200637040486712021e-02
3.440000000000000000e+02	-1.239006000000000052e+00	-1.042270284200772813e-02	-4.121557647089988535e-02
3.450000000000000000e+02	-1.246920000000000028e+00	-1.050242470070642670e-02	-4.041858364953165861e-02
3.460000000000000000e+02	-1.254647000000000068e+00	-1.058058397667458253e-02	-3.961551180973398034e-02
3.470000000000000000e+02	-1.262183999999999973e+00	-1.065716891463439932e-02	-3.880648173477217744e-02
3.480000000000000000e+02	-1.269532000000000105e+00	-1.073216799609098653e-02	-3.799161510403951253e-02
3.490000000000000000e+02	-1.276688000000000045e+00	-1.080556994106476355e-02	-3.717103447475642031e-02
3.500000000000000000e+02	-1.283652000000000015e+00	-1.087736370978797419e-02	-3.634486326353768282e-02
3.510000000000000000e+02	-1.290421999999999958e+00	-1.094753850436510668e-02	-3.551322572783038173e-02
3.520000000000000000e+02	-1.296998000000000095e+00	-1.101608377039690195e-02	-3.467624694722531986e-02
3.530000000000000000e+02	-1.303379000000000065e+00	-1.108298919856773486e-02	-3.383405280464509696e-02
3.540000000000000000e+02	-1.309563999999999950e+00	-1.114824472619618638e-02	-3.298676996741077561e-02
3.550000000000000000e+02	-1.315550999999999915e+00	-1.121184053874846667e-02	-3.213452586819111334e-02
3.560000000000000000e+02	-1.321339999999999959e+00	-1.127376707131453291e-02	-3.127744868583648419e-02
3.570000000000000000e+02	-1.326931000000000083e+00	-1.133401501004667640e-02	-3.041566732610054627e-02
3.580000000000000000e+02	-1.332321000000000089e+00	-1.139257529356034124e-02	-2.954931140225254896e-02
3.590000000000000000e+02	-1.337510999999999894e+00	-1.144943911429694913e-02	-2.867851121558356517e-02
3.600000000000000000e+02	-1.342499000000000109e+00	-1.150459791984860189e-02	-2.780339773580857432e-02
3.610000000000000000e+02	-1.347285999999999984e+00	-1.155804341424435805e-02	-2.692410258136867726e-02
3.620000000000000000e+02	-1.351868999999999987e+00	-1.160976755919796051e-02	-2.604075799963541035e-02
3.630000000000000000e+02	-1.356249000000000038e+00	-1.165976257531681388e-02	-2.515349684702053099e-02
3.640000000000000000e+02	-1.360424000000000078e+00	-1.170802094327201212e-02	-2.426245256899420624e-02
3.650000000000000000e+02	-1.364395000000000024e+00	-1.175453540492926198e-02	-2.336775918001453289e-02
3.660000000000000000e+02	-1.368160000000000043e+00	-1.179929896444050809e-02	-2.246955124337182003e-02
3.670000000000000000e+02	-1.371718999999999911e+00	-1.184230488929612947e-02	-2.156796385094967086e-02
3.680000000000000000e+02	-1.375072000000000072e+00	-1.188354671133752018e-02	-2.066313260290721793e-02
3.690000000000000000e+02	-1.378217000000000025e+00	-1.192301822772990662e-02	-1.975519358728454120e-02
3.700000000000000000e+02	-1.381154999999999911e+00	-1.196071350189525755e-02	-1.884428335953488090e-02
3.710000000000000000e+02	-1.383885000000000032e+00	-1.199662686440516879e-02	-1.793053892198634425e-02
3.720000000000000000e+02	-1.386406000000000027e+00	-1.203075291383353881e-02	-1.701409770323686690e-02
3.730000000000000000e+02	-1.388719000000000037e+00	-1.206308651756896229e-02	-1.609509753748429584e-02
3.740000000000000000e+02	-1.390822999999999920e+00	-1.209362281258668376e-02	-1.517367664379619570e-02
3.750000000000000000e+02	-1.392716999999999983e+00	-1.212235720617999696e-02	-1.424997360532141537e-02
3.760000000000000000e+02	-1.394401000000000002e+00	-1.214928537665099610e-02	-1.332412734844695690e-02
3.770000000000000000e+02	-1.395875999999999895e+00	-1.217440327396057329e-02	-1.239627712190323819e-02
3.780000000000000000e+02	-1.397140000000000049e+00	-1.219770712033754236e-02	-1.146656247582079034e-02
3.790000000000000000e+02	-1.398193000000000019e+00	-1.221919341084682503e-02	-1.053512324074197537e-02
3.800000000000000000e+02	-1.399037000000000086e+00	-1.223885891391660215e-02	-9.602099506589842348e-03
3.810000000000000000e+02	-1.399669000000000052e+00	-1.225670067182433806e-02	-8.667631601598658336e-03
3.820000000000000000e+02	-1.400090999999999974e+00	-1.227271600114163835e-02	-7.731860071208250355e-03
3.830000000000000000e+02	-1.400301999999999936e+00	-1.228690249313783150e-02	-6.794925656925751914e-03
3.840000000000000000e+02	-1.400301999999999936e+00	-1.229925801414225375e-02	-5.856969275157859235e-03
3.850000000000000000e+02	-1.399515999999999982e+00	-1.230978070586514865e-02	-4.918131996016715350e-03
3.860000000000000000e+02	-1.399094000000000060e+00	-1.231846898567716224e-02	-3.978555022103013802e-03
3.870000000000000000e+02	-1.398462000000000094e+00	-1.232532154684737313e-02	-3.038379667268499909e-03
3.880000000000000000e+02	-1.397618999999999945e+00	-1.233033735873982455e-02	-2.097747335362417590e-03
3.890000000000000000e+02	-1.396565999999999974e+00	-1.233351566696853224e-02	-1.156799498964077759e-03
3.900000000000000000e+02	-1.395302000000000042e+00	-1.233485599351095106e-02	-2.156776781051639820e-04
3.910000000000000000e+02	-1.393828000000000067e+00	-1.233435813677986360e-02	7.254765810151731116e-04
3.920000000000000000e+02	-1.392144999999999966e+00	-1.233202217165370665e-02	1.666521727318813050e-03
3.930000000000000000e+02	-1.390250999999999904e+00	-1.232784844946529894e-02	2.607316226138578930e-03
3.940000000000000000e+02	-1.388149000000000077e+00	-1.232183759794901190e-02	3.547718580504999157e-03
3.950000000000000000e+02	-1.385836999999999986e+00	-1.231399052114634692e-02	4.487587352427746187e-03
3.960000000000000000e+02	-1.383315999999999990e+00	-1.230430839926997637e-02	5.426781184168126375e-03
3.970000000000000000e+02	-1.380587999999999926e+00	-1.229279268852622592e-02	6.365158819499512621e-03
3.980000000000000000e+02	-1.377650999999999959e+00	-1.227944512089606914e-02	7.302579124952564803e-03
3.990000000000000000e+02	-1.374506999999999923e+00	-1.226426770387463276e-02	8.238901111041654901e-03
4.000000000000000000e+02	-1.371156000000000041e+00	-1.224726272016926111e-02	9.173983953470316727e-03
4.010000000000000000e+02	-1.367598000000000091e+00	-1.222843272735619699e-02	1.010768701431116572e-02
4.020000000000000000e+02	-1.363834999999999908e+00	-1.220778055749592063e-02	1.103986986315813948e-02
4.030000000000000000e+02	-1.359866000000000019e+00	-1.218530931670719700e-02	1.197039229824744047e-02
4.040000000000000000e+02	-1.355691999999999897e+00	-1.216102238469991305e-02	1.289911436754417016e-02
4.050000000000000000e+02	-1.351313999999999904e+00	-1.213492341426677251e-02	1.382589638979108207e-02
4.060000000000000000e+02	-1.346732000000000040e+00	-1.210701633073389683e-02	1.475059897551724356e-02
4.070000000000000000e+02	-1.341947999999999919e+00	-1.207730533137045884e-02	1.567308304800217600e-02
4.080000000000000000e+02	-1.336961999999999984e+00	-1.204579488475740132e-02	1.659320986419327015e-02
4.090000000000000000e+02	-1.331774000000000013e+00	-1.201248973011535652e-02	1.751084103557296739e-02
4.100000000000000000e+02	-1.326386000000000065e+00	-1.197739487659187085e-02	1.842583854897261036e-02
4.110000000000000000e+02	-1.320797999999999917e+00	-1.194051560250799886e-02	1.933806478732989081e-02
4.120000000000000000e+02	-1.315010999999999930e+00	-1.190185745456446079e-02	2.024738255038642867e-02
4.130000000000000000e+02	-1.309026000000000023e+00	-1.186142624700739327e-02	2.115365507532329659e-02
4.140000000000000000e+02	-1.302843999999999891e+00	-1.181922806075387869e-02	2.205674605733008026e-02
4.150000000000000000e+02	-1.296465999999999896e+00	-1.177526924247736945e-02	2.295651967010542763e-02
4.160000000000000000e+02	-1.289892000000000039e+00	-1.172955640365314425e-02	2.385284058628552029e-02
4.170000000000000000e+02	-1.283123999999999931e+00	-1.168209641956391778e-02	2.474557399779760136e-02
4.180000000000000000e+02	-1.276162999999999936e+00	-1.163289642826580497e-02	2.563458563613504188e-02
4.190000000000000000e+02	-1.269009999999999971e+00	-1.158196382951472495e-02	2.651974179255194713e-02
4.200000000000000000e+02	-1.261665999999999954e+00	-1.152930628365348743e-02	2.740090933817287966e-02
4.210000000000000000e+02	-1.254131000000000107e+00	-1.147493171045965016e-02	2.827795574401573142e-02
4.220000000000000000e+02	-1.246407999999999960e+00	-1.141884828795437790e-02	2.915074910092428986e-02
4.230000000000000000e+02	-1.238496999999999959e+00	-1.136106445117245067e-02	3.001915813940757988e-02
4.240000000000000000e+02	-1.226282000000000094e+00	-1.130158889089362927e-02	3.088305224938304658e-02
4.250000000000000000e+02	-1.222116999999999898e+00	-1.124043055233555147e-02	3.174230149982030375e-02
4.260000000000000000e+02	-1.213651000000000035e+00	-1.117759863380833607e-02	3.259677665828329685e-02
4.270000000000000000e+02	-1.205000999999999989e+00	-1.111310258533116345e-02	3.344634921036686998e-02
4.280000000000000000e+02	-1.196169999999999956e+00	-1.104695210721097151e-02	3.429089137902551626e-02
4.290000000000000000e+02	-1.187159000000000075e+00	-1.097915714858350641e-02	3.513027614379133495e-02
4.300000000000000000e+02	-1.177969000000000044e+00	-1.090972790591696918e-02	3.596437725987809697e-02
4.310000000000000000e+02	-1.168601999999999919e+00	-1.083867482147845424e-02	3.679306927716847336e-02
4.320000000000000000e+02	-1.159059000000000061e+00	-1.076600858176339666e-02	3.761622755908224786e-02
4.330000000000000000e+02	-1.149340999999999946e+00	-1.069174011588831623e-02	3.843372830132162771e-02
4.340000000000000000e+02	-1.139450000000000074e+00	-1.061588059394706976e-02	3.924544855049168918e-02
4.350000000000000000e+02	-1.129386999999999919e+00	-1.053844142533083908e-02	4.005126622259272406e-02
4.360000000000000000e+02	-1.119154999999999900e+00	-1.045943425701214777e-02	4.085106012138188525e-02
4.370000000000000000e+02	-1.108754000000000017e+00	-1.037887097179312698e-02	4.164470995660134178e-02
4.380000000000000000e+02	-1.098184999999999967e+00	-1.029676368651835650e-02	4.243209636206991126e-02
4.390000000000000000e+02	-1.087452000000000085e+00	-1.021312475025242493e-02	4.321310091363622652e-02
4.400000000000000000e+02	-1.076554999999999929e+00	-1.012796674242264286e-02	4.398760614698972449e-02
4.410000000000000000e+02	-1.065495000000000081e+00	-1.004130247092706665e-02	4.475549557532750716e-02
4.420000000000000000e+02	-1.054275999999999991e+00	-9.953144970208173056e-03	4.551665370687411893e-02
4.430000000000000000e+02	-1.042896999999999963e+00	-9.863507499292462066e-03	4.627096606225172132e-02
4.440000000000000000e+02	-1.031360999999999972e+00	-9.772403539796262195e-03	4.701831919169800755e-02
4.450000000000000000e+02	-1.019670000000000076e+00	-9.679846793898107607e-03	4.775860069212901904e-02
4.460000000000000000e+02	-1.007826000000000111e+00	-9.585851182277872751e-03	4.849169922404505950e-02
4.470000000000000000e+02	-9.958293999999999757e-01	-9.490430842023096433e-03	4.921750452827611949e-02
4.480000000000000000e+02	-9.836831000000000325e-01	-9.393600124502743398e-03	4.993590744256507646e-02
4.490000000000000000e+02	-9.713884999999999881e-01	-9.295373593208731272e-03	5.064679991798588105e-02
4.500000000000000000e+02	-9.589478000000000169e-01	-9.195766021565555948e-03	5.135007503519434247e-02
4.510000000000000000e+02	-9.463627000000000011e-01	-9.094792390708367549e-03	5.204562702050872375e-02
4.520000000000000000e+02	-9.336351999999999984e-01	-8.992467887229746784e-03	5.273335126181862703e-02
4.530000000000000000e+02	-9.207667999999999964e-01	-8.888807900895648317e-03	5.341314432431857467e-02
4.540000000000000000e+02	-9.077600000000000113e-01	-8.783828022330738422e-03	5.408490396606483591e-02
4.550000000000000000e+02	-8.946163000000000309e-01	-8.677544040673548439e-03	5.474852915335276515e-02
4.560000000000000000e+02	-8.813381000000000132e-01	-8.569971941201764976e-03	5.540392007591244533e-02
4.570000000000000000e+02	-8.679270000000000040e-01	-8.461127902928005512e-03	5.605097816192036037e-02
4.580000000000000000e+02	-8.543853000000000142e-01	-8.351028296166502704e-03	5.668960609282451546e-02
4.590000000000000000e+02	-8.407147999999999843e-01	-8.239689680070941963e-03	5.731970781798165215e-02
4.600000000000000000e+02	-8.269176000000000304e-01	-8.127128800143958859e-03	5.794118856910317195e-02
4.610000000000000000e+02	-8.129960000000000520e-01	-8.013362585718591252e-03	5.855395487450852643e-02
4.620000000000000000e+02	-7.989521000000000539e-01	-7.898408147412079930e-03	5.915791457318345103e-02
4.630000000000000000e+02	-7.847878000000000354e-01	-7.782282774552389849e-03	5.975297682864123827e-02
4.640000000000000000e+02	-7.705052999999999486e-01	-7.665003932577909955e-03	6.033905214258444838e-02
4.650000000000000000e+02	-7.561065999999999621e-01	-7.546589260410564888e-03	6.091605236836589166e-02
4.660000000000000000e+02	-7.415941999999999812e-01	-7.427056567802936202e-03	6.148389072424585711e-02
4.670000000000000000e+02	-7.269700000000000051e-01	-7.306423832659635076e-03	6.204248180644422045e-02
4.680000000000000000e+02	-7.122363999999999917e-01	-7.184709198333391438e-03	6.259174160198535675e-02
4.690000000000000000e+02	-6.973956000000000044e-01	-7.061930970896275819e-03	6.313158750133378294e-02
4.700000000000000000e+02	-6.824497999999999953e-01	-6.938107616386421719e-03	6.366193831081884413e-02
4.710000000000000000e+02	-6.674012000000000278e-01	-6.813257758030741122e-03	6.418271426484618847e-02
4.720000000000000000e+02	-6.522520000000000540e-01	-6.687400173443909870e-03	6.469383703789483020e-02
4.730000000000000000e+02	-6.370046000000000319e-01	-6.560553791804219631e-03	6.519522975629737926e-02
4.740000000000000000e+02	-6.216612999999999722e-01	-6.432737691006590493e-03	6.568681700980188998e-02
4.750000000000000000e+02	-6.062245000000000550e-01	-6.303971094793227314e-03	6.616852486291374680e-02
4.760000000000000000e+02	-5.906962000000000046e-01	-6.174273369862326617e-03	6.664028086601569978e-02
4.770000000000000000e+02	-5.750788000000000011e-01	-6.043664022955335356e-03	6.710201406626427334e-02
4.780000000000000000e+02	-5.593751000000000140e-01	-5.912162697923047799e-03	6.755365501826134100e-02
4.790000000000000000e+02	-5.435872000000000481e-01	-5.779789172771178027e-03	6.799513579449874279e-02
4.800000000000000000e+02	-5.277171999999999974e-01	-5.646563356685706421e-03	6.842638999557471013e-02
4.810000000000000000e+02	-5.117677999999999949e-01	-5.512505287038510157e-03	6.884735276018041916e-02
4.820000000000000000e+02	-4.957413999999999987e-01	-5.377635126373705304e-03	6.925796077485524282e-02
4.830000000000000000e+02	-4.796403000000000194e-01	-5.241973159375165441e-03	6.965815228350925870e-02
4.840000000000000000e+02	-4.553540999999999839e-01	-5.105539789815705110e-03	7.004786709671127765e-02
4.850000000000000000e+02	-4.472240000000000104e-01	-4.968355537488268990e-03	7.042704660074164402e-02
4.860000000000000000e+02	-4.309134000000000020e-01	-4.830441035119756484e-03	7.079563376640772565e-02
4.870000000000000000e+02	-4.145382000000000233e-01	-4.691817025267820858e-03	7.115357315762121937e-02
4.880000000000000000e+02	-3.981003000000000180e-01	-4.552504357201155559e-03	7.150081093973577329e-02
4.890000000000000000e+02	-3.816025000000000111e-01	-4.412523983763726523e-03	7.183729488764388493e-02
4.900000000000000000e+02	-3.650475000000000247e-01	-4.271896958223430144e-03	7.216297439363160426e-02
4.910000000000000000e+02	-3.484370999999999996e-01	-4.130644431105680824e-03	7.247780047498991740e-02
4.920000000000000000e+02	-3.317745999999999751e-01	-3.988787647012286344e-03	7.278172578138202009e-02
4.930000000000000000e+02	-3.150620000000000087e-01	-3.846347941426255489e-03	7.307470460196473228e-02
4.940000000000000000e+02	-2.983018000000000058e-01	-3.703346737502911327e-03	7.335669287226349866e-02
4.950000000000000000e+02	-2.814967999999999915e-01	-3.559805542847804555e-03	7.362764818079983731e-02
4.960000000000000000e+02	-2.646494999999999820e-01	-3.415745946281930397e-03	7.388752977547000111e-02
4.970000000000000000e+02	-2.477621999999999880e-01	-3.271189614594775981e-03	7.413629856967417220e-02
4.980000000000000000e+02	-2.308375000000000010e-01	-3.126158289285540376e-03	7.437391714819518995e-02
4.990000000000000000e+02	-2.138782999999999934e-01	-2.980673783293217270e-03	7.460034977282582747e-02
5.000000000000000000e+02	-1.968868000000000007e-01	-2.834757977715888101e-03	7.481556238774390855e-02
5.010000000000000000e+02	-1.798655999999999866e-01	-2.688432818519768171e-03	7.501952262463430776e-02
5.020000000000000000e+02	-1.628174000000000010e-01	-2.541720313238501026e-03	7.521219980755722290e-02
5.030000000000000000e+02	-1.457446000000000019e-01	-2.394642527663177253e-03	7.539356495756187326e-02
5.040000000000000000e+02	-1.286498000000000086e-01	-2.247221582523649310e-03	7.556359079704498549e-02
5.050000000000000000e+02	-1.115357000000000015e-01	-2.099479650161476321e-03	7.572225175385342844e-02
5.060000000000000000e+02	-9.440482999999999514e-02	-1.951438951195207886e-03	7.586952396513019226e-02
5.070000000000000000e+02	-7.725970000000000060e-02	-1.803121751178361678e-03	7.600538528090354518e-02
5.080000000000000000e+02	-6.010295000000000221e-02	-1.654550357250646241e-03	7.612981526741829930e-02
5.090000000000000000e+02	-4.293715000000000032e-02	-1.505747114782923389e-03	7.624279521020918549e-02
5.100000000000000000e+02	-2.577547000000000171e-02	-1.356734404016471385e-03	7.634430811691542140e-02
5.110000000000000000e+02	-8.592251000000000402e-03	-1.207534636696897369e-03	7.643433871983650041e-02
