0.000000000000000000e+00	2.282917999999999892e-01	9.402926446031565667e-04	9.441590422412428352e-02
1.000000000000000000e+00	2.478893000000000069e-01	1.124629560977268797e-03	9.434272798578187402e-02
2.000000000000000000e+00	2.674493000000000009e-01	1.308809671169508613e-03	9.425533671006099123e-02
3.000000000000000000e+00	2.869688999999999712e-01	1.492805223945555719e-03	9.415374356459282890e-02
4.000000000000000000e+00	3.064451999999999732e-01	1.676588495879174434e-03	9.403796385686732928e-02
5.000000000000000000e+00	3.258752999999999789e-01	1.860131795529425215e-03	9.390801503192673649e-02
6.000000000000000000e+00	3.452561000000000102e-01	2.043407467613057339e-03	9.376391666973701855e-02
7.000000000000000000e+00	3.645847999999999867e-01	2.226387897171453259e-03	9.360569048223769950e-02
8.000000000000000000e+00	3.838582999999999856e-01	2.409045513731495128e-03	9.343336031007042075e-02
9.000000000000000000e+00	4.030739999999999879e-01	2.591352795459732697e-03	9.324695211898674507e-02
1.000000000000000000e+01	4.222288000000000152e-01	2.773282273309220485e-03	9.304649399593586945e-02
1.100000000000000000e+01	4.413199999999999901e-01	2.954806535158396256e-03	9.283201614483249653e-02
1.200000000000000000e+01	4.603446999999999956e-01	3.135898229941394295e-03	9.260355088200600271e-02
1.300000000000000000e+01	4.792996999999999952e-01	3.316530071769144272e-03	9.236113263133113871e-02
1.400000000000000000e+01	4.981824999999999726e-01	3.496674844040661978e-03	9.210479791904119251e-02
1.500000000000000000e+01	5.169901999999999553e-01	3.676305403543895720e-03	9.183458536822451668e-02
1.600000000000000000e+01	5.357197999999999682e-01	3.855394684545510389e-03	9.155053569300494742e-02
1.700000000000000000e+01	5.543687999999999949e-01	4.033915702869005082e-03	9.125269169240723954e-02
1.800000000000000000e+01	5.729338999999999960e-01	4.211841559960538897e-03	9.094109824390833596e-02
1.900000000000000000e+01	5.914127999999999608e-01	4.389145446941852997e-03	9.061580229667552666e-02
2.000000000000000000e+01	6.098023000000000193e-01	4.565800648649684379e-03	9.027685286449235735e-02
2.100000000000000000e+01	6.280999999999999917e-01	4.741780547661058991e-03	8.992430101837353695e-02
2.200000000000000000e+01	6.463029999999999609e-01	4.917058628303852715e-03	8.955819987886981526e-02
2.300000000000000000e+01	6.644084000000000101e-01	5.091608480652036473e-03	8.917860460806407985e-02
2.400000000000000000e+01	6.824135999999999536e-01	5.265403804504959276e-03	8.878557240125989347e-02
2.500000000000000000e+01	7.003160999999999969e-01	5.438418413350133186e-03	8.837916247836352657e-02
2.600000000000000000e+01	7.181130000000000013e-01	5.610626238308860127e-03	8.795943607496110872e-02
2.700000000000000000e+01	7.358014000000000499e-01	5.782001332064153239e-03	8.752645643309196755e-02
2.800000000000000000e+01	7.533790000000000209e-01	5.952517872770325680e-03	8.708028879171963998e-02
2.900000000000000000e+01	7.708431000000000033e-01	6.122150167943691754e-03	8.662100037690212417e-02
3.000000000000000000e+01	7.881907999999999692e-01	6.290872658333762808e-03	8.614866039166249601e-02
3.100000000000000000e+01	8.054198000000000190e-01	6.458659921774368047e-03	8.566334000556187489e-02
3.200000000000000000e+01	8.225272000000000139e-01	6.625486677014139070e-03	8.516511234397597385e-02
3.300000000000000000e+01	8.395106999999999431e-01	6.791327787525731040e-03	8.465405247707694092e-02
3.400000000000000000e+01	8.563676999999999540e-01	6.956158265293267001e-03	8.413023740852225429e-02
3.500000000000000000e+01	8.730955999999999717e-01	7.119953274577391251e-03	8.359374606385222561e-02
3.600000000000000000e+01	8.896918000000000326e-01	7.282688135657374925e-03	8.304465927859787377e-02
3.700000000000000000e+01	9.061540000000000150e-01	7.444338328549722147e-03	8.248305978610119549e-02
3.800000000000000000e+01	9.224795999999999552e-01	7.604879496702706895e-03	8.190903220504926197e-02
3.900000000000000000e+01	9.386660999999999477e-01	7.764287450666281995e-03	8.132266302672436220e-02
4.000000000000000000e+01	9.547109999999999763e-01	7.922538171736805135e-03	8.072404060197206632e-02
4.100000000000000000e+01	9.706122000000000360e-01	8.079607815576053675e-03	8.011325512788890213e-02
4.200000000000000000e+01	9.863669000000000464e-01	8.235472715803949725e-03	7.949039863423199015e-02
4.300000000000000000e+01	1.001973000000000003e+00	8.390109387564475066e-03	7.885556496955256622e-02
4.400000000000000000e+01	1.017427999999999777e+00	8.543494531064250302e-03	7.820884978705530677e-02
4.500000000000000000e+01	1.032729999999999926e+00	8.695605035083207521e-03	7.755035053018595470e-02
4.600000000000000000e+01	1.047876000000000030e+00	8.846417980456867253e-03	7.688016641794896688e-02
4.700000000000000000e+01	1.062863999999999809e+00	8.995910643529664644e-03	7.619839842995780599e-02
4.800000000000000000e+01	1.077691999999999872e+00	9.144060499578830423e-03	7.550514929121990293e-02
4.900000000000000000e+01	1.092357999999999940e+00	9.290845226208281973e-03	7.480052345665862135e-02
5.000000000000000000e+01	1.106859000000000037e+00	9.436242706712047457e-03	7.408462709537450008e-02
5.100000000000000000e+01	1.121192999999999884e+00	9.580231033406680016e-03	7.335756807464841045e-02
5.200000000000000000e+01	1.135358000000000089e+00	9.722788510932191958e-03	7.261945594368858503e-02
5.300000000000000000e+01	1.149351999999999929e+00	9.863893659520983279e-03	7.187040191712447401e-02
5.400000000000000000e+01	1.163173000000000012e+00	1.000352521823430658e-02	7.111051885824941354e-02
5.500000000000000000e+01	1.176817999999999920e+00	1.014166214816572542e-02	7.033992126201514539e-02
5.600000000000000000e+01	1.190285999999999955e+00	1.027828363561116704e-02	6.955872523778025562e-02
5.700000000000000000e+01	1.203574999999999839e+00	1.041336909520499190e-02	6.876704849181548840e-02
5.800000000000000000e+01	1.216682000000000041e+00	1.054689817302169319e-02	6.796501030956846046e-02
5.900000000000000000e+01	1.229605999999999977e+00	1.067885074964271437e-02	6.715273153769032999e-02
6.000000000000000000e+01	1.242344999999999811e+00	1.080920694318792882e-02	6.633033456582734799e-02
6.100000000000000000e+01	1.254896000000000011e+00	1.093794711231132338e-02	6.549794330817984567e-02
6.200000000000000000e+01	1.267259000000000135e+00	1.106505185916046262e-02	6.465568318483153054e-02
6.300000000000000000e+01	1.279430000000000067e+00	1.119050203229923421e-02	6.380368110285186689e-02
6.400000000000000000e+01	1.291408999999999807e+00	1.131427872959348858e-02	6.294206543717451030e-02
6.500000000000000000e+01	1.303192999999999824e+00	1.143636330105910967e-02	6.207096601125432905e-02
6.600000000000000000e+01	1.314779999999999838e+00	1.155673735167208650e-02	6.119051407750649568e-02
6.700000000000000000e+01	1.326169999999999849e+00	1.167538274414016593e-02	6.030084229753000097e-02
6.800000000000000000e+01	1.337359000000000187e+00	1.179228160163569954e-02	5.940208472211898350e-02
6.900000000000000000e+01	1.348346999999999962e+00	1.190741631048920258e-02	5.849437677106466421e-02
7.000000000000000000e+01	1.359131999999999785e+00	1.202076952284329182e-02	5.757785521275110563e-02
7.100000000000000000e+01	1.369711999999999819e+00	1.213232415926657204e-02	5.665265814354766838e-02
7.200000000000000000e+01	1.380085999999999924e+00	1.224206341132706190e-02	5.571892496700137781e-02
7.300000000000000000e+01	1.390251999999999821e+00	1.234997074412478961e-02	5.477679637283251052e-02
7.400000000000000000e+01	1.400208000000000119e+00	1.245602989878319064e-02	5.382641431573609303e-02
7.500000000000000000e+01	1.409952999999999790e+00	1.256022489489890155e-02	5.286792199399305281e-02
7.600000000000000000e+01	1.419486000000000026e+00	1.266254003294959261e-02	5.190146382789388724e-02
7.700000000000000000e+01	1.428803999999999963e+00	1.276295989665949225e-02	5.092718543797816744e-02
7.800000000000000000e+01	1.437908000000000186e+00	1.286146935532222167e-02	4.994523362309331166e-02
7.900000000000000000e+01	1.446794999999999831e+00	1.295805356608060489e-02	4.895575633827572298e-02
8.000000000000000000e+01	1.455464000000000091e+00	1.305269797616311067e-02	4.795890267245771221e-02
8.100000000000000000e+01	1.463912999999999798e+00	1.314538832507657941e-02	4.695482282600367541e-02
8.200000000000000000e+01	1.472141999999999840e+00	1.323611064675491757e-02	4.594366808807871794e-02
8.300000000000000000e+01	1.480150000000000077e+00	1.332485127166343000e-02	4.492559081385314596e-02
8.400000000000000000e+01	1.487934000000000090e+00	1.341159682885846062e-02	4.390074440154662777e-02
8.500000000000000000e+01	1.495493000000000183e+00	1.349633424800205685e-02	4.286928326931484928e-02
8.600000000000000000e+01	1.502828000000000053e+00	1.357905076133134048e-02	4.183136283198268801e-02
8.700000000000000000e+01	1.509936000000000167e+00	1.365973390558227613e-02	4.078713947762718089e-02
8.800000000000000000e+01	1.516815999999999942e+00	1.373837152386756487e-02	3.973677054401384551e-02
8.900000000000000000e+01	1.523468999999999962e+00	1.381495176750838390e-02	3.868041429488987271e-02
9.000000000000000000e+01	1.529891000000000112e+00	1.388946309781967370e-02	3.761822989613787527e-02
9.100000000000000000e+01	1.536083000000000087e+00	1.396189428784872649e-02	3.655037739179361339e-02
9.200000000000000000e+01	1.542043000000000053e+00	1.403223442406679664e-02	3.547701767993145794e-02
9.300000000000000000e+01	1.547772000000000148e+00	1.410047290801349877e-02	3.439831248842115802e-02
9.400000000000000000e+01	1.553265999999999813e+00	1.416659945789371447e-02	3.331442435055961132e-02
9.500000000000000000e+01	1.558526999999999774e+00	1.423060411012680090e-02	3.222551658058122465e-02
9.600000000000000000e+01	1.563553000000000193e+00	1.429247722084784657e-02	3.113175324905069832e-02
9.700000000000000000e+01	1.568344000000000182e+00	1.435220946736076239e-02	3.003329915814165196e-02
9.800000000000000000e+01	1.572897999999999907e+00	1.440979184954296020e-02	2.893031981680528608e-02
9.900000000000000000e+01	1.577214999999999812e+00	1.446521569120145199e-02	2.782298141583234088e-02
1.000000000000000000e+02	1.581294000000000199e+00	1.451847264138012884e-02	2.671145080281241146e-02
1.010000000000000000e+02	1.585135000000000183e+00	1.456955467561803046e-02	2.559589545699426233e-02
1.020000000000000000e+02	1.588738000000000206e+00	1.461845409715843182e-02	2.447648346405106867e-02
1.030000000000000000e+02	1.592099999999999849e+00	1.466516353810854399e-02	2.335338349075407466e-02
1.040000000000000000e+02	1.596694999999999975e+00	1.470967596054967644e-02	2.222676475955890144e-02
1.050000000000000000e+02	1.598106000000000027e+00	1.475198465759765612e-02	2.109679702310804372e-02
1.060000000000000000e+02	1.600747999999999838e+00	1.479208325441339934e-02	1.996365053865346850e-02
1.070000000000000000e+02	1.603149000000000157e+00	1.482996570916342294e-02	1.882749604240318772e-02
1.080000000000000000e+02	1.605307999999999957e+00	1.486562631393020459e-02	1.768850472379576017e-02
1.090000000000000000e+02	1.607225000000000126e+00	1.489905969557221536e-02	1.654684819970629259e-02
1.100000000000000000e+02	1.608899999999999775e+00	1.493026081653351690e-02	1.540269848858824564e-02
1.110000000000000000e+02	1.610332999999999792e+00	1.495922497560278792e-02	1.425622798455462338e-02
1.120000000000000000e+02	1.611523000000000039e+00	1.498594780862168123e-02	1.310760943140260905e-02
1.130000000000000000e+02	1.612470000000000070e+00	1.501042528914239144e-02	1.195701589658544443e-02
1.140000000000000000e+02	1.613173999999999886e+00	1.503265372903433289e-02	1.080462074513568842e-02
1.150000000000000000e+02	1.613634999999999931e+00	1.505262977903984792e-02	9.650597613543407394e-03
1.160000000000000000e+02	1.613853000000000204e+00	1.507035042927886218e-02	8.495120383593677757e-03
1.170000000000000000e+02	1.613827999999999818e+00	1.508581300970238646e-02	7.338363156167025149e-03
1.180000000000000000e+02	1.613560000000000105e+00	1.509901519049482339e-02	6.180500225006879678e-03
1.190000000000000000e+02	1.613048000000000037e+00	1.510995498242502511e-02	5.021706050457932884e-03
1.200000000000000000e+02	1.612293999999999894e+00	1.511863073714600839e-02	3.862155233179512953e-03
1.210000000000000000e+02	1.611295999999999840e+00	1.512504114744331329e-02	2.702022487837602016e-03
1.220000000000000000e+02	1.610056000000000154e+00	1.512918524743198621e-02	1.541482616779886764e-03
1.230000000000000000e+02	1.608572999999999809e+00	1.513106241270209540e-02	3.807104836974915438e-04
1.240000000000000000e+02	1.606847999999999832e+00	1.513067236041281891e-02	-7.801190127225101278e-04
1.250000000000000000e+02	1.604880999999999780e+00	1.512801514933507022e-02	-1.940830965149876412e-03
1.260000000000000000e+02	1.602672000000000097e+00	1.512309117984262513e-02	-3.101250483965178103e-03
1.270000000000000000e+02	1.600220999999999894e+00	1.511590119385181584e-02	-4.261202723611317959e-03
1.280000000000000000e+02	1.597529000000000199e+00	1.510644627470973146e-02	-5.420512908938203943e-03
1.290000000000000000e+02	1.594596999999999820e+00	1.509472784703098404e-02	-6.579006361536915946e-03
1.300000000000000000e+02	1.591423999999999950e+00	1.508074767648306252e-02	-7.736508526059278183e-03
1.310000000000000000e+02	1.588010999999999839e+00	1.506450786952028345e-02	-8.892844996518886949e-03
1.320000000000000000e+02	1.584360000000000213e+00	1.504601087306641112e-02	-1.004784154256965593e-02
1.330000000000000000e+02	1.580468999999999902e+00	1.502525947414596469e-02	-1.120132413575779078e-02
1.340000000000000000e+02	1.576340000000000074e+00	1.500225679946428498e-02	-1.235311897574355340e-02
1.350000000000000000e+02	1.571973999999999982e+00	1.497700631493641306e-02	-1.350305251648844899e-02
1.360000000000000000e+02	1.567371000000000070e+00	1.494951182516488127e-02	-1.465095149240419788e-02
1.370000000000000000e+02	1.562532000000000032e+00	1.491977747286644257e-02	-1.579664294445942696e-02
1.380000000000000000e+02	1.557456999999999869e+00	1.488780773824787025e-02	-1.693995424624020543e-02
1.390000000000000000e+02	1.552147999999999861e+00	1.485360743833091975e-02	-1.808071312996032201e-02
1.400000000000000000e+02	1.546605000000000008e+00	1.481718172622650646e-02	-1.921874771241780661e-02
1.410000000000000000e+02	1.540827999999999864e+00	1.477853609035827652e-02	-2.035388652089320863e-02
1.420000000000000000e+02	1.534819999999999851e+00	1.473767635363563804e-02	-2.148595851898619027e-02
1.430000000000000000e+02	1.525373999999999786e+00	1.469460867257639872e-02	-2.261479313238635644e-02
1.440000000000000000e+02	1.522110000000000074e+00	1.464933953637913289e-02	-2.374022027457442507e-02
1.450000000000000000e+02	1.515410999999999841e+00	1.460187576594542888e-02	-2.486207037244987303e-02
1.460000000000000000e+02	1.508483000000000018e+00	1.455222451285215386e-02	-2.598017439188137281e-02
1.470000000000000000e+02	1.501327999999999996e+00	1.450039325827388696e-02	-2.709436386317582574e-02
1.480000000000000000e+02	1.493946999999999914e+00	1.444638981185570638e-02	-2.820447090646247337e-02
1.490000000000000000e+02	1.486340999999999912e+00	1.439022231053647266e-02	-2.931032825698810448e-02
1.500000000000000000e+02	1.478509999999999991e+00	1.433189921732279382e-02	-3.041176929031957563e-02
1.510000000000000000e+02	1.470457000000000125e+00	1.427142932001388038e-02	-3.150862804744980483e-02
1.520000000000000000e+02	1.462181999999999871e+00	1.420882172987743101e-02	-3.260073925980363357e-02
1.530000000000000000e+02	1.453686999999999951e+00	1.414408588027681393e-02	-3.368793837413953940e-02
1.540000000000000000e+02	1.444973000000000063e+00	1.407723152524969004e-02	-3.477006157734358754e-02
1.550000000000000000e+02	1.436040999999999901e+00	1.400826873803832917e-02	-3.584694582111189881e-02
1.560000000000000000e+02	1.426893000000000189e+00	1.393720790957183632e-02	-3.691842884651786588e-02
1.570000000000000000e+02	1.417530000000000179e+00	1.386405974690050127e-02	-3.798434920846036067e-02
1.580000000000000000e+02	1.407953000000000010e+00	1.378883527158251271e-02	-3.904454629998949794e-02
1.590000000000000000e+02	1.398163999999999962e+00	1.371154581802330220e-02	-4.009886037650593066e-02
1.600000000000000000e+02	1.388164000000000176e+00	1.363220303176773500e-02	-4.114713257983025618e-02
1.610000000000000000e+02	1.377955000000000041e+00	1.355081886774541985e-02	-4.218920496213893201e-02
1.620000000000000000e+02	1.367538999999999838e+00	1.346740558846941035e-02	-4.322492050976298184e-02
1.630000000000000000e+02	1.356916000000000011e+00	1.338197576218857002e-02	-4.425412316684575881e-02
1.640000000000000000e+02	1.346089000000000091e+00	1.329454226099381978e-02	-4.527665785885696959e-02
1.650000000000000000e+02	1.335058999999999774e+00	1.320511825887869112e-02	-4.629237051595807423e-02
1.660000000000000000e+02	1.323827999999999783e+00	1.311371722975431670e-02	-4.730110809621673740e-02
1.670000000000000000e+02	1.312396999999999814e+00	1.302035294541925570e-02	-4.830271860866648670e-02
1.680000000000000000e+02	1.300768999999999842e+00	1.292503947348443843e-02	-4.929705113620775486e-02
1.690000000000000000e+02	1.288945000000000007e+00	1.282779117525354069e-02	-5.028395585834725262e-02
1.700000000000000000e+02	1.276926000000000005e+00	1.272862270355910354e-02	-5.126328407377207796e-02
1.710000000000000000e+02	1.264714999999999812e+00	1.262754900055471606e-02	-5.223488822275519639e-02
1.720000000000000000e+02	1.252313000000000009e+00	1.252458529546362706e-02	-5.319862190938896840e-02
1.730000000000000000e+02	1.239723000000000130e+00	1.241974710228408232e-02	-5.415433992364317856e-02
1.740000000000000000e+02	1.226945999999999870e+00	1.231305021745176392e-02	-5.510189826324459611e-02
1.750000000000000000e+02	1.213982999999999812e+00	1.220451071745967155e-02	-5.604115415537431338e-02
1.760000000000000000e+02	1.200838000000000072e+00	1.209414495643580494e-02	-5.697196607818005853e-02
1.770000000000000000e+02	1.187511999999999901e+00	1.198196956367901696e-02	-5.789419378209986755e-02
1.780000000000000000e+02	1.174007000000000023e+00	1.186800144115340676e-02	-5.880769831099407624e-02
1.790000000000000000e+02	1.160324999999999829e+00	1.175225776094161213e-02	-5.971234202308255828e-02
1.800000000000000000e+02	1.146469000000000182e+00	1.163475596265743130e-02	-6.060798861168376073e-02
1.810000000000000000e+02	1.132439000000000195e+00	1.151551375081810887e-02	-6.149450312575262256e-02
1.820000000000000000e+02	1.118238999999999983e+00	1.139454909217671973e-02	-6.237175199021425392e-02
1.830000000000000000e+02	1.103870000000000129e+00	1.127188021301504979e-02	-6.323960302609035744e-02
1.840000000000000000e+02	1.089335000000000164e+00	1.114752559639733791e-02	-6.409792547041509581e-02
1.850000000000000000e+02	1.074635999999999925e+00	1.102150397938537335e-02	-6.494658999593784510e-02
1.860000000000000000e+02	1.059773999999999994e+00	1.089383435021529060e-02	-6.578546873060940603e-02
1.870000000000000000e+02	1.044753000000000043e+00	1.076453594543652116e-02	-6.661443527684915433e-02
1.880000000000000000e+02	1.029574999999999907e+00	1.063362824701334988e-02	-6.743336473058982039e-02
1.890000000000000000e+02	1.014241000000000170e+00	1.050113097938946451e-02	-6.824213370009746260e-02
1.900000000000000000e+02	9.987544999999999895e-01	1.036706410651601351e-02	-6.904062032456327602e-02
1.910000000000000000e+02	9.831172999999999718e-01	1.023144782884352275e-02	-6.982870429246505750e-02
1.920000000000000000e+02	9.673321000000000280e-01	1.009430258027820861e-02	-7.060626685969505212e-02
1.930000000000000000e+02	9.514009999999999412e-01	9.955649025103116209e-03	-7.137319086745155805e-02
1.940000000000000000e+02	9.353264999999999496e-01	9.815508054864549234e-03	-7.212936075989188900e-02
1.950000000000000000e+02	9.191110999999999587e-01	9.673900785224225085e-03	-7.287466260154354392e-02
1.960000000000000000e+02	9.027568999999999733e-01	9.530848552777708774e-03	-7.360898409447155788e-02
1.970000000000000000e+02	8.862668999999999686e-01	9.386372911839510613e-03	-7.433221459519871732e-02
1.980000000000000000e+02	8.696431999999999496e-01	9.240495631195423665e-03	-7.504424513137689101e-02
1.990000000000000000e+02	8.528883999999999910e-01	9.093238690822505119e-03	-7.574496841820621551e-02
2.000000000000000000e+02	8.360047999999999924e-01	8.944624278577274074e-03	-7.643427887460033099e-02
2.010000000000000000e+02	8.189954999999999874e-01	8.794674786852547249e-03	-7.711207263909462817e-02
2.020000000000000000e+02	8.018627999999999867e-01	8.643412809203493766e-03	-7.777824758549557738e-02
2.030000000000000000e+02	7.846088999999999425e-01	8.490861136943372162e-03	-7.843270333826848906e-02
2.040000000000000000e+02	7.672367999999999411e-01	8.337042755709435371e-03	-7.907534128766159631e-02
2.050000000000000000e+02	7.497492000000000045e-01	8.181980841999598672e-03	-7.970606460456400311e-02
2.060000000000000000e+02	7.321484000000000325e-01	8.025698759680338981e-03	-8.032477825509531932e-02
2.070000000000000000e+02	7.144371999999999945e-01	7.868220056466344176e-03	-8.093138901492488713e-02
2.080000000000000000e+02	6.966181999999999652e-01	7.709568460372485769e-03	-8.152580548331830879e-02
2.090000000000000000e+02	6.696938999999999531e-01	7.549767876138605005e-03	-8.210793809690915268e-02
2.100000000000000000e+02	6.606682000000000388e-01	7.388842381627686549e-03	-8.267769914319386682e-02
2.110000000000000000e+02	6.425423000000000107e-01	7.226816224197938482e-03	-8.323500277374787371e-02
2.120000000000000000e+02	6.243195000000000272e-01	7.063713817049331080e-03	-8.377976501716065394e-02
2.130000000000000000e+02	6.060025999999999469e-01	6.899559735545155587e-03	-8.431190379168816695e-02
2.140000000000000000e+02	5.875943000000000138e-01	6.734378713509138123e-03	-8.483133891762041634e-02
2.150000000000000000e+02	5.690973999999999755e-01	6.568195639498708958e-03	-8.533799212936248046e-02
2.160000000000000000e+02	5.505145999999999651e-01	6.401035553054897249e-03	-8.583178708722714878e-02
2.170000000000000000e+02	5.318488000000000104e-01	6.232923640929533861e-03	-8.631264938893744298e-02
2.180000000000000000e+02	5.131025999999999643e-01	6.063885233290253196e-03	-8.678050658083698299e-02
2.190000000000000000e+02	4.942792999999999770e-01	5.893945799903871699e-03	-8.723528816880700421e-02
2.200000000000000000e+02	4.753813000000000066e-01	5.723130946298758855e-03	-8.767692562888801389e-02
2.210000000000000000e+02	4.564115999999999729e-01	5.551466409906728912e-03	-8.810535241760457381e-02
2.220000000000000000e+02	4.373729000000000089e-01	5.378978056185073492e-03	-8.852050398199171055e-02
2.230000000000000000e+02	4.182684999999999875e-01	5.205691874719293663e-03	-8.892231776932137122e-02
2.240000000000000000e+02	3.991005999999999720e-01	5.031633975307137768e-03	-8.931073323652757856e-02
2.250000000000000000e+02	3.798729000000000133e-01	4.856830584024520933e-03	-8.968569185932867560e-02
2.260000000000000000e+02	3.605875000000000052e-01	4.681308039273919530e-03	-9.004713714104548017e-02
2.270000000000000000e+02	3.412476999999999872e-01	4.505092787815870303e-03	-9.039501462111379504e-02
2.280000000000000000e+02	3.218566999999999956e-01	4.328211380784087632e-03	-9.072927188329035775e-02
2.290000000000000000e+02	3.024166999999999828e-01	4.150690469684905834e-03	-9.104985856355052309e-02
2.300000000000000000e+02	2.829311999999999938e-01	3.972556802381572126e-03	-9.135672635767691507e-02
2.310000000000000000e+02	2.634029999999999982e-01	3.793837219064033831e-03	-9.164982902853756330e-02
2.320000000000000000e+02	2.438349999999999962e-01	3.614558648204801387e-03	-9.192912241305267740e-02
2.330000000000000000e+02	2.242300999999999878e-01	3.434748102501517311e-03	-9.219456442884893521e-02
2.340000000000000000e+02	2.045913000000000037e-01	3.254432674806835221e-03	-9.244611508060018856e-02
2.350000000000000000e+02	1.849215999999999915e-01	3.073639534046217377e-03	-9.268373646605369831e-02
2.360000000000000000e+02	1.652239000000000069e-01	2.892395921124273506e-03	-9.290739278174114935e-02
2.370000000000000000e+02	1.455010999999999943e-01	2.710729144820253709e-03	-9.311705032837316875e-02
2.380000000000000000e+02	1.257563999999999904e-01	2.528666577673302582e-03	-9.331267751591708348e-02
2.390000000000000000e+02	1.059925999999999924e-01	2.346235651858150691e-03	-9.349424486835662684e-02
2.400000000000000000e+02	8.621262999999999843e-02	2.163463855051739500e-03	-9.366172502813327472e-02
2.410000000000000000e+02	6.641959000000000057e-02	1.980378726291564303e-03	-9.381509276026833710e-02
2.420000000000000000e+02	4.661641999999999869e-02	1.797007851826236055e-03	-9.395432495616519442e-02
2.430000000000000000e+02	2.680611999999999578e-02	1.613378860958936687e-03	-9.407940063709119283e-02
2.440000000000000000e+02	6.991626999999995054e-03	1.429519421884393494e-03	-9.419030095733856023e-02
2.450000000000000000e+02	-1.282404000000000530e-02	1.245457237519986696e-03	-9.428700920706406530e-02
2.460000000000000000e+02	-3.263790000000000441e-02	1.061220041331629180e-03	-9.436951081480665637e-02
2.470000000000000000e+02	-5.244699000000000583e-02	8.768355931550415394e-04	-9.443779334968308015e-02
2.480000000000000000e+02	-7.224830000000000141e-02	6.923316750130549145e-04	-9.449184652326085565e-02
2.490000000000000000e+02	-9.203886000000000012e-02	5.077360869295698305e-04	-9.453166219110854807e-02
2.500000000000000000e+02	-1.118157000000000040e-01	3.230766427407973204e-04	-9.455723435402280108e-02
2.510000000000000000e+02	-1.315757999999999928e-01	1.383811659044510136e-04	-9.456855915893240538e-02
2.520000000000000000e+02	-1.513163000000000147e-01	-4.632251469257672044e-05	-9.456563489947875101e-02
2.530000000000000000e+02	-1.710340999999999945e-01	-2.310065689272898450e-04	-9.454846201627296887e-02
2.540000000000000000e+02	-1.907262000000000124e-01	-4.156431696338833202e-04	-9.451704309682958105e-02
2.550000000000000000e+02	-2.103898000000000157e-01	-6.002044967965855472e-04	-9.447138287517657662e-02
2.560000000000000000e+02	-2.300217999999999985e-01	-7.846627417414242392e-04	-9.441148823114209332e-02
2.570000000000000000e+02	-2.496193000000000162e-01	-9.689901113262816123e-04	-9.433736818931789947e-02
2.580000000000000000e+02	-2.691793000000000102e-01	-1.153158832128611290e-03	-9.424903391769950955e-02
2.590000000000000000e+02	-2.886988999999999805e-01	-1.337141154630183031e-03	-9.414649872600355796e-02
2.600000000000000000e+02	-3.081751999999999825e-01	-1.520909357398225140e-03	-9.402977806366223656e-02
2.610000000000000000e+02	-3.276052999999999882e-01	-1.704435751262336216e-03	-9.389888951749560120e-02
2.620000000000000000e+02	-3.469861000000000195e-01	-1.887692683486535440e-03	-9.375385280906156638e-02
2.630000000000000000e+02	-3.663147999999999960e-01	-2.070652541935828761e-03	-9.359468979168447667e-02
2.640000000000000000e+02	-3.855882999999999949e-01	-2.253287759236626778e-03	-9.342142444716228233e-02
2.650000000000000000e+02	-4.048039999999999972e-01	-2.435570816930481344e-03	-9.323408288215312423e-02
2.660000000000000000e+02	-4.239588000000000245e-01	-2.617474249620388438e-03	-9.303269332424175808e-02
2.670000000000000000e+02	-4.430499999999999994e-01	-2.798970649109127143e-03	-9.281728611768633175e-02
2.680000000000000000e+02	-4.620747000000000049e-01	-2.980032668528975748e-03	-9.258789371884632025e-02
2.690000000000000000e+02	-4.810297000000000045e-01	-3.160633026462183505e-03	-9.234455069129215987e-02
2.700000000000000000e+02	-4.999124999999999819e-01	-3.340744511051584389e-03	-9.208729370059740016e-02
2.710000000000000000e+02	-5.187201999999999646e-01	-3.520339984100728358e-03	-9.181616150881417859e-02
2.720000000000000000e+02	-5.374497999999999776e-01	-3.699392385162913414e-03	-9.153119496863268423e-02
2.730000000000000000e+02	-5.560988000000000042e-01	-3.877874735618502648e-03	-9.123243701722578980e-02
2.740000000000000000e+02	-5.746639000000000053e-01	-4.055760142739913039e-03	-9.091993266977947685e-02
2.750000000000000000e+02	-5.931427999999999701e-01	-4.233021803743669716e-03	-9.059372901271021961e-02
2.760000000000000000e+02	-6.115323000000000286e-01	-4.409633009828870832e-03	-9.025387519657021573e-02
2.770000000000000000e+02	-6.298300000000000010e-01	-4.585567150201566057e-03	-8.990042242864172695e-02
2.780000000000000000e+02	-6.480329999999999702e-01	-4.760797716084289727e-03	-8.953342396522138980e-02
2.790000000000000000e+02	-6.661384000000000194e-01	-4.935298304710267724e-03	-8.915293510359588447e-02
2.800000000000000000e+02	-6.841435999999999629e-01	-5.109042623301637137e-03	-8.875901317371003019e-02
2.810000000000000000e+02	-7.020461000000000062e-01	-5.282004493031095850e-03	-8.835171752952865332e-02
2.820000000000000000e+02	-7.198430000000000106e-01	-5.454157852966386166e-03	-8.793110954009342173e-02
2.830000000000000000e+02	-7.375314000000000592e-01	-5.625476763997003596e-03	-8.749725258027614416e-02
2.840000000000000000e+02	-7.551090000000000302e-01	-5.795935412742564408e-03	-8.705021202122976975e-02
2.850000000000000000e+02	-7.725731000000000126e-01	-5.965508115442221329e-03	-8.659005522053862813e-02
2.860000000000000000e+02	-7.899207999999999785e-01	-6.134169321824546259e-03	-8.611685151206936728e-02
2.870000000000000000e+02	-8.071498000000000284e-01	-6.301893618957310136e-03	-8.563067219552411569e-02
2.880000000000000000e+02	-8.242572000000000232e-01	-6.468655735076543276e-03	-8.513159052569746477e-02
2.890000000000000000e+02	-8.412406999999999524e-01	-6.634430543394371355e-03	-8.461968170143878420e-02
2.900000000000000000e+02	-8.580976999999999633e-01	-6.799193065884963534e-03	-8.409502285432167434e-02
2.910000000000000000e+02	-8.748255999999999810e-01	-6.962918477048086162e-03	-8.355769303702234585e-02
2.920000000000000000e+02	-8.914218000000000419e-01	-7.125582107649667055e-03	-8.300777321140818954e-02
2.930000000000000000e+02	-9.078840000000000243e-01	-7.287159448438824787e-03	-8.244534623633910375e-02
2.940000000000000000e+02	-9.242095999999999645e-01	-7.447626153840782720e-03	-8.187049685518260622e-02
2.950000000000000000e+02	-9.403960999999999570e-01	-7.606958045625123940e-03	-8.128331168304529786e-02
2.960000000000000000e+02	-9.564409999999999856e-01	-7.765131116548837191e-03	-8.068387919372212169e-02
2.970000000000000000e+02	-9.723422000000000454e-01	-7.922121533973588287e-03	-8.007228970636560972e-02
2.980000000000000000e+02	-9.880969000000000557e-01	-8.077905643456690515e-03	-7.944863537187718538e-02
2.990000000000000000e+02	-1.003702999999999790e+00	-8.232459972315241473e-03	-7.881301015902222873e-02
3.000000000000000000e+02	-1.019158000000000008e+00	-8.385761233162812231e-03	-7.816550984027158255e-02
3.010000000000000000e+02	-1.034460000000000157e+00	-8.537786327418316751e-03	-7.750623197737087355e-02
3.020000000000000000e+02	-1.049605999999999817e+00	-8.688512348786340753e-03	-7.683527590664061824e-02
3.030000000000000000e+02	-1.064594000000000040e+00	-8.837916586708547545e-03	-7.615274272400869571e-02
3.040000000000000000e+02	-1.079422000000000104e+00	-8.985976529785572736e-03	-7.545873526977779633e-02
3.050000000000000000e+02	-1.094088000000000171e+00	-9.132669869168927312e-03	-7.475335811313003898e-02
3.060000000000000000e+02	-1.108588999999999825e+00	-9.277974501922355705e-03	-7.403671753637100506e-02
3.070000000000000000e+02	-1.122923000000000116e+00	-9.421868534352196081e-03	-7.330892151891581221e-02
3.080000000000000000e+02	-1.137087999999999877e+00	-9.564330285306191226e-03	-7.257007972101926774e-02
3.090000000000000000e+02	-1.151082000000000161e+00	-9.705338289440297236e-03	-7.182030346725294667e-02
3.100000000000000000e+02	-1.164902999999999800e+00	-9.844871300452943605e-03	-7.105970572973140109e-02
3.110000000000000000e+02	-1.178548000000000151e+00	-9.982908294286324882e-03	-7.028840111109010969e-02
3.120000000000000000e+02	-1.192016000000000187e+00	-1.011942847229416881e-02	-6.950650582721794313e-02
3.130000000000000000e+02	-1.205305000000000071e+00	-1.025441126437558713e-02	-6.871413768974615754e-02
3.140000000000000000e+02	-1.218411999999999829e+00	-1.038783633207444185e-02	-6.791141608829739940e-02
3.150000000000000000e+02	-1.231336000000000208e+00	-1.051968357164384180e-02	-6.709846197249662303e-02
3.160000000000000000e+02	-1.244075000000000042e+00	-1.064993311707525606e-02	-6.627539783374715443e-02
3.170000000000000000e+02	-1.256625999999999799e+00	-1.077856534309182442e-02	-6.544234768677431591e-02
3.180000000000000000e+02	-1.268988999999999923e+00	-1.090556086810537222e-02	-6.459943705093958155e-02
3.190000000000000000e+02	-1.281159999999999854e+00	-1.103090055713672885e-02	-6.374679293132806679e-02
3.200000000000000000e+02	-1.293139000000000038e+00	-1.115456552469887459e-02	-6.288454379961200269e-02
3.210000000000000000e+02	-1.304923000000000055e+00	-1.127653713764250817e-02	-6.201281957469346323e-02
3.220000000000000000e+02	-1.316510000000000069e+00	-1.139679701796358392e-02	-6.113175160312880191e-02
3.230000000000000000e+02	-1.327900000000000080e+00	-1.151532704557238496e-02	-6.024147263933821855e-02
3.240000000000000000e+02	-1.339088999999999974e+00	-1.163210936102380098e-02	-5.934211682560291967e-02
3.250000000000000000e+02	-1.350077000000000194e+00	-1.174712636820825391e-02	-5.843381967185333481e-02
3.260000000000000000e+02	-1.360862000000000016e+00	-1.186036073700299717e-02	-5.751671803525131021e-02
3.270000000000000000e+02	-1.371442000000000050e+00	-1.197179540588331863e-02	-5.659095009956915251e-02
3.280000000000000000e+02	-1.381816000000000155e+00	-1.208141358449327761e-02	-5.565665535436892936e-02
3.290000000000000000e+02	-1.391982000000000053e+00	-1.218919875617557706e-02	-5.471397457398490677e-02
3.300000000000000000e+02	-1.401937999999999906e+00	-1.229513468046022039e-02	-5.376304979631240516e-02
3.310000000000000000e+02	-1.411683000000000021e+00	-1.239920539551149330e-02	-5.280402430140661990e-02
3.320000000000000000e+02	-1.421215999999999813e+00	-1.250139522053305211e-02	-5.183704258989352276e-02
3.330000000000000000e+02	-1.430534000000000194e+00	-1.260168875813059974e-02	-5.086225036119761816e-02
3.340000000000000000e+02	-1.439637999999999973e+00	-1.270007089663186851e-02	-4.987979449158868456e-02
3.350000000000000000e+02	-1.448525000000000063e+00	-1.279652681236357649e-02	-4.888982301205126169e-02
3.360000000000000000e+02	-1.457193999999999878e+00	-1.289104197188497766e-02	-4.789248508598022147e-02
3.370000000000000000e+02	-1.465643000000000029e+00	-1.298360213417766237e-02	-4.688793098670555881e-02
3.380000000000000000e+02	-1.473872000000000071e+00	-1.307419335279133739e-02	-4.587631207485014240e-02
3.390000000000000000e+02	-1.481879999999999864e+00	-1.316280197794518318e-02	-4.485778077552349252e-02
3.400000000000000000e+02	-1.489663999999999877e+00	-1.324941465858453342e-02	-4.383249055535520106e-02
3.410000000000000000e+02	-1.497222999999999971e+00	-1.333401834439254183e-02	-4.280059589937145609e-02
3.420000000000000000e+02	-1.504557999999999840e+00	-1.341660028775651901e-02	-4.176225228771808518e-02
3.430000000000000000e+02	-1.511665999999999954e+00	-1.349714804568868248e-02	-4.071761617223369073e-02
3.440000000000000000e+02	-1.518546000000000173e+00	-1.357564948170099373e-02	-3.966684495287632617e-02
3.450000000000000000e+02	-1.525199000000000193e+00	-1.365209276763381697e-02	-3.861009695400738351e-02
3.460000000000000000e+02	-1.531620999999999899e+00	-1.372646638543811685e-02	-3.754753140053612714e-02
3.470000000000000000e+02	-1.537812999999999874e+00	-1.379875912891094340e-02	-3.647930839392858615e-02
3.480000000000000000e+02	-1.543772999999999840e+00	-1.386896010538390435e-02	-3.540558888808435084e-02
3.490000000000000000e+02	-1.549501999999999935e+00	-1.393705873736443036e-02	-3.432653466508493734e-02
3.500000000000000000e+02	-1.554996000000000045e+00	-1.400304476412951755e-02	-3.324230831081737003e-02
3.510000000000000000e+02	-1.560257000000000005e+00	-1.406690824327177028e-02	-3.215307319047663176e-02
3.520000000000000000e+02	-1.565282999999999980e+00	-1.412863955219744762e-02	-3.105899342395070789e-02
3.530000000000000000e+02	-1.570073999999999970e+00	-1.418822938957636955e-02	-2.996023386109192277e-02
3.540000000000000000e+02	-1.574628000000000139e+00	-1.424566877674336707e-02	-2.885696005687819754e-02
3.550000000000000000e+02	-1.578945000000000043e+00	-1.430094905905113581e-02	-2.774933824646845862e-02
3.560000000000000000e+02	-1.583023999999999987e+00	-1.435406190717429357e-02	-2.663753532015478501e-02
3.570000000000000000e+02	-1.586864999999999970e+00	-1.440499931836437993e-02	-2.552171879821660966e-02
3.580000000000000000e+02	-1.590467999999999993e+00	-1.445375361765566767e-02	-2.440205680567963595e-02
3.590000000000000000e+02	-1.593830000000000080e+00	-1.450031745902157637e-02	-2.327871804698367075e-02
3.600000000000000000e+02	-1.596954000000000207e+00	-1.454468382648155256e-02	-2.215187178056319400e-02
3.610000000000000000e+02	-1.599835999999999814e+00	-1.458684603515817552e-02	-2.102168779334444293e-02
3.620000000000000000e+02	-1.602478000000000069e+00	-1.462679773228441407e-02	-1.988833637516284475e-02
3.630000000000000000e+02	-1.603161000000000058e+00	-1.466453289816081057e-02	-1.875198829310471133e-02
3.640000000000000000e+02	-1.605316999999999883e+00	-1.470004584706251748e-02	-1.761281476577698790e-02
3.650000000000000000e+02	-1.607232000000000216e+00	-1.473333122809596281e-02	-1.647098743750899374e-02
3.660000000000000000e+02	-1.608906000000000169e+00	-1.476438402600511839e-02	-1.532667835249001617e-02
3.670000000000000000e+02	-1.610336999999999907e+00	-1.479319956192715925e-02	-1.418005992884664029e-02
3.680000000000000000e+02	-1.611524999999999874e+00	-1.481977349409744488e-02	-1.303130493266374534e-02
3.690000000000000000e+02	-1.612471999999999905e+00	-1.484410181850371636e-02	-1.188058645195307073e-02
3.700000000000000000e+02	-1.613175000000000026e+00	-1.486618086948940723e-02	-1.072807787057328613e-02
3.710000000000000000e+02	-1.613636000000000070e+00	-1.488600732030595161e-02	-9.573952842105470581e-03
3.720000000000000000e+02	-1.613853000000000204e+00	-1.490357818361404303e-02	-8.418385263687953868e-03
3.730000000000000000e+02	-1.613827999999999818e+00	-1.491889081193375176e-02	-7.261549249814469413e-03
3.740000000000000000e+02	-1.613560000000000105e+00	-1.493194289804343662e-02	-6.103619106099546915e-03
3.750000000000000000e+02	-1.613049999999999873e+00	-1.494273247532737665e-02	-4.944769303015114637e-03
3.760000000000000000e+02	-1.612296000000000173e+00	-1.495125791807209482e-02	-3.785174449602256557e-03
3.770000000000000000e+02	-1.611298999999999815e+00	-1.495751794171130966e-02	-2.625009267162095161e-03
3.780000000000000000e+02	-1.610059999999999825e+00	-1.496151160301948876e-02	-1.464448562929674368e-03
3.790000000000000000e+02	-1.608579000000000203e+00	-1.496323830025395908e-02	-3.036672037353141331e-04
3.800000000000000000e+02	-1.606856000000000062e+00	-1.496269777324559305e-02	8.571599103438569617e-04
3.810000000000000000e+02	-1.604890000000000150e+00	-1.495989010343799080e-02	2.017857872336534242e-03
3.820000000000000000e+02	-1.602683999999999997e+00	-1.495481571387521740e-02	3.178251794731330650e-03
3.830000000000000000e+02	-1.600236000000000214e+00	-1.494747536913806560e-02	4.338166835827854916e-03
3.840000000000000000e+02	-1.597547000000000050e+00	-1.493787017522883731e-02	5.497428226080885300e-03
3.850000000000000000e+02	-1.594618000000000091e+00	-1.492600157940471642e-02	6.655861294433672651e-03
3.860000000000000000e+02	-1.591448000000000196e+00	-1.491187136995968804e-02	7.813291494636401269e-03
3.870000000000000000e+02	-1.588039000000000200e+00	-1.489548167595509953e-02	8.969544431545852306e-03
3.880000000000000000e+02	-1.584391000000000105e+00	-1.487683496689885809e-02	1.012444588740228982e-02
3.890000000000000000e+02	-1.580505000000000049e+00	-1.485593405237334644e-02	1.127782184807962079e-02
3.900000000000000000e+02	-1.576381000000000032e+00	-1.483278208161208089e-02	1.242949852930488180e-02
3.910000000000000000e+02	-1.572019000000000055e+00	-1.480738254302521074e-02	1.357930240284308324e-02
3.920000000000000000e+02	-1.567420999999999953e+00	-1.477973926367390223e-02	1.472706022264347325e-02
3.930000000000000000e+02	-1.562587000000000170e+00	-1.474985640869369043e-02	1.587259905094330625e-02
3.940000000000000000e+02	-1.557517999999999958e+00	-1.471773848066691530e-02	1.701574628432511380e-02
3.950000000000000000e+02	-1.552214000000000205e+00	-1.468339031894428347e-02	1.815632967972366160e-02
3.960000000000000000e+02	-1.546676999999999857e+00	-1.464681709891570496e-02	1.929417738037854380e-02
3.970000000000000000e+02	-1.540906999999999805e+00	-1.460802433123050380e-02	2.042911794172862575e-02
3.980000000000000000e+02	-1.534905000000000186e+00	-1.456701786096708737e-02	2.156098035724435258e-02
3.990000000000000000e+02	-1.528671999999999809e+00	-1.452380386675225857e-02	2.268959408419405147e-02
4.000000000000000000e+02	-1.522209000000000145e+00	-1.447838885983024695e-02	2.381478906934036965e-02
4.010000000000000000e+02	-1.515515999999999863e+00	-1.443077968308162373e-02	2.493639577456295553e-02
4.020000000000000000e+02	-1.508595999999999826e+00	-1.438098350999227407e-02	2.605424520240350733e-02
4.030000000000000000e+02	-1.501449000000000034e+00	-1.432900784357251343e-02	2.716816892152945639e-02
4.040000000000000000e+02	-1.494076000000000182e+00	-1.427486051522659782e-02	2.827799909211194118e-02
4.050000000000000000e+02	-1.486476999999999826e+00	-1.421854968357271452e-02	2.938356849111547001e-02
4.060000000000000000e+02	-1.478654999999999831e+00	-1.416008383321368767e-02	3.048471053749381154e-02
4.070000000000000000e+02	-1.470610999999999891e+00	-1.409947177345857901e-02	3.158125931728961167e-02
4.080000000000000000e+02	-1.462345000000000006e+00	-1.403672263699533816e-02	3.267304960863336161e-02
4.090000000000000000e+02	-1.453859000000000012e+00	-1.397184587851474195e-02	3.375991690663811967e-02
4.100000000000000000e+02	-1.445154000000000050e+00	-1.390485127328581691e-02	3.484169744818619435e-02
4.110000000000000000e+02	-1.436231999999999953e+00	-1.383574891568295842e-02	3.591822823660405228e-02
4.120000000000000000e+02	-1.427093999999999863e+00	-1.376454921766495816e-02	3.698934706622176299e-02
4.130000000000000000e+02	-1.417740000000000222e+00	-1.369126290720619477e-02	3.805489254681324041e-02
4.140000000000000000e+02	-1.408173999999999815e+00	-1.361590102668019941e-02	3.911470412791360346e-02
4.150000000000000000e+02	-1.398394999999999833e+00	-1.353847493119585653e-02	4.016862212301005458e-02
4.160000000000000000e+02	-1.388405999999999807e+00	-1.345899628688647896e-02	4.121648773360256368e-02
4.170000000000000000e+02	-1.378207999999999878e+00	-1.337747706915200403e-02	4.225814307313070783e-02
4.180000000000000000e+02	-1.367802999999999880e+00	-1.329392956085463651e-02	4.329343119076315555e-02
4.190000000000000000e+02	-1.357191999999999954e+00	-1.320836635046810682e-02	4.432219609504616659e-02
4.200000000000000000e+02	-1.346375999999999795e+00	-1.312080033018092964e-02	4.534428277740745750e-02
4.210000000000000000e+02	-1.335357999999999823e+00	-1.303124469395386918e-02	4.635953723551212297e-02
4.220000000000000000e+02	-1.324139000000000177e+00	-1.293971293553194610e-02	4.736780649646674113e-02
4.230000000000000000e+02	-1.312720999999999805e+00	-1.284621884641128954e-02	4.836893863986859582e-02
4.240000000000000000e+02	-1.301105000000000178e+00	-1.275077651376109282e-02	4.936278282069607448e-02
4.250000000000000000e+02	-1.289292999999999800e+00	-1.265340031830104739e-02	5.034918929203725108e-02
4.260000000000000000e+02	-1.277286999999999839e+00	-1.255410493213453445e-02	5.132800942765290697e-02
4.270000000000000000e+02	-1.265089000000000130e+00	-1.245290531653790549e-02	5.229909574437069386e-02
4.280000000000000000e+02	-1.252701000000000064e+00	-1.234981671970623168e-02	5.326230192430692068e-02
4.290000000000000000e+02	-1.240124000000000226e+00	-1.224485467445574245e-02	5.421748283691323056e-02
4.300000000000000000e+02	-1.227361000000000146e+00	-1.213803499588346317e-02	5.516449456084386582e-02
4.310000000000000000e+02	-1.214411999999999825e+00	-1.202937377898426891e-02	5.610319440564092569e-02
4.320000000000000000e+02	-1.201280999999999821e+00	-1.191888739622578956e-02	5.703344093323426539e-02
4.330000000000000000e+02	-1.187968999999999831e+00	-1.180659249508149086e-02	5.795509397925250467e-02
4.340000000000000000e+02	-1.174478999999999829e+00	-1.169250599552232144e-02	5.886801467414227995e-02
4.350000000000000000e+02	-1.160811999999999955e+00	-1.157664508746732157e-02	5.977206546409229160e-02
4.360000000000000000e+02	-1.146970000000000045e+00	-1.145902722819352321e-02	6.066711013175921097e-02
4.370000000000000000e+02	-1.132954999999999934e+00	-1.133967013970559740e-02	6.155301381679205430e-02
4.380000000000000000e+02	-1.118770000000000042e+00	-1.121859180606559446e-02	6.242964303615228944e-02
4.390000000000000000e+02	-1.104417000000000204e+00	-1.109581047068321398e-02	6.329686570422624059e-02
4.400000000000000000e+02	-1.089897000000000116e+00	-1.097134463356697412e-02	6.415455115272708508e-02
4.410000000000000000e+02	-1.075213000000000196e+00	-1.084521304853675212e-02	6.500257015038315989e-02
4.420000000000000000e+02	-1.060367999999999977e+00	-1.071743472039804294e-02	6.584079492240980935e-02
4.430000000000000000e+02	-1.045363000000000042e+00	-1.058802890207844599e-02	6.666909916976188066e-02
4.440000000000000000e+02	-1.030200999999999922e+00	-1.045701509172671309e-02	6.748735808816362647e-02
4.450000000000000000e+02	-1.014883000000000202e+00	-1.032441302977489365e-02	6.829544838691356534e-02
4.460000000000000000e+02	-9.994134999999999547e-01	-1.019024269596395527e-02	6.909324830746131629e-02
4.470000000000000000e+02	-9.837932999999999817e-01	-1.005452430633334282e-02	6.988063764175338199e-02
4.480000000000000000e+02	-9.680246999999999602e-01	-9.917278310174935940e-03	7.065749775034549374e-02
4.490000000000000000e+02	-9.521108000000000349e-01	-9.778525386951869569e-03	7.142371158027856215e-02
4.500000000000000000e+02	-9.360534999999999828e-01	-9.638286443182668764e-03	7.217916368271549976e-02
4.510000000000000000e+02	-9.198555999999999955e-01	-9.496582609291159133e-03	7.292374023033644515e-02
4.520000000000000000e+02	-9.035189000000000137e-01	-9.353435236422655980e-03	7.365732903448972413e-02
4.530000000000000000e+02	-8.870464000000000127e-01	-9.208865893226924823e-03	7.437981956209550882e-02
4.540000000000000000e+02	-8.704406000000000088e-01	-9.062896362608279313e-03	7.509110295230073118e-02
4.550000000000000000e+02	-8.537038000000000126e-01	-8.915548638443493087e-03	7.579107203288135142e-02
4.560000000000000000e+02	-8.368383999999999823e-01	-8.766844922267875984e-03	7.647962133639059357e-02
4.570000000000000000e+02	-8.198471999999999982e-01	-8.616807619930071452e-03	7.715664711605015047e-02
4.580000000000000000e+02	-8.027326999999999657e-01	-8.465459338216064361e-03	7.782204736138213785e-02
4.590000000000000000e+02	-7.854974000000000123e-01	-8.312822881442921349e-03	7.847572181357954924e-02
4.600000000000000000e+02	-7.681440999999999963e-01	-8.158921248022754646e-03	7.911757198061261653e-02
4.610000000000000000e+02	-7.506751000000000396e-01	-8.003777626997462744e-03	7.974750115206913348e-02
4.620000000000000000e+02	-7.330929999999999946e-01	-7.847415394544719758e-03	8.036541441372611894e-02
4.630000000000000000e+02	-7.154008000000000589e-01	-7.689858110455792019e-03	8.097121866185105765e-02
4.640000000000000000e+02	-6.976012000000000324e-01	-7.531129514585680612e-03	8.156482261723023430e-02
4.650000000000000000e+02	-6.796965000000000368e-01	-7.371253523276126776e-03	8.214613683892214857e-02
4.660000000000000000e+02	-6.616895000000000415e-01	-7.210254225752031794e-03	8.271507373773404059e-02
4.670000000000000000e+02	-6.435830000000000162e-01	-7.048155880491830012e-03	8.327154758941922308e-02
4.680000000000000000e+02	-6.253796999999999828e-01	-6.884982911572353620e-03	8.381547454759369353e-02
4.690000000000000000e+02	-6.070824000000000220e-01	-6.720759904988749499e-03	8.434677265636950083e-02
4.700000000000000000e+02	-5.886938999999999922e-01	-6.555511604949994589e-03	8.486536186270349225e-02
4.710000000000000000e+02	-5.702167000000000208e-01	-6.389262910150586561e-03	8.537116402845923435e-02
4.720000000000000000e+02	-5.516539000000000303e-01	-6.222038870018932813e-03	8.586410294218040085e-02
4.730000000000000000e+02	-5.330080999999999847e-01	-6.053864680943051892e-03	8.634410433057393419e-02
4.740000000000000000e+02	-5.142820999999999643e-01	-5.884765682474119887e-03	8.681109586970110759e-02
4.750000000000000000e+02	-4.954787999999999970e-01	-5.714767353508445544e-03	8.726500719587491905e-02
4.760000000000000000e+02	-4.766012000000000026e-01	-5.543895308448442208e-03	8.770576991626208296e-02
4.770000000000000000e+02	-4.576515999999999917e-01	-5.372175293343240191e-03	8.813331761918800911e-02
4.780000000000000000e+02	-4.386336000000000124e-01	-5.199633182009340271e-03	8.854758588414352038e-02
4.790000000000000000e+02	-4.195494000000000168e-01	-5.026294972132145343e-03	8.894851229149119964e-02
4.800000000000000000e+02	-4.004020999999999830e-01	-4.852186781348752712e-03	8.933603643187058851e-02
4.810000000000000000e+02	-3.811951000000000089e-01	-4.677334843312701794e-03	8.971009991530014271e-02
4.820000000000000000e+02	-3.619302999999999826e-01	-4.501765503741229739e-03	9.007064637997531931e-02
4.830000000000000000e+02	-3.426114000000000104e-01	-4.325505216445646450e-03	9.041762150076070037e-02
4.840000000000000000e+02	-3.232406999999999919e-01	-4.148580539345417956e-03	9.075097299737545919e-02
4.850000000000000000e+02	-3.038218999999999781e-01	-3.971018130466574814e-03	9.107065064227071183e-02
4.860000000000000000e+02	-2.843572000000000322e-01	-3.792844743925018452e-03	9.137660626819742171e-02
4.870000000000000000e+02	-2.648499000000000270e-01	-3.614087225895369453e-03	9.166879377546406638e-02
4.880000000000000000e+02	-2.455650000000000055e-01	-3.434772510565928510e-03	9.194716913888263676e-02
4.890000000000000000e+02	-2.259600999999999971e-01	-3.254927616080387567e-03	9.221169041440209491e-02
4.900000000000000000e+02	-2.063213000000000130e-01	-3.074579640466883115e-03	9.246231774542833237e-02
4.910000000000000000e+02	-1.866516000000000008e-01	-2.893755757555016572e-03	9.269901336882943599e-02
4.920000000000000000e+02	-1.669539000000000162e-01	-2.712483212881454560e-03	9.292174162062576126e-02
4.930000000000000000e+02	-1.472311000000000036e-01	-2.530789319584720969e-03	9.313046894136345344e-02
4.940000000000000000e+02	-1.274863999999999997e-01	-2.348701454289807075e-03	9.332516388117105544e-02
4.950000000000000000e+02	-1.077226000000000017e-01	-2.166247052983211619e-03	9.350579710449825888e-02
4.960000000000000000e+02	-8.794263000000000774e-02	-1.983453606879041417e-03	9.367234139453589625e-02
4.970000000000000000e+02	-6.814959000000000988e-02	-1.800348658276787256e-03	9.382477165731692437e-02
4.980000000000000000e+02	-4.834642000000000800e-02	-1.616959796411401515e-03	9.396306492549738598e-02
4.990000000000000000e+02	-2.853612000000000509e-02	-1.433314653296309830e-03	9.408720036181701663e-02
5.000000000000000000e+02	-8.721627000000004362e-03	-1.249440899559955704e-03	9.419715926223892755e-02
5.010000000000000000e+02	1.109403999999999599e-02	-1.065366240276600365e-03	9.429292505876771258e-02
5.020000000000000000e+02	3.090789999999999510e-02	-8.811184107917945313e-04	9.437448332194599276e-02
5.030000000000000000e+02	5.071698999999999652e-02	-6.967251725434244619e-04	9.444182176302837184e-02
5.040000000000000000e+02	7.051829999999999210e-02	-5.122143088787607700e-04	9.449493023583320495e-02
5.050000000000000000e+02	9.030885999999999081e-02	-3.276136208682165212e-04	9.453380073827127861e-02
5.060000000000000000e+02	1.100856999999999947e-01	-1.429509231164380854e-04	9.455842741355155456e-02
5.070000000000000000e+02	1.298457999999999835e-01	4.174596042864555664e-05	9.456880655106358891e-02
5.080000000000000000e+02	1.495863000000000054e-01	2.264492006681802466e-04	9.456493658693668203e-02
5.090000000000000000e+02	1.693040999999999852e-01	4.111309675455205388e-04	9.454681810427552346e-02
5.100000000000000000e+02	1.889962000000000031e-01	5.957634342395077632e-04	9.451445383307227610e-02
5.110000000000000000e+02	2.086598000000000064e-01	7.803187813572602573e-04	9.446784864979525242e-02
