0.000000000000000000e+00	2.025498000000000576e-01	-6.044563471903713564e-04	1.634937795649886449e-01
1.000000000000000000e+00	2.370874000000000592e-01	-2.850923987507257714e-04	1.635308082756008197e-01
2.000000000000000000e+00	2.715893000000000890e-01	3.431987367917294101e-05	1.635432627113254100e-01
3.000000000000000000e+00	3.060500000000000442e-01	3.537324710398940413e-04	1.635311410005962640e-01
4.000000000000000000e+00	3.404645000000000588e-01	6.730973942231787289e-04	1.634944449649799458e-01
5.000000000000000000e+00	3.748276000000000385e-01	9.923666512849126705e-04	1.634331801189020106e-01
6.000000000000000000e+00	4.091340000000000532e-01	1.311492264657021598e-03	1.633473556688183059e-01
7.000000000000000000e+00	4.433787000000000700e-01	1.630426278357209385e-03	1.632369845118314955e-01
8.000000000000000000e+00	4.775563000000000446e-01	1.949120765195446869e-03	1.631020832337530813e-01
9.000000000000000000e+00	5.116619000000001138e-01	2.267527833976141268e-03	1.629426721066108419e-01
1.000000000000000000e+01	5.456903000000000725e-01	2.585599636694890010e-03	1.627587750856025750e-01
1.100000000000000000e+01	5.796364000000000516e-01	2.903288375728746255e-03	1.625504198054962268e-01
1.200000000000000000e+01	6.134949000000000652e-01	3.220546311018916696e-03	1.623176375764772417e-01
1.300000000000000000e+01	6.472611000000000336e-01	3.537325767244803732e-03	1.620604633794433813e-01
1.400000000000000000e+01	6.809292000000000122e-01	3.853579140988323652e-03	1.617789358607480965e-01
1.500000000000000000e+01	7.144950000000001022e-01	4.169258907887414892e-03	1.614730973263928948e-01
1.600000000000000000e+01	7.479529000000000316e-01	4.484317629777673404e-03	1.611429937356700925e-01
1.700000000000000000e+01	7.812979000000001006e-01	4.798707961821028350e-03	1.607886746942562561e-01
1.800000000000000000e+01	8.145253000000001187e-01	5.112382659620394280e-03	1.604101934467577484e-01
1.900000000000000000e+01	8.476296000000000941e-01	5.425294586319237729e-03	1.600076068687096287e-01
2.000000000000000000e+01	8.806061000000000583e-01	5.737396719684964910e-03	1.595809754580287121e-01
2.100000000000000000e+01	9.134500000000000952e-01	6.048642159175110500e-03	1.591303633259223693e-01
2.200000000000000000e+01	9.461561000000000554e-01	6.358984132985217273e-03	1.586558381872543166e-01
2.300000000000000000e+01	9.787195000000000755e-01	6.668376005077378786e-03	1.581574713503690055e-01
2.400000000000000000e+01	1.011135000000000117e+00	6.976771282188378234e-03	1.576353377063758332e-01
2.500000000000000000e+01	1.043398999999999965e+00	7.284123620816380061e-03	1.570895157178948398e-01
2.600000000000000000e+01	1.075505000000000155e+00	7.590386834185103987e-03	1.565200874072663340e-01
2.700000000000000000e+01	1.107449000000000128e+00	7.895514899184457105e-03	1.559271383442246695e-01
2.800000000000000000e+01	1.139226000000000072e+00	8.199461963286558061e-03	1.553107576330396700e-01
2.900000000000000000e+01	1.170830999999999955e+00	8.502182351436149768e-03	1.546710378991267010e-01
3.000000000000000000e+01	1.202260000000000106e+00	8.803630572914321675e-03	1.540080752751273874e-01
3.100000000000000000e+01	1.233507000000000131e+00	9.103761328174541506e-03	1.533219693864636135e-01
3.200000000000000000e+01	1.264569000000000054e+00	9.402529515649956510e-03	1.526128233363664155e-01
3.300000000000000000e+01	1.295440000000000147e+00	9.699890238530944203e-03	1.518807436903824026e-01
3.400000000000000000e+01	1.326116000000000072e+00	9.995798811511889120e-03	1.511258404603597894e-01
3.500000000000000000e+01	1.356592000000000020e+00	1.029021076750618983e-02	1.503482270879166471e-01
3.600000000000000000e+01	1.386862999999999957e+00	1.058308186432845542e-02	1.495480204273935410e-01
3.700000000000000000e+01	1.416926000000000130e+00	1.087436809134291818e-02	1.487253407282936035e-01
3.800000000000000000e+01	1.446775000000000144e+00	1.116402567607704087e-02	1.478803116172122678e-01
3.900000000000000000e+01	1.476404999999999967e+00	1.145201109079935220e-02	1.470130600792594333e-01
4.000000000000000000e+01	1.505813999999999986e+00	1.173828105906048191e-02	1.461237164389771193e-01
4.100000000000000000e+01	1.534995000000000109e+00	1.202279256219644307e-02	1.452124143407550749e-01
4.200000000000000000e+01	1.563945000000000141e+00	1.230550284579318664e-02	1.442792907287477888e-01
4.300000000000000000e+01	1.592659000000000047e+00	1.258636942611143783e-02	1.433244858262953669e-01
4.400000000000000000e+01	1.621134000000000075e+00	1.286535009647085150e-02	1.423481431148517495e-01
4.500000000000000000e+01	1.649364000000000052e+00	1.314240293359254276e-02	1.413504093124233196e-01
4.600000000000000000e+01	1.677345000000000086e+00	1.341748630389901983e-02	1.403314343515212337e-01
4.700000000000000000e+01	1.705073999999999979e+00	1.369055886977060300e-02	1.392913713566303890e-01
4.800000000000000000e+01	1.732545000000000002e+00	1.396157959575734624e-02	1.382303766211991636e-01
4.900000000000000000e+01	1.759756000000000098e+00	1.423050775474555586e-02	1.371486095841525643e-01
5.000000000000000000e+01	1.786701000000000095e+00	1.449730293407798867e-02	1.360462328059330039e-01
5.100000000000000000e+01	1.813378000000000156e+00	1.476192504162677360e-02	1.349234119440716750e-01
5.200000000000000000e+01	1.839781000000000111e+00	1.502433431181818962e-02	1.337803157282947963e-01
5.300000000000000000e+01	1.865906000000000065e+00	1.528449131160835965e-02	1.326171159351680617e-01
5.400000000000000000e+01	1.891750999999999960e+00	1.554235694640896011e-02	1.314339873622832333e-01
5.500000000000000000e+01	1.917310000000000070e+00	1.579789246596210658e-02	1.302311078019907642e-01
5.600000000000000000e+01	1.942581000000000113e+00	1.605105947016345277e-02	1.290086580146824757e-01
5.700000000000000000e+01	1.967558000000000140e+00	1.630181991483270129e-02	1.277668217016279806e-01
5.800000000000000000e+01	1.992240000000000011e+00	1.655013611743063121e-02	1.265057854773694868e-01
5.900000000000000000e+01	2.016620999999999775e+00	1.679597076272174028e-02	1.252257388416786188e-01
6.000000000000000000e+01	2.040699000000000041e+00	1.703928690838173859e-02	1.239268741510796690e-01
6.100000000000000000e+01	2.064468999999999888e+00	1.728004799054898982e-02	1.226093865899436086e-01
6.200000000000000000e+01	2.087926999999999644e+00	1.751821782931905352e-02	1.212734741411571338e-01
6.300000000000000000e+01	2.111070999999999920e+00	1.775376063418157568e-02	1.199193375563712000e-01
6.400000000000000000e+01	2.133897000000000155e+00	1.798664100939861496e-02	1.185471803258334456e-01
6.500000000000000000e+01	2.156401999999999930e+00	1.821682395932368650e-02	1.171572086478090413e-01
6.600000000000000000e+01	2.178581000000000323e+00	1.844427489366064557e-02	1.157496313975947128e-01
6.700000000000000000e+01	2.200433000000000305e+00	1.866895963266169620e-02	1.143246600961303899e-01
6.800000000000000000e+01	2.221953000000000067e+00	1.889084441226368538e-02	1.128825088782132863e-01
6.900000000000000000e+01	2.243138000000000076e+00	1.910989588916191598e-02	1.114233944603192084e-01
7.000000000000000000e+01	2.263986000000000054e+00	1.932608114582075320e-02	1.099475361080359814e-01
7.100000000000000000e+01	2.284491000000000049e+00	1.953936769542025803e-02	1.084551556031136260e-01
7.200000000000000000e+01	2.304651999999999923e+00	1.974972348673805986e-02	1.069464772101365868e-01
7.300000000000000000e+01	2.324467000000000283e+00	1.995711690896581278e-02	1.054217276428228572e-01
7.400000000000000000e+01	2.343931999999999682e+00	2.016151679645943398e-02	1.038811360299548986e-01
7.500000000000000000e+01	2.363043000000000227e+00	2.036289243342245467e-02	1.023249338809479186e-01
7.600000000000000000e+01	2.381796999999999720e+00	2.056121355852179311e-02	1.007533550510600756e-01
7.700000000000000000e+01	2.400193999999999939e+00	2.075645036943521080e-02	9.916663570625044999e-02
7.800000000000000000e+01	2.418229000000000184e+00	2.094857352732979947e-02	9.756501428768958595e-02
7.900000000000000000e+01	2.435899000000000036e+00	2.113755416127081899e-02	9.594873147592825058e-02
8.000000000000000000e+01	2.453202000000000105e+00	2.132336387256020954e-02	9.431803015472967067e-02
8.100000000000000000e+01	2.470136000000000109e+00	2.150597473900416751e-02	9.267315537457056218e-02
8.200000000000000000e+01	2.486697000000000379e+00	2.168535931910908418e-02	9.101435431581669788e-02
8.300000000000000000e+01	2.502883999999999887e+00	2.186149065620527493e-02	8.934187625157832824e-02
8.400000000000000000e+01	2.518693999999999988e+00	2.203434228249783605e-02	8.765597251025120107e-02
8.500000000000000000e+01	2.534123000000000125e+00	2.220388822304404305e-02	8.595689643774848121e-02
8.600000000000000000e+01	2.549171000000000298e+00	2.237010299965666929e-02	8.424490335943012054e-02
8.700000000000000000e+01	2.563836000000000226e+00	2.253296163473270802e-02	8.252025054173375840e-02
8.800000000000000000e+01	2.578115000000000379e+00	2.269243965500677973e-02	8.078319715351507668e-02
8.900000000000000000e+01	2.592005000000000337e+00	2.284851309522885343e-02	7.903400422710123163e-02
9.000000000000000000e+01	2.605503999999999820e+00	2.300115850176556384e-02	7.727293461906493965e-02
9.100000000000000000e+01	2.618610000000000326e+00	2.315035293612463518e-02	7.550025297072435193e-02
9.200000000000000000e+01	2.631321999999999939e+00	2.329607397840196062e-02	7.371622566837424118e-02
9.300000000000000000e+01	2.643637000000000015e+00	2.343829973065066768e-02	7.192112080325571699e-02
9.400000000000000000e+01	2.655554999999999666e+00	2.357700882017183322e-02	7.011520813126902174e-02
9.500000000000000000e+01	2.667073000000000249e+00	2.371218040272618163e-02	6.829875903243655400e-02
9.600000000000000000e+01	2.678186000000000178e+00	2.384379416566644733e-02	6.647204647012197598e-02
9.700000000000000000e+01	2.688898000000000010e+00	2.397183033098979066e-02	6.463534495001084512e-02
9.800000000000000000e+01	2.699206000000000216e+00	2.409626965830991702e-02	6.278893047886009715e-02
9.900000000000000000e+01	2.709105000000000096e+00	2.421709344774838901e-02	6.093308052302146005e-02
1.000000000000000000e+02	2.718598000000000070e+00	2.433428354274470157e-02	5.906807396674577243e-02
1.010000000000000000e+02	2.727680000000000327e+00	2.444782233278472786e-02	5.719419107027439581e-02
1.020000000000000000e+02	2.736350999999999978e+00	2.455769275604711629e-02	5.531171342772329275e-02
1.030000000000000000e+02	2.744612000000000052e+00	2.466387830196721184e-02	5.342092392476740365e-02
1.040000000000000000e+02	2.752456999999999709e+00	2.476636301371815119e-02	5.152210669613022792e-02
1.050000000000000000e+02	2.759888000000000119e+00	2.486513149060874672e-02	4.961554708288618692e-02
1.060000000000000000e+02	2.766903000000000112e+00	2.496016889039778114e-02	4.770153158958159029e-02
1.070000000000000000e+02	2.773501000000000438e+00	2.505146093152442466e-02	4.578034784118055478e-02
1.080000000000000000e+02	2.779681000000000068e+00	2.513899389525434819e-02	4.385228453984295338e-02
1.090000000000000000e+02	2.785445000000000171e+00	2.522275462774127563e-02	4.191763142154000810e-02
1.100000000000000000e+02	2.790785999999999767e+00	2.530273054200367355e-02	3.997667921251491646e-02
1.110000000000000000e+02	2.795708000000000304e+00	2.537890961981621035e-02	3.802971958559459714e-02
1.120000000000000000e+02	2.800208999999999726e+00	2.545128041351580120e-02	3.607704511635891759e-02
1.130000000000000000e+02	2.804287000000000418e+00	2.551983204772184308e-02	3.411894923917470346e-02
1.140000000000000000e+02	2.807941999999999716e+00	2.558455422097053594e-02	3.215572620310024748e-02
1.150000000000000000e+02	2.811175000000000423e+00	2.564543720726288403e-02	3.018767102766770072e-02
1.160000000000000000e+02	2.813984999999999737e+00	2.570247185752626284e-02	2.821507945854966060e-02
1.170000000000000000e+02	2.816372000000000320e+00	2.575564960098927769e-02	2.623824792311636733e-02
1.180000000000000000e+02	2.818332999999999977e+00	2.580496244646972304e-02	2.425747348589090552e-02
1.190000000000000000e+02	2.819868999999999737e+00	2.585040298357542746e-02	2.227305380390815978e-02
1.200000000000000000e+02	2.820980000000000487e+00	2.589196438381786286e-02	2.028528708198511221e-02
1.210000000000000000e+02	2.821667999999999843e+00	2.592964040163824729e-02	1.829447202790877511e-02
1.220000000000000000e+02	2.821928999999999910e+00	2.596342537534611708e-02	1.630090780754821569e-02
1.230000000000000000e+02	2.821766000000000219e+00	2.599331422797010113e-02	1.430489399989827437e-02
1.240000000000000000e+02	2.821177999999999741e+00	2.601930246802088009e-02	1.230673055206066638e-02
1.250000000000000000e+02	2.820165000000000255e+00	2.604138619016609785e-02	1.030671773417011008e-02
1.260000000000000000e+02	2.818725999999999843e+00	2.605956207581726705e-02	8.305156094271926373e-03
1.270000000000000000e+02	2.816862000000000421e+00	2.607382739362844315e-02	6.302346413157517216e-03
1.280000000000000000e+02	2.814575999999999745e+00	2.608417999990667382e-02	4.298589659165396974e-03
1.290000000000000000e+02	2.811862999999999779e+00	2.609061833893413021e-02	2.294186942953515759e-03
1.300000000000000000e+02	2.808729000000000475e+00	2.609314144320191986e-02	2.894394722505384842e-04
1.310000000000000000e+02	2.805170000000000385e+00	2.609174893355543923e-02	-1.715351493407447437e-03
1.320000000000000000e+02	2.801191000000000209e+00	2.608644101925137668e-02	-3.719884687948379811e-03
1.330000000000000000e+02	2.796787000000000134e+00	2.607721849792624808e-02	-5.723858884036105675e-03
1.340000000000000000e+02	2.791964000000000112e+00	2.606408275547655515e-02	-7.726972938336989193e-03
1.350000000000000000e+02	2.786718999999999724e+00	2.604703576585050764e-02	-9.728925836773531788e-03
1.360000000000000000e+02	2.781051999999999857e+00	2.602608009075138562e-02	-1.172941673975857156e-02
1.370000000000000000e+02	2.774969999999999715e+00	2.600121887925260084e-02	-1.372814502740361819e-02
1.380000000000000000e+02	2.768467000000000233e+00	2.597245586732447459e-02	-1.572481034469364394e-02
1.390000000000000000e+02	2.761548000000000336e+00	2.593979537727280835e-02	-1.771911264662258401e-02
1.400000000000000000e+02	2.754214000000000162e+00	2.590324231708936512e-02	-1.971075224328193085e-02
1.410000000000000000e+02	2.746463000000000321e+00	2.586280217971433787e-02	-2.169942984489593718e-02
1.420000000000000000e+02	2.738300999999999874e+00	2.581848104221089527e-02	-2.368484660679705256e-02
1.430000000000000000e+02	2.729725000000000179e+00	2.577028556485197464e-02	-2.566670417433394857e-02
1.440000000000000000e+02	2.720736999999999739e+00	2.571822299011941593e-02	-2.764470472770641854e-02
1.450000000000000000e+02	2.711338999999999722e+00	2.566230114161559966e-02	-2.961855102671959519e-02
1.460000000000000000e+02	2.701533999999999658e+00	2.560252842288781097e-02	-3.158794645545099505e-02
1.470000000000000000e+02	2.691321000000000296e+00	2.553891381616536088e-02	-3.355259506682418957e-02
1.480000000000000000e+02	2.680703000000000280e+00	2.547146688100983269e-02	-3.551220162708136618e-02
1.490000000000000000e+02	2.669680000000000497e+00	2.540019775287853318e-02	-3.746647166014926283e-02
1.500000000000000000e+02	2.658255999999999730e+00	2.532511714160139496e-02	-3.941511149189090568e-02
1.510000000000000000e+02	2.646430999999999756e+00	2.524623632977157986e-02	-4.135782829423676615e-02
1.520000000000000000e+02	2.634208000000000105e+00	2.516356717105002611e-02	-4.329433012918921381e-02
1.530000000000000000e+02	2.621588000000000029e+00	2.507712208838414752e-02	-4.522432599269266690e-02
1.540000000000000000e+02	2.608571999999999669e+00	2.498691407214099353e-02	-4.714752585836384791e-02
1.550000000000000000e+02	2.595163000000000331e+00	2.489295667815515437e-02	-4.906364072107489982e-02
1.560000000000000000e+02	2.581362999999999630e+00	2.479526402569169619e-02	-5.097238264038290306e-02
1.570000000000000000e+02	2.567174999999999763e+00	2.469385079532439992e-02	-5.287346478379983949e-02
1.580000000000000000e+02	2.552598999999999840e+00	2.458873222672966832e-02	-5.476660146989555805e-02
1.590000000000000000e+02	2.537639999999999674e+00	2.447992411639641694e-02	-5.665150821122812846e-02
1.600000000000000000e+02	2.522298000000000151e+00	2.436744281525228539e-02	-5.852790175709463721e-02
1.610000000000000000e+02	2.506575999999999915e+00	2.425130522620654386e-02	-6.039550013609600032e-02
1.620000000000000000e+02	2.490477000000000274e+00	2.413152880161001379e-02	-6.225402269850988796e-02
1.630000000000000000e+02	2.474002000000000479e+00	2.400813154063249216e-02	-6.410319015846456525e-02
1.640000000000000000e+02	2.457152999999999921e+00	2.388113198655791511e-02	-6.594272463590829247e-02
1.650000000000000000e+02	2.439936000000000327e+00	2.375054922399784385e-02	-6.777234969836697098e-02
1.660000000000000000e+02	2.422348999999999641e+00	2.361640287602351576e-02	-6.959179040248469894e-02
1.670000000000000000e+02	2.404399999999999871e+00	2.347871310121707467e-02	-7.140077333534022852e-02
1.680000000000000000e+02	2.386086999999999847e+00	2.333750059064224752e-02	-7.319902665553358612e-02
1.690000000000000000e+02	2.367416000000000409e+00	2.319278656473503300e-02	-7.498628013403660364e-02
1.700000000000000000e+02	2.348385999999999640e+00	2.304459277011487728e-02	-7.676226519480078281e-02
1.710000000000000000e+02	2.329003000000000156e+00	2.289294147631669094e-02	-7.852671495511739930e-02
1.720000000000000000e+02	2.309268000000000320e+00	2.273785547244438002e-02	-8.027936426572260253e-02
1.730000000000000000e+02	2.289187000000000083e+00	2.257935806374623822e-02	-8.201994975064218207e-02
1.740000000000000000e+02	2.268761000000000472e+00	2.241747306811278651e-02	-8.374820984676999147e-02
1.750000000000000000e+02	2.247994000000000270e+00	2.225222481249763268e-02	-8.546388484317361811e-02
1.760000000000000000e+02	2.226886000000000365e+00	2.208363812926171510e-02	-8.716671692012223360e-02
1.770000000000000000e+02	2.205442999999999820e+00	2.191173835244172516e-02	-8.885645018782976912e-02
1.780000000000000000e+02	2.183667999999999942e+00	2.173655131394305537e-02	-9.053283072490826699e-02
1.790000000000000000e+02	2.161564000000000263e+00	2.155810333965797049e-02	-9.219560661652559386e-02
1.800000000000000000e+02	2.139135000000000453e+00	2.137642124550954287e-02	-9.384452799226100650e-02
1.810000000000000000e+02	2.116382999999999903e+00	2.119153233342191411e-02	-9.547934706365455992e-02
1.820000000000000000e+02	2.093312000000000062e+00	2.100346438721758732e-02	-9.709981816144257205e-02
1.830000000000000000e+02	2.069925999999999711e+00	2.081224566844222523e-02	-9.870569777247532872e-02
1.840000000000000000e+02	2.046228000000000158e+00	2.061790491211774184e-02	-1.002967445763104787e-01
1.850000000000000000e+02	2.022221000000000046e+00	2.042047132242419058e-02	-1.018727194814768172e-01
1.860000000000000000e+02	1.997910000000000075e+00	2.021997456831114287e-02	-1.034333856614036706e-01
1.870000000000000000e+02	1.973297999999999996e+00	2.001644477903926841e-02	-1.049785085900092757e-01
1.880000000000000000e+02	1.948388000000000009e+00	1.980991253965270690e-02	-1.065078560769437827e-01
1.890000000000000000e+02	1.923185000000000144e+00	1.960040888638295634e-02	-1.080211983024813166e-01
1.900000000000000000e+02	1.897692000000000156e+00	1.938796530198498569e-02	-1.095183078520553799e-01
1.910000000000000000e+02	1.871913000000000160e+00	1.917261371100619990e-02	-1.109989597504335984e-01
1.920000000000000000e+02	1.845852000000000048e+00	1.895438647498905171e-02	-1.124629314955250398e-01
1.930000000000000000e+02	1.819513000000000158e+00	1.873331638760796641e-02	-1.139100030918165640e-01
1.940000000000000000e+02	1.792900000000000160e+00	1.850943666974134288e-02	-1.153399570834320459e-01
1.950000000000000000e+02	1.766016000000000030e+00	1.828278096447935944e-02	-1.167525785868100685e-01
1.960000000000000000e+02	1.738866000000000023e+00	1.805338333206830959e-02	-1.181476553229954402e-01
1.970000000000000000e+02	1.711455000000000171e+00	1.782127824479225880e-02	-1.195249776495386634e-01
1.980000000000000000e+02	1.683785000000000087e+00	1.758650058179280634e-02	-1.208843385919998459e-01
1.990000000000000000e+02	1.655862000000000167e+00	1.734908562382767375e-02	-1.222255338750511677e-01
2.000000000000000000e+02	1.627689000000000163e+00	1.710906904796899095e-02	-1.235483619531738964e-01
2.010000000000000000e+02	1.599271000000000109e+00	1.686648692224193904e-02	-1.248526240409455618e-01
2.020000000000000000e+02	1.570612000000000119e+00	1.662137570020474561e-02	-1.261381241429118116e-01
2.030000000000000000e+02	1.541716000000000086e+00	1.637377221547066386e-02	-1.274046690830392681e-01
2.040000000000000000e+02	1.512588000000000044e+00	1.612371367617289677e-02	-1.286520685337448067e-01
2.050000000000000000e+02	1.483232000000000106e+00	1.587123765937321906e-02	-1.298801350444963865e-01
2.060000000000000000e+02	1.453652000000000166e+00	1.561638210541512438e-02	-1.310886840699822253e-01
2.070000000000000000e+02	1.423853000000000035e+00	1.535918531222244497e-02	-1.322775339978426445e-01
2.080000000000000000e+02	1.393839999999999968e+00	1.509968592954420187e-02	-1.334465061759616267e-01
2.090000000000000000e+02	1.363616000000000161e+00	1.483792295314655986e-02	-1.345954249393135349e-01
2.100000000000000000e+02	1.333187000000000122e+00	1.457393571895287954e-02	-1.357241176363605528e-01
2.110000000000000000e+02	1.302556999999999965e+00	1.430776389713251003e-02	-1.368324146549978471e-01
2.120000000000000000e+02	1.271731000000000167e+00	1.403944748613947593e-02	-1.379201494480415957e-01
2.130000000000000000e+02	1.240712999999999955e+00	1.376902680670178195e-02	-1.389871585582564406e-01
2.140000000000000000e+02	1.209508000000000028e+00	1.349654249576228045e-02	-1.400332816429188942e-01
2.150000000000000000e+02	1.178120999999999974e+00	1.322203550037206500e-02	-1.410583614979122880e-01
2.160000000000000000e+02	1.146556000000000131e+00	1.294554707153719453e-02	-1.420622440813506249e-01
2.170000000000000000e+02	1.114818000000000087e+00	1.266711875801978908e-02	-1.430447785367266467e-01
2.180000000000000000e+02	1.082913000000000014e+00	1.238679240009438534e-02	-1.440058172155816441e-01
2.190000000000000000e+02	1.050844000000000111e+00	1.210461012326044181e-02	-1.449452156996930419e-01
2.200000000000000000e+02	1.018615999999999966e+00	1.182061433191207260e-02	-1.458628328227765114e-01
2.210000000000000000e+02	9.862354000000000953e-01	1.153484770296572121e-02	-1.467585306916994181e-01
2.220000000000000000e+02	9.537055000000000948e-01	1.124735317944703349e-02	-1.476321747072026624e-01
2.230000000000000000e+02	9.210322000000000786e-01	1.095817396403766034e-02	-1.484836335841270560e-01
2.240000000000000000e+02	8.882197000000000564e-01	1.066735351258304119e-02	-1.493127793711421236e-01
2.250000000000000000e+02	8.552735000000000198e-01	1.037493552756221446e-02	-1.501194874699735837e-01
2.260000000000000000e+02	8.221983000000000485e-01	1.008096395152043891e-02	-1.509036366541273433e-01
2.270000000000000000e+02	7.889989000000000585e-01	9.785482960465866423e-03	-1.516651090871063146e-01
2.280000000000000000e+02	7.556806000000000356e-01	9.488536957231051908e-03	-1.524037903401183058e-01
2.290000000000000000e+02	7.222485000000000710e-01	9.190170564800410544e-03	-1.531195694092713777e-01
2.300000000000000000e+02	6.887073000000000222e-01	8.890428619604614710e-03	-1.538123387322548608e-01
2.310000000000000000e+02	6.550622000000000389e-01	8.589356164782829123e-03	-1.544819942045029815e-01
2.320000000000000000e+02	6.213184000000000484e-01	8.286998443413981161e-03	-1.551284351948391815e-01
2.330000000000000000e+02	5.874807000000000778e-01	7.983400891717933739e-03	-1.557515645605979937e-01
2.340000000000000000e+02	5.535544000000001130e-01	7.678609132227637996e-03	-1.563512886622231424e-01
2.350000000000000000e+02	5.195448000000000288e-01	7.372668966933333505e-03	-1.569275173773390375e-01
2.360000000000000000e+02	4.854564000000000656e-01	7.065626370399682478e-03	-1.574801641142935804e-01
2.370000000000000000e+02	4.512952000000000630e-01	6.757527482857073921e-03	-1.580091458251708381e-01
2.380000000000000000e+02	4.170654000000000861e-01	6.448418603267977271e-03	-1.585143830182706437e-01
2.390000000000000000e+02	3.827728000000000796e-01	6.138346182369445320e-03	-1.589957997700542636e-01
2.400000000000000000e+02	3.484224000000000765e-01	5.827356815692867967e-03	-1.594533237365534095e-01
2.410000000000000000e+02	3.140194000000000596e-01	5.515497236561844180e-03	-1.598868861642418759e-01
2.420000000000000000e+02	2.795690000000000675e-01	5.202814309069477526e-03	-1.602964219003671364e-01
2.430000000000000000e+02	2.450761000000000744e-01	4.889355021035944431e-03	-1.606818694027411509e-01
2.440000000000000000e+02	2.105464000000000779e-01	4.575166476947487015e-03	-1.610431707489884678e-01
2.450000000000000000e+02	1.759846000000000743e-01	4.260295890877916457e-03	-1.613802716452503172e-01
2.460000000000000000e+02	1.413962000000000552e-01	3.944790579393548866e-03	-1.616931214343436951e-01
2.470000000000000000e+02	1.067863000000000701e-01	3.628697954442840039e-03	-1.619816731033735802e-01
2.480000000000000000e+02	7.216022000000006653e-02	3.312065516231636319e-03	-1.622458832907978654e-01
2.490000000000000000e+02	3.752308000000006277e-02	2.994940846085164792e-03	-1.624857122929433129e-01
2.500000000000000000e+02	2.880115000000064117e-03	2.677371599297884326e-03	-1.627011240699720029e-01
2.510000000000000000e+02	-3.176345999999993786e-02	2.359405497972112079e-03	-1.628920862512971413e-01
2.520000000000000000e+02	-6.640242999999992901e-02	2.041090323846722621e-03	-1.630585701404475008e-01
2.530000000000000000e+02	-1.010315599999999370e-01	1.722473911116826923e-03	-1.632005507193796945e-01
2.540000000000000000e+02	-1.356455999999999218e-01	1.403604139245572891e-03	-1.633180066522376961e-01
2.550000000000000000e+02	-1.702394999999999325e-01	1.084528925769194562e-03	-1.634109202885591916e-01
2.560000000000000000e+02	-2.048077999999999288e-01	7.652962190962315538e-04	-1.634792776659276803e-01
2.570000000000000000e+02	-2.393453999999999304e-01	4.459539913022185519e-04	-1.635230685120709904e-01
2.580000000000000000e+02	-2.738472999999999602e-01	1.265502309207643485e-04	-1.635422862464046556e-01
2.590000000000000000e+02	-3.083079999999999155e-01	-1.928670642678435648e-04	-1.635369279810209853e-01
2.600000000000000000e+02	-3.427224999999999300e-01	-5.122498944493660217e-04	-1.635069945211228837e-01
2.610000000000000000e+02	-3.770855999999999097e-01	-8.315502649887608795e-04	-1.634524903649029193e-01
2.620000000000000000e+02	-4.113919999999999244e-01	-1.150720193642436762e-03	-1.633734237028674763e-01
2.630000000000000000e+02	-4.456366999999999412e-01	-1.469711717768703912e-03	-1.632698064166057117e-01
2.640000000000000000e+02	-4.798142999999999159e-01	-1.788476901535278069e-03	-1.631416540770042611e-01
2.650000000000000000e+02	-5.139198999999999851e-01	-2.106967843122699215e-03	-1.629889859419073050e-01
2.660000000000000000e+02	-5.479482999999999437e-01	-2.425136681922752252e-03	-1.628118249532226058e-01
2.670000000000000000e+02	-5.818943999999999228e-01	-2.742935605730582177e-03	-1.626101977334739046e-01
2.680000000000000000e+02	-6.157528999999999364e-01	-3.060316857929592810e-03	-1.623841345818004545e-01
2.690000000000000000e+02	-6.495190999999999049e-01	-3.377232744667988274e-03	-1.621336694694036906e-01
2.700000000000000000e+02	-6.831871999999998835e-01	-3.693635642025831171e-03	-1.618588400344423139e-01
2.710000000000000000e+02	-7.167529999999999735e-01	-4.009478003171701097e-03	-1.615596875763764539e-01
2.720000000000000000e+02	-7.502108999999999028e-01	-4.324712365507659383e-03	-1.612362570497611614e-01
2.730000000000000000e+02	-7.835558999999999719e-01	-4.639291357801607167e-03	-1.608885970574913116e-01
2.740000000000000000e+02	-8.167832999999999899e-01	-4.953167707305918335e-03	-1.605167598434975307e-01
2.750000000000000000e+02	-8.498875999999999653e-01	-5.266294246861215854e-03	-1.601208012848956419e-01
2.760000000000000000e+02	-8.828640999999999295e-01	-5.578623921984390312e-03	-1.597007808835897436e-01
2.770000000000000000e+02	-9.157079999999999664e-01	-5.890109797939578271e-03	-1.592567617573305561e-01
2.780000000000000000e+02	-9.484140999999999266e-01	-6.200705066791197505e-03	-1.587888106302306757e-01
2.790000000000000000e+02	-9.809774999999999467e-01	-6.510363054437932374e-03	-1.582969978227376784e-01
2.800000000000000000e+02	-1.013392999999999988e+00	-6.819037227626550436e-03	-1.577813972410669063e-01
2.810000000000000000e+02	-1.045656999999999837e+00	-7.126681200944654307e-03	-1.572420863660952128e-01
2.820000000000000000e+02	-1.077763000000000027e+00	-7.433248743791129320e-03	-1.566791462417178593e-01
2.830000000000000000e+02	-1.109706999999999999e+00	-7.738693787323358032e-03	-1.560926614626696740e-01
2.840000000000000000e+02	-1.141483999999999943e+00	-8.042970431380141658e-03	-1.554827201618126931e-01
2.850000000000000000e+02	-1.173088999999999826e+00	-8.346032951379207809e-03	-1.548494139968924488e-01
2.860000000000000000e+02	-1.204517999999999978e+00	-8.647835805188460595e-03	-1.541928381367639045e-01
2.870000000000000000e+02	-1.235765000000000002e+00	-8.948333639969678968e-03	-1.535130912470903664e-01
2.880000000000000000e+02	-1.266826999999999925e+00	-9.247481298993850615e-03	-1.528102754755167048e-01
2.890000000000000000e+02	-1.297698000000000018e+00	-9.545233828427009473e-03	-1.520844964363191054e-01
2.900000000000000000e+02	-1.328373999999999944e+00	-9.841546484085552521e-03	-1.513358631945344590e-01
2.910000000000000000e+02	-1.358849999999999891e+00	-1.013637473816014940e-02	-1.505644882495703885e-01
2.920000000000000000e+02	-1.389120999999999828e+00	-1.042967428590702017e-02	-1.497704875182999662e-01
2.930000000000000000e+02	-1.419184000000000001e+00	-1.072140105230576582e-02	-1.489539803176423149e-01
2.940000000000000000e+02	-1.449033000000000015e+00	-1.101151119868266220e-02	-1.481150893466326168e-01
2.950000000000000000e+02	-1.478662999999999839e+00	-1.129996112929839217e-02	-1.472539406679837237e-01
2.960000000000000000e+02	-1.508071999999999857e+00	-1.158670749789936748e-02	-1.463706636891423107e-01
2.970000000000000000e+02	-1.537252999999999981e+00	-1.187170721423146981e-02	-1.454653911428423485e-01
2.980000000000000000e+02	-1.566203000000000012e+00	-1.215491745051536059e-02	-1.445382590671590861e-01
2.990000000000000000e+02	-1.594916999999999918e+00	-1.243629564788235192e-02	-1.435894067850661260e-01
3.000000000000000000e+02	-1.623391999999999946e+00	-1.271579952276981687e-02	-1.426189768834990046e-01
3.010000000000000000e+02	-1.651621999999999924e+00	-1.299338707327533753e-02	-1.416271151919280546e-01
3.020000000000000000e+02	-1.679602999999999957e+00	-1.326901658546841140e-02	-1.406139707604442957e-01
3.030000000000000000e+02	-1.707331999999999850e+00	-1.354264663965894060e-02	-1.395796958373612118e-01
3.040000000000000000e+02	-1.734802999999999873e+00	-1.381423611662151336e-02	-1.385244458463358030e-01
3.050000000000000000e+02	-1.762013999999999969e+00	-1.408374420377446999e-02	-1.374483793630129624e-01
3.060000000000000000e+02	-1.788958999999999966e+00	-1.435113040131299339e-02	-1.363516580911952880e-01
3.070000000000000000e+02	-1.815636000000000028e+00	-1.461635452829510365e-02	-1.352344468385437704e-01
3.080000000000000000e+02	-1.842038999999999982e+00	-1.487937672867977595e-02	-1.340969134918114924e-01
3.090000000000000000e+02	-1.868163999999999936e+00	-1.514015747731624340e-02	-1.329392289916147551e-01
3.100000000000000000e+02	-1.894008999999999832e+00	-1.539865758588352534e-02	-1.317615673067454585e-01
3.110000000000000000e+02	-1.919567999999999941e+00	-1.565483820877941815e-02	-1.305641054080280417e-01
3.120000000000000000e+02	-1.944838999999999984e+00	-1.590866084895793328e-02	-1.293470232417256727e-01
3.130000000000000000e+02	-1.969816000000000011e+00	-1.616008736371435384e-02	-1.281105037024992399e-01
3.140000000000000000e+02	-1.994497999999999882e+00	-1.640907997041706270e-02	-1.268547326059229763e-01
3.150000000000000000e+02	-2.018879000000000090e+00	-1.665560125218523355e-02	-1.255798986605617673e-01
3.160000000000000000e+02	-2.042957000000000356e+00	-1.689961416351162468e-02	-1.242861934396129187e-01
3.170000000000000000e+02	-2.066727000000000203e+00	-1.714108203582948367e-02	-1.229738113521181148e-01
3.180000000000000000e+02	-2.090184999999999960e+00	-1.737996858302286174e-02	-1.216429496137489269e-01
3.190000000000000000e+02	-2.113329000000000235e+00	-1.761623790687943600e-02	-1.202938082171705336e-01
3.200000000000000000e+02	-2.136154999999999582e+00	-1.784985450248502067e-02	-1.189265899019884554e-01
3.210000000000000000e+02	-2.158660000000000245e+00	-1.808078326355904569e-02	-1.175415001242819252e-01
3.220000000000000000e+02	-2.168116000000000376e+00	-1.830898948773004853e-02	-1.161387470257295440e-01
3.230000000000000000e+02	-2.190114999999999590e+00	-1.853443888175052012e-02	-1.147185414023312033e-01
3.240000000000000000e+02	-2.211783999999999750e+00	-1.875709756665025485e-02	-1.132810966727310631e-01
3.250000000000000000e+02	-2.243661999999999601e+00	-1.897693208282743085e-02	-1.118266288461466501e-01
3.260000000000000000e+02	-2.254119000000000206e+00	-1.919390939507671645e-02	-1.103553564899081851e-01
3.270000000000000000e+02	-2.274780999999999942e+00	-1.940799689755355259e-02	-1.088675006966140779e-01
3.280000000000000000e+02	-2.305131000000000263e+00	-1.961916241867393482e-02	-1.073632850509064485e-01
3.290000000000000000e+02	-2.315074000000000076e+00	-1.982737422594892454e-02	-1.058429355958727669e-01
3.300000000000000000e+02	-2.344377999999999851e+00	-2.003260103075323040e-02	-1.043066807990769562e-01
3.310000000000000000e+02	-2.353971999999999731e+00	-2.023481199302697500e-02	-1.027547515182277854e-01
3.320000000000000000e+02	-2.372888999999999804e+00	-2.043397672591020994e-02	-1.011873809664862595e-01
3.330000000000000000e+02	-2.391450999999999993e+00	-2.063006530030916247e-02	-9.960480467742070798e-02
3.340000000000000000e+02	-2.409652000000000349e+00	-2.082304824939380447e-02	-9.800726046961215354e-02
3.350000000000000000e+02	-2.427490999999999843e+00	-2.101289657302596314e-02	-9.639498841091620474e-02
3.360000000000000000e+02	-2.444965999999999973e+00	-2.119958174211717880e-02	-9.476823078238814924e-02
3.370000000000000000e+02	-2.462070999999999898e+00	-2.138307570291593865e-02	-9.312723204187375869e-02
3.380000000000000000e+02	-2.487033000000000271e+00	-2.156335088122334279e-02	-9.147223878727452073e-02
3.390000000000000000e+02	-2.495167999999999608e+00	-2.174038018653677573e-02	-8.980349971949043442e-02
3.400000000000000000e+02	-2.511154000000000330e+00	-2.191413701612092077e-02	-8.812126560504658646e-02
3.410000000000000000e+02	-2.526760999999999591e+00	-2.208459525900536430e-02	-8.642578923841040539e-02
3.420000000000000000e+02	-2.541989000000000054e+00	-2.225172929990843970e-02	-8.471732540400264688e-02
3.430000000000000000e+02	-2.556834000000000273e+00	-2.241551402308646773e-02	-8.299613083791092250e-02
3.440000000000000000e+02	-2.578381000000000256e+00	-2.257592481610797008e-02	-8.126246418930886672e-02
3.450000000000000000e+02	-2.585369000000000028e+00	-2.273293757355232883e-02	-7.951658598158771463e-02
3.460000000000000000e+02	-2.599052999999999614e+00	-2.288652870063206252e-02	-7.775875857320757589e-02
3.470000000000000000e+02	-2.618845000000000312e+00	-2.303667511673862175e-02	-7.598924611827098663e-02
3.480000000000000000e+02	-2.631546000000000163e+00	-2.318335425891066698e-02	-7.420831452682853657e-02
3.490000000000000000e+02	-2.643853000000000009e+00	-2.332654408522471731e-02	-7.241623142491945830e-02
3.500000000000000000e+02	-2.649858000000000047e+00	-2.346622307810750444e-02	-7.061326611435413125e-02
3.510000000000000000e+02	-2.661564000000000263e+00	-2.360237024756939653e-02	-6.879968953224625816e-02
3.520000000000000000e+02	-2.672874000000000194e+00	-2.373496513435870495e-02	-6.697577421029730915e-02
3.530000000000000000e+02	-2.683779000000000359e+00	-2.386398781303611036e-02	-6.514179423384314216e-02
3.540000000000000000e+02	-2.699379999999999669e+00	-2.398941889496892729e-02	-6.329802520066606097e-02
3.550000000000000000e+02	-2.704375999999999891e+00	-2.411123953124472835e-02	-6.144474417957952739e-02
3.560000000000000000e+02	-2.714063999999999588e+00	-2.422943141550377294e-02	-5.958222966879300059e-02
3.570000000000000000e+02	-2.727831000000000117e+00	-2.434397678669001502e-02	-5.771076155406017205e-02
3.580000000000000000e+02	-2.732215000000000060e+00	-2.445485843172006193e-02	-5.583062106662061569e-02
3.590000000000000000e+02	-2.740674000000000277e+00	-2.456205968806986564e-02	-5.394209074093783696e-02
3.600000000000000000e+02	-2.748720999999999748e+00	-2.466556444627866079e-02	-5.204545437224165905e-02
3.610000000000000000e+02	-2.760012999999999828e+00	-2.476535715236974355e-02	-5.014099697388228749e-02
3.620000000000000000e+02	-2.767024000000000150e+00	-2.486142281018785538e-02	-4.822900473449943937e-02
3.630000000000000000e+02	-2.770373000000000197e+00	-2.495374698365268595e-02	-4.630976497501687605e-02
3.640000000000000000e+02	-2.779793999999999876e+00	-2.504231579892820386e-02	-4.438356610546538572e-02
3.650000000000000000e+02	-2.785549999999999748e+00	-2.512711594650757219e-02	-4.245069758164207729e-02
3.660000000000000000e+02	-2.788272000000000084e+00	-2.520813468321315629e-02	-4.051144986161397260e-02
3.670000000000000000e+02	-2.795804999999999652e+00	-2.528535983411152668e-02	-3.856611436206888038e-02
3.680000000000000000e+02	-2.800302999999999543e+00	-2.535877979434296783e-02	-3.661498341452428668e-02
3.690000000000000000e+02	-2.802393999999999608e+00	-2.542838353086543379e-02	-3.465835022139735627e-02
3.700000000000000000e+02	-2.808033000000000001e+00	-2.549416058411247896e-02	-3.269650881194413605e-02
3.710000000000000000e+02	-2.811263000000000289e+00	-2.555610106956506325e-02	-3.072975399807581498e-02
3.720000000000000000e+02	-2.814071000000000211e+00	-2.561419567923694032e-02	-2.875838133005534716e-02
3.730000000000000000e+02	-2.816454000000000235e+00	-2.566843568307335816e-02	-2.678268705208517939e-02
3.740000000000000000e+02	-2.818412000000000361e+00	-2.571881293026299573e-02	-2.480296805778930622e-02
3.750000000000000000e+02	-2.819948000000000121e+00	-2.576531985046278880e-02	-2.281952184559773653e-02
3.760000000000000000e+02	-2.821058999999999983e+00	-2.580794945493555120e-02	-2.083264647404147255e-02
3.770000000000000000e+02	-2.821747000000000227e+00	-2.584669533760018678e-02	-1.884264051696123501e-02
3.780000000000000000e+02	-2.821928999999999910e+00	-2.588155167599436729e-02	-1.684980301864082153e-02
3.790000000000000000e+02	-2.821844999999999715e+00	-2.591251323214947833e-02	-1.485443344886839927e-02
3.800000000000000000e+02	-2.821257000000000126e+00	-2.593957535337774664e-02	-1.285683165793383848e-02
3.810000000000000000e+02	-2.820243999999999751e+00	-2.596273397297141697e-02	-1.085729783157027284e-02
3.820000000000000000e+02	-2.818806000000000367e+00	-2.598198561081387081e-02	-8.856132445843148057e-03
3.830000000000000000e+02	-2.816944999999999588e+00	-2.599732737390258661e-02	-6.853636221997748933e-03
3.840000000000000000e+02	-2.814658999999999800e+00	-2.600875695678388569e-02	-4.850110081268486223e-03
3.850000000000000000e+02	-2.811950999999999645e+00	-2.601627264189938088e-02	-2.845855099658092108e-03
3.860000000000000000e+02	-2.808817000000000341e+00	-2.601987329984407210e-02	-8.411724626950277482e-04
3.870000000000000000e+02	-2.805260999999999783e+00	-2.601955838953608213e-02	1.163636579827746374e-03
3.880000000000000000e+02	-2.801282999999999745e+00	-2.601532795829794228e-02	3.168270759121484363e-03
3.890000000000000000e+02	-2.796884000000000370e+00	-2.600718264184949391e-02	5.172428832674672884e-03
3.900000000000000000e+02	-2.792062999999999739e+00	-2.599512366421236412e-02	7.175809629522101121e-03
3.910000000000000000e+02	-2.786821999999999910e+00	-2.597915283752601570e-02	9.178112095501726742e-03
3.920000000000000000e+02	-2.781162000000000134e+00	-2.595927256177543718e-02	1.117903533849616375e-02
3.930000000000000000e+02	-2.775082000000000271e+00	-2.593548582443049380e-02	1.317827867364764968e-02
3.940000000000000000e+02	-2.768587000000000131e+00	-2.590779619999698108e-02	1.517554166854331518e-02
3.950000000000000000e+02	-2.761673000000000044e+00	-2.587620784947947811e-02	1.717052418836251607e-02
3.960000000000000000e+02	-2.754343999999999681e+00	-2.584072551975606646e-02	1.916292644097799050e-02
3.970000000000000000e+02	-2.746599999999999930e+00	-2.580135454286498764e-02	2.115244902200770841e-02
3.980000000000000000e+02	-2.738442000000000043e+00	-2.575810083520339855e-02	2.313879295980626055e-02
3.990000000000000000e+02	-2.729873999999999690e+00	-2.571097089663829105e-02	2.512165976039268389e-02
4.000000000000000000e+02	-2.720893000000000228e+00	-2.565997180952971773e-02	2.710075145230649712e-02
4.010000000000000000e+02	-2.711502999999999552e+00	-2.560511123766654254e-02	2.907577063138376897e-02
4.020000000000000000e+02	-2.701703000000000188e+00	-2.554639742511474396e-02	3.104642050545011051e-02
4.030000000000000000e+02	-2.691499000000000308e+00	-2.548383919497856573e-02	3.301240493891952760e-02
4.040000000000000000e+02	-2.680889999999999773e+00	-2.541744594807465729e-02	3.497342849729607323e-02
4.050000000000000000e+02	-2.669875000000000220e+00	-2.534722766151935314e-02	3.692919649157009460e-02
4.060000000000000000e+02	-2.658460999999999963e+00	-2.527319488722942417e-02	3.887941502250107095e-02
4.070000000000000000e+02	-2.646644000000000219e+00	-2.519535875033635311e-02	4.082379102478387450e-02
4.080000000000000000e+02	-2.634430000000000049e+00	-2.511373094751457799e-02	4.276203231108762631e-02
4.090000000000000000e+02	-2.621818000000000204e+00	-2.502832374522378361e-02	4.469384761596398303e-02
4.100000000000000000e+02	-2.608813999999999744e+00	-2.493914997786554621e-02	4.661894663961690249e-02
4.110000000000000000e+02	-2.595416000000000167e+00	-2.484622304585473382e-02	4.853704009152590843e-02
4.120000000000000000e+02	-2.581627000000000116e+00	-2.474955691360571433e-02	5.044783973391980120e-02
4.130000000000000000e+02	-2.567448999999999870e+00	-2.464916610743394729e-02	5.235105842509001073e-02
4.140000000000000000e+02	-2.552884999999999849e+00	-2.454506571337302517e-02	5.424641016254072579e-02
4.150000000000000000e+02	-2.537938999999999723e+00	-2.443727137490765006e-02	5.613361012596774363e-02
4.160000000000000000e+02	-2.522607999999999961e+00	-2.432579929062288551e-02	5.801237472005833090e-02
4.170000000000000000e+02	-2.506897000000000375e+00	-2.421066621176986774e-02	5.988242161710906342e-02
4.180000000000000000e+02	-2.490810999999999886e+00	-2.409188943974861427e-02	6.174346979945110475e-02
4.190000000000000000e+02	-2.474349000000000132e+00	-2.396948682350807588e-02	6.359523960168003698e-02
4.200000000000000000e+02	-2.457513999999999754e+00	-2.384347675686386211e-02	6.543745275268239570e-02
4.210000000000000000e+02	-2.440309000000000061e+00	-2.371387817573424386e-02	6.726983241745138065e-02
4.220000000000000000e+02	-2.422735999999999557e+00	-2.358071055529450261e-02	6.909210323868882064e-02
4.230000000000000000e+02	-2.404799999999999827e+00	-2.344399390705039637e-02	7.090399137818297060e-02
4.240000000000000000e+02	-2.386502000000000123e+00	-2.330374877583095763e-02	7.270522455795944139e-02
4.250000000000000000e+02	-2.367843999999999838e+00	-2.315999623670111918e-02	7.449553210119766455e-02
4.260000000000000000e+02	-2.348829999999999529e+00	-2.301275789179477518e-02	7.627464497290531442e-02
4.270000000000000000e+02	-2.329462000000000366e+00	-2.286205586706847176e-02	7.804229582034817592e-02
4.280000000000000000e+02	-2.309743000000000102e+00	-2.270791280897655265e-02	7.979821901322509126e-02
4.290000000000000000e+02	-2.289677000000000184e+00	-2.255035188106797525e-02	8.154215068358544594e-02
4.300000000000000000e+02	-2.269266000000000005e+00	-2.238939676050541797e-02	8.327382876548174162e-02
4.310000000000000000e+02	-2.248514000000000124e+00	-2.222507163450731377e-02	8.499299303435024766e-02
4.320000000000000000e+02	-2.227421999999999791e+00	-2.205740119671308758e-02	8.669938514611669200e-02
4.330000000000000000e+02	-2.205996999999999986e+00	-2.188641064347242662e-02	8.839274867601755459e-02
4.340000000000000000e+02	-2.184238999999999820e+00	-2.171212567005893421e-02	9.007282915713414606e-02
4.350000000000000000e+02	-2.162151999999999852e+00	-2.153457246680876708e-02	9.173937411863261615e-02
4.360000000000000000e+02	-2.139739999999999753e+00	-2.135377771518503706e-02	9.339213312370241160e-02
4.370000000000000000e+02	-2.117004999999999804e+00	-2.116976858376818857e-02	9.503085780719150444e-02
4.380000000000000000e+02	-2.093952999999999953e+00	-2.098257272417339628e-02	9.665530191292778794e-02
4.390000000000000000e+02	-2.070584000000000202e+00	-2.079221826689522587e-02	9.826522133072536358e-02
4.400000000000000000e+02	-2.046903999999999613e+00	-2.059873381708034884e-02	9.986037413306793342e-02
4.410000000000000000e+02	-2.022916999999999632e+00	-2.040214845022902609e-02	1.014405206114632613e-01
4.420000000000000000e+02	-1.998623999999999956e+00	-2.020249170782577319e-02	1.030054233124657465e-01
4.430000000000000000e+02	-1.974030999999999869e+00	-1.999979359290014053e-02	1.045548470733584923e-01
4.440000000000000000e+02	-1.949139999999999873e+00	-1.979408456551803863e-02	1.060885590574923432e-01
4.450000000000000000e+02	-1.923956999999999917e+00	-1.958539553820434764e-02	1.076063287892752435e-01
4.460000000000000000e+02	-1.898483999999999838e+00	-1.937375787129773028e-02	1.091079281888057140e-01
4.470000000000000000e+02	-1.872724999999999973e+00	-1.915920336823786693e-02	1.105931316061479625e-01
4.480000000000000000e+02	-1.846683999999999992e+00	-1.894176427078639660e-02	1.120617158552403708e-01
4.490000000000000000e+02	-1.820365000000000011e+00	-1.872147325418175787e-02	1.135134602474345139e-01
4.500000000000000000e+02	-1.793771999999999922e+00	-1.849836342222898472e-02	1.149481466246591310e-01
4.510000000000000000e+02	-1.766908999999999841e+00	-1.827246830232515801e-02	1.163655593922026527e-01
4.520000000000000000e+02	-1.739781000000000022e+00	-1.804382184042105028e-02	1.177654855511120896e-01
4.530000000000000000e+02	-1.712389999999999857e+00	-1.781245839592006386e-02	1.191477147302002770e-01
4.540000000000000000e+02	-1.684741999999999962e+00	-1.757841273651488193e-02	1.205120392176594474e-01
4.550000000000000000e+02	-1.656839999999999868e+00	-1.734172003296277631e-02	1.218582539922748315e-01
4.560000000000000000e+02	-1.628688999999999831e+00	-1.710241585380051915e-02	1.231861567542332780e-01
4.570000000000000000e+02	-1.600292999999999966e+00	-1.686053615999923497e-02	1.244955479555241995e-01
4.580000000000000000e+02	-1.572869999999999990e+00	-1.661611729956056702e-02	1.257862308299255161e-01
4.590000000000000000e+02	-1.543973999999999958e+00	-1.636919600205450492e-02	1.270580114225727530e-01
4.600000000000000000e+02	-1.514845999999999915e+00	-1.611980937309984499e-02	1.283106986191053234e-01
4.610000000000000000e+02	-1.485489999999999977e+00	-1.586799488878836567e-02	1.295441041743854715e-01
4.620000000000000000e+02	-1.455910000000000037e+00	-1.561379039005302352e-02	1.307580427407868395e-01
4.630000000000000000e+02	-1.426110999999999907e+00	-1.535723407698161118e-02	1.319523318960469649e-01
4.640000000000000000e+02	-1.396097999999999839e+00	-1.509836450307625207e-02	1.331267921706803525e-01
4.650000000000000000e+02	-1.365874000000000033e+00	-1.483722056945980042e-02	1.342812470749484843e-01
4.660000000000000000e+02	-1.335444999999999993e+00	-1.457384151903017878e-02	1.354155231253805769e-01
4.670000000000000000e+02	-1.304814999999999836e+00	-1.430826693056306935e-02	1.365294498708443660e-01
4.680000000000000000e+02	-1.273989000000000038e+00	-1.404053671276444051e-02	1.376228599181596457e-01
4.690000000000000000e+02	-1.242970999999999826e+00	-1.377069109827326783e-02	1.386955889572531742e-01
4.700000000000000000e+02	-1.211765999999999899e+00	-1.349877063761560463e-02	1.397474757858503391e-01
4.710000000000000000e+02	-1.180378999999999845e+00	-1.322481619311106048e-02	1.407783623336990031e-01
4.720000000000000000e+02	-1.148814000000000002e+00	-1.294886893273214552e-02	1.417880936863237518e-01
4.730000000000000000e+02	-1.117075999999999958e+00	-1.267097032391796552e-02	1.427765181083048007e-01
4.740000000000000000e+02	-1.085170999999999886e+00	-1.239116212734273081e-02	1.437434870660801167e-01
4.750000000000000000e+02	-1.053101999999999983e+00	-1.210948639064017909e-02	1.446888552502660630e-01
4.760000000000000000e+02	-1.020873999999999837e+00	-1.182598544208510183e-02	1.456124805974930436e-01
4.770000000000000000e+02	-9.884933999999999665e-01	-1.154070188423238046e-02	1.465142243117544263e-01
4.780000000000000000e+02	-9.559634999999999661e-01	-1.125367858751510734e-02	1.473939508852633307e-01
4.790000000000000000e+02	-9.232901999999999498e-01	-1.096495868380225822e-02	1.482515281188158673e-01
4.800000000000000000e+02	-8.904776999999999276e-01	-1.067458555991707136e-02	1.490868271416575241e-01
4.810000000000000000e+02	-8.575314999999998911e-01	-1.038260285111732191e-02	1.498997224308484255e-01
4.820000000000000000e+02	-8.244562999999999198e-01	-1.008905443453794737e-02	1.506900918301264658e-01
4.830000000000000000e+02	-7.912568999999999297e-01	-9.793984422597651687e-03	1.514578165682637645e-01
4.840000000000000000e+02	-7.579385999999999068e-01	-9.497437156369926622e-03	1.522027812769150557e-01
4.850000000000000000e+02	-7.245064999999999422e-01	-9.199457198919722134e-03	1.529248740079543756e-01
4.860000000000000000e+02	-6.909652999999998935e-01	-8.900089328606964473e-03	1.536239862502976894e-01
4.870000000000000000e+02	-6.573201999999999101e-01	-8.599378532357411162e-03	1.543000129462094583e-01
4.880000000000000000e+02	-6.235763999999999196e-01	-8.297369998902470040e-03	1.549528525070897611e-01
4.890000000000000000e+02	-5.897386999999999491e-01	-7.994109111988490640e-03	1.555824068287403050e-01
4.900000000000000000e+02	-5.558123999999999842e-01	-7.689641443556743082e-03	1.561885813061071326e-01
4.910000000000000000e+02	-5.218027999999999000e-01	-7.384012746895334336e-03	1.567712848474968612e-01
4.920000000000000000e+02	-4.877143999999999369e-01	-7.077268949763550199e-03	1.573304298882655661e-01
4.930000000000000000e+02	-4.535531999999999342e-01	-6.769456147490299572e-03	1.578659324039772549e-01
4.940000000000000000e+02	-4.193233999999999573e-01	-6.460620596047165869e-03	1.583777119230304342e-01
4.950000000000000000e+02	-3.850307999999999509e-01	-6.150808705097314533e-03	1.588656915387510193e-01
4.960000000000000000e+02	-3.506803999999999477e-01	-5.840067031021520423e-03	1.593297979209491733e-01
4.970000000000000000e+02	-3.162773999999999308e-01	-5.528442269921829411e-03	1.597699613269388808e-01
4.980000000000000000e+02	-2.818269999999999387e-01	-5.215981250604539467e-03	1.601861156120184260e-01
4.990000000000000000e+02	-2.473340999999999457e-01	-4.902730927543029471e-03	1.605781982394101359e-01
5.000000000000000000e+02	-2.128043999999999492e-01	-4.588738373821703818e-03	1.609461502896580298e-01
5.010000000000000000e+02	-1.782425999999999455e-01	-4.274050774062323511e-03	1.612899164694817644e-01
5.020000000000000000e+02	-1.436541999999999264e-01	-3.958715417333257165e-03	1.616094451200857096e-01
5.030000000000000000e+02	-1.090442999999999413e-01	-3.642779690043363230e-03	1.619046882249219610e-01
5.040000000000000000e+02	-7.441821999999993775e-02	-3.326291068821019079e-03	1.621756014169057625e-01
5.050000000000000000e+02	-3.978107999999993399e-02	-3.009297113379597131e-03	1.624221439850829785e-01
5.060000000000000000e+02	-5.138114999999935338e-03	-2.691845459370682987e-03	1.626442788807475615e-01
5.070000000000000000e+02	2.950546000000006316e-02	-2.373983811225531711e-03	1.628419727230090985e-01
5.080000000000000000e+02	6.414443000000005779e-02	-2.055759934986540766e-03	1.630151958038090765e-01
5.090000000000000000e+02	9.877356000000006575e-02	-1.737221651129233161e-03	1.631639220923851163e-01
5.100000000000000000e+02	1.333876000000000506e-01	-1.418416827376056157e-03	1.632881292391828720e-01
5.110000000000000000e+02	1.679815000000000613e-01	-1.099393371503315682e-03	1.633877985792143162e-01
