0.000000000000000000e+00	1.992819999999999869e-01	-9.737490043161978887e-04	2.034392825088807699e-01
1.000000000000000000e+00	2.435057999999999945e-01	-5.763484602150001877e-04	2.034937776351948002e-01
2.000000000000000000e+00	2.876928000000000263e-01	-1.788713478630820513e-04	2.035176874155625037e-01
3.000000000000000000e+00	3.318365999999999816e-01	2.186225914780382819e-04	2.035110082563166833e-01
4.000000000000000000e+00	3.759302999999999950e-01	6.160736140177267136e-04	2.034737411613425639e-01
5.000000000000000000e+00	4.199674999999999936e-01	1.013421982415793274e-03	2.034058917319268855e-01
6.000000000000000000e+00	4.639414000000000038e-01	1.410607974761083402e-03	2.033074701659159933e-01
7.000000000000000000e+00	5.078454999999999497e-01	1.807571893547745131e-03	2.031784912561829803e-01
8.000000000000000000e+00	5.516731000000000273e-01	2.204254074647837066e-03	2.030189743884045495e-01
9.000000000000000000e+00	5.954175000000000439e-01	2.600594896278909940e-03	2.028289435381471217e-01
1.000000000000000000e+01	6.390721999999999792e-01	2.996534787965232909e-03	2.026084272672633857e-01
1.100000000000000000e+01	6.826309000000000404e-01	3.392014239491299675e-03	2.023574587195993424e-01
1.200000000000000000e+01	7.260866000000000264e-01	3.786973809846283685e-03	2.020760756160128180e-01
1.300000000000000000e+01	7.694332999999999867e-01	4.181354136158086515e-03	2.017643202487039156e-01
1.400000000000000000e+01	8.126636000000000415e-01	4.575095942615653444e-03	2.014222394748585165e-01
1.500000000000000000e+01	8.557719000000000298e-01	4.968140049378182328e-03	2.010498847096054975e-01
1.600000000000000000e+01	8.987511000000000250e-01	5.360427381469932973e-03	2.006473119182891063e-01
1.700000000000000000e+01	9.415951999999999655e-01	5.751898977659254848e-03	2.002145816080571628e-01
1.800000000000000000e+01	9.842971999999999833e-01	6.142495999320530392e-03	1.997517588187668891e-01
1.900000000000000000e+01	1.026850999999999958e+00	6.532159739277688601e-03	1.992589131132093128e-01
2.000000000000000000e+01	1.069250999999999951e+00	6.920831630627959259e-03	1.987361185666538244e-01
2.100000000000000000e+01	1.111488999999999949e+00	7.308453255544542469e-03	1.981834537557146114e-01
2.200000000000000000e+01	1.153559999999999919e+00	7.694966354056875096e-03	1.976010017465406610e-01
2.300000000000000000e+01	1.195456999999999992e+00	8.080312832807176604e-03	1.969888500823305799e-01
2.400000000000000000e+01	1.237173999999999996e+00	8.464434773781939411e-03	1.963470907701748980e-01
2.500000000000000000e+01	1.278704999999999981e+00	8.847274443017073137e-03	1.956758202672272406e-01
2.600000000000000000e+01	1.320043000000000077e+00	9.228774299275391280e-03	1.949751394662068427e-01
2.700000000000000000e+01	1.361181999999999892e+00	9.608877002695111538e-03	1.942451536802339562e-01
2.800000000000000000e+01	1.402117000000000058e+00	9.987525423408119898e-03	1.934859726270015678e-01
2.900000000000000000e+01	1.442839999999999900e+00	1.036466265012663847e-02	1.926977104122843676e-01
3.000000000000000000e+01	1.483346000000000053e+00	1.074023199869706541e-02	1.918804855127886899e-01
3.100000000000000000e+01	1.523628999999999900e+00	1.111417702061966856e-02	1.910344207583452858e-01
3.200000000000000000e+01	1.563682000000000016e+00	1.148644151153284908e-02	1.901596433134478681e-01
3.300000000000000000e+01	1.603499000000000008e+00	1.185696951966073651e-02	1.892562846581401503e-01
3.400000000000000000e+01	1.643075999999999981e+00	1.222570535422278816e-02	1.883244805682542655e-01
3.500000000000000000e+01	1.682404999999999928e+00	1.259259359380419073e-02	1.873643710950033958e-01
3.600000000000000000e+01	1.721479999999999899e+00	1.295757909468575088e-02	1.863761005439321106e-01
3.700000000000000000e+01	1.760296000000000083e+00	1.332060699913206400e-02	1.853598174532268550e-01
3.800000000000000000e+01	1.798847000000000085e+00	1.368162274363669308e-02	1.843156745713906697e-01
3.900000000000000000e+01	1.837126999999999954e+00	1.404057206712313113e-02	1.832438288342848332e-01
4.000000000000000000e+01	1.875131000000000103e+00	1.439740101910028970e-02	1.821444413415412578e-01
4.100000000000000000e+01	1.912851999999999997e+00	1.475205596777133185e-02	1.810176773323489696e-01
4.200000000000000000e+01	1.950285000000000046e+00	1.510448360809459045e-02	1.798637061606185861e-01
4.300000000000000000e+01	1.987424000000000079e+00	1.545463096979536426e-02	1.786827012695281214e-01
4.400000000000000000e+01	2.024264000000000063e+00	1.580244542532742436e-02	1.774748401654542562e-01
4.500000000000000000e+01	2.060798999999999825e+00	1.614787469778299067e-02	1.762403043912931511e-01
4.600000000000000000e+01	2.097024000000000221e+00	1.649086686875000582e-02	1.749792794991740230e-01
4.700000000000000000e+01	2.132932999999999968e+00	1.683137038611553712e-02	1.736919550225707043e-01
4.800000000000000000e+01	2.168521000000000143e+00	1.716933407181411853e-02	1.723785244478144019e-01
4.900000000000000000e+01	2.203781999999999908e+00	1.750470712951985794e-02	1.710391851850125433e-01
5.000000000000000000e+01	2.238712000000000035e+00	1.783743915228120508e-02	1.696741385383778444e-01
5.100000000000000000e+01	2.273303999999999991e+00	1.816748013009715501e-02	1.682835896759719840e-01
5.200000000000000000e+01	2.307554000000000105e+00	1.849478045743381538e-02	1.668677475988686043e-01
5.300000000000000000e+01	2.341457000000000122e+00	1.881929094068018199e-02	1.654268251097402997e-01
5.400000000000000000e+01	2.375004999999999811e+00	1.914096280554197435e-02	1.639610387808740077e-01
5.500000000000000000e+01	2.408199000000000201e+00	1.945974770437249382e-02	1.624706089216201854e-01
5.600000000000000000e+01	2.441028000000000198e+00	1.977559772343930045e-02	1.609557595452797418e-01
5.700000000000000000e+01	2.473489999999999966e+00	2.008846539012572666e-02	1.594167183354348039e-01
5.800000000000000000e+01	2.505579000000000001e+00	2.039830368006605860e-02	1.578537166117275625e-01
5.900000000000000000e+01	2.537290000000000045e+00	2.070506602421333733e-02	1.562669892950926120e-01
6.000000000000000000e+01	2.568620999999999821e+00	2.100870631583875991e-02	1.546567748724482216e-01
6.100000000000000000e+01	2.599563999999999986e+00	2.130917891746156659e-02	1.530233153608512586e-01
6.200000000000000000e+01	2.630114999999999981e+00	2.160643866770838722e-02	1.513668562711219523e-01
6.300000000000000000e+01	2.660270999999999830e+00	2.190044088810108244e-02	1.496876465709431892e-01
6.400000000000000000e+01	2.690026000000000028e+00	2.219114138977193798e-02	1.479859386474405292e-01
6.500000000000000000e+01	2.719374000000000180e+00	2.247849648010532414e-02	1.462619882692479389e-01
6.600000000000000000e+01	2.748315999999999981e+00	2.276246296930472396e-02	1.445160545480656533e-01
6.700000000000000000e+01	2.776842999999999950e+00	2.304299817688423152e-02	1.427483998997154113e-01
6.800000000000000000e+01	2.804949000000000137e+00	2.332005993808345876e-02	1.409592900046988395e-01
6.900000000000000000e+01	2.832635999999999932e+00	2.359360661020495215e-02	1.391489937682656441e-01
7.000000000000000000e+01	2.859894000000000158e+00	2.386359707887315482e-02	1.373177832799965525e-01
7.100000000000000000e+01	2.886722999999999928e+00	2.412999076421391137e-02	1.354659337729082758e-01
7.200000000000000000e+01	2.913116000000000039e+00	2.439274762695369317e-02	1.335937235820854052e-01
7.300000000000000000e+01	2.939071999999999907e+00	2.465182817443754143e-02	1.317014341028464319e-01
7.400000000000000000e+01	2.964583999999999886e+00	2.490719346656485728e-02	1.297893497484496894e-01
7.500000000000000000e+01	2.989650000000000141e+00	2.515880512164213670e-02	1.278577579073457982e-01
7.600000000000000000e+01	3.014266000000000112e+00	2.540662532215179348e-02	1.259069488999827457e-01
7.700000000000000000e+01	3.038428000000000129e+00	2.565061682043616800e-02	1.239372159351704306e-01
7.800000000000000000e+01	3.062130999999999936e+00	2.589074294429589973e-02	1.219488550660110804e-01
7.900000000000000000e+01	3.085373999999999839e+00	2.612696760250178551e-02	1.199421651454021104e-01
8.000000000000000000e+01	3.108153000000000166e+00	2.635925529021934666e-02	1.179174477811181510e-01
8.100000000000000000e+01	3.130465000000000053e+00	2.658757109434524771e-02	1.158750072904791151e-01
8.200000000000000000e+01	3.152302999999999855e+00	2.681188069875475519e-02	1.138151506546110081e-01
8.300000000000000000e+01	3.173668000000000156e+00	2.703215038945951804e-02	1.117381874723060997e-01
8.400000000000000000e+01	3.194551999999999836e+00	2.724834705967479898e-02	1.096444299134901601e-01
8.500000000000000000e+01	3.214958999999999900e+00	2.746043821479545941e-02	1.075341926723028113e-01
8.600000000000000000e+01	3.234878000000000142e+00	2.766839197727995539e-02	1.054077929197985292e-01
8.700000000000000000e+01	3.254312999999999789e+00	2.787217709144155023e-02	1.032655502562757899e-01
8.800000000000000000e+01	3.273257000000000083e+00	2.807176292814609134e-02	1.011077866632403982e-01
8.900000000000000000e+01	3.291707999999999856e+00	2.826711948941558472e-02	9.893482645501169848e-02
9.000000000000000000e+01	3.309661999999999882e+00	2.845821741293694945e-02	9.674699622997735837e-02
9.100000000000000000e+01	3.327118000000000020e+00	2.864502797647520277e-02	9.454462482150560731e-02
9.200000000000000000e+01	3.344075000000000131e+00	2.882752310219042005e-02	9.232804324852107725e-02
9.300000000000000000e+01	3.360526999999999820e+00	2.900567536085789377e-02	9.009758466575210067e-02
9.400000000000000000e+01	3.376472000000000140e+00	2.917945797599076976e-02	8.785358431365757059e-02
9.500000000000000000e+01	3.391910999999999898e+00	2.934884482786457791e-02	8.559637946803946851e-02
9.600000000000000000e+01	3.406836999999999893e+00	2.951381045744305709e-02	8.332630938935031706e-02
9.700000000000000000e+01	3.421250000000000124e+00	2.967433007020467764e-02	8.104371527170176059e-02
9.800000000000000000e+01	3.435149000000000008e+00	2.983037953986929919e-02	7.874894019158262815e-02
9.900000000000000000e+01	3.448529999999999873e+00	2.998193541202435683e-02	7.644232905629438912e-02
1.000000000000000000e+02	3.461390000000000189e+00	3.012897490765010025e-02	7.412422855211089900e-02
1.010000000000000000e+02	3.473730999999999902e+00	3.027147592654329950e-02	7.179498709217137231e-02
1.020000000000000000e+02	3.485548000000000091e+00	3.040941705063893163e-02	6.945495476411313318e-02
1.030000000000000000e+02	3.496840999999999866e+00	3.054277754722935223e-02	6.710448327745341390e-02
1.040000000000000000e+02	3.507606000000000002e+00	3.067153737208041728e-02	6.474392591072683500e-02
1.050000000000000000e+02	3.517844999999999889e+00	3.079567717244418787e-02	6.237363745838708090e-02
1.060000000000000000e+02	3.527553000000000161e+00	3.091517828996764514e-02	5.999397417748127126e-02
1.070000000000000000e+02	3.536728000000000094e+00	3.103002276349707891e-02	5.760529373410373799e-02
1.080000000000000000e+02	3.545371999999999968e+00	3.114019333177764706e-02	5.520795514963871414e-02
1.090000000000000000e+02	3.553484000000000087e+00	3.124567343604778627e-02	5.280231874679873483e-02
1.100000000000000000e+02	3.561058000000000057e+00	3.134644722252800247e-02	5.038874609546797195e-02
1.110000000000000000e+02	3.568096000000000156e+00	3.144249954480370091e-02	4.796759995835776780e-02
1.120000000000000000e+02	3.574596999999999802e+00	3.153381596610174004e-02	4.553924423648286757e-02
1.130000000000000000e+02	3.580560000000000187e+00	3.162038276146025145e-02	4.310404391446693434e-02
1.140000000000000000e+02	3.585983999999999838e+00	3.170218691979156955e-02	4.066236500568466694e-02
1.150000000000000000e+02	3.590867999999999949e+00	3.177921614583775062e-02	3.821457449724986744e-02
1.160000000000000000e+02	3.595209000000000099e+00	3.185145886201862925e-02	3.576104029485654978e-02
1.170000000000000000e+02	3.599010999999999960e+00	3.191890421017188478e-02	3.330213116748257512e-02
1.180000000000000000e+02	3.602271000000000001e+00	3.198154205318508303e-02	3.083821669196313772e-02
1.190000000000000000e+02	3.604988000000000081e+00	3.203936297651925613e-02	2.836966719744281329e-02
1.200000000000000000e+02	3.607162000000000202e+00	3.209235828962393733e-02	2.589685370971496828e-02
1.210000000000000000e+02	3.608792999999999918e+00	3.214052002724337997e-02	2.342014789545584022e-02
1.220000000000000000e+02	3.609881000000000117e+00	3.218384095061369715e-02	2.093992200636286480e-02
1.230000000000000000e+02	3.610424000000000078e+00	3.222231454855089411e-02	1.845654882320474366e-02
1.240000000000000000e+02	3.610424000000000078e+00	3.225593503842950210e-02	1.597040159979191271e-02
1.250000000000000000e+02	3.609881000000000117e+00	3.228469736705168874e-02	1.348185400687639673e-02
1.260000000000000000e+02	3.608792999999999918e+00	3.230859721140680318e-02	1.099128007598828942e-02
1.270000000000000000e+02	3.607162000000000202e+00	3.232763097932107171e-02	8.499054143218772589e-03
1.280000000000000000e+02	3.604988000000000081e+00	3.234179580999756859e-02	6.005550792956609353e-03
1.290000000000000000e+02	3.602271000000000001e+00	3.235108957444614297e-02	3.511144801587992061e-03
1.300000000000000000e+02	3.599010999999999960e+00	3.235551087580344765e-02	1.016211081167100539e-03
1.310000000000000000e+02	3.595209000000000099e+00	3.235505904954286138e-02	-1.478875376933745439e-03
1.320000000000000000e+02	3.590867999999999949e+00	3.234973416357438819e-02	-3.973739558385399120e-03
1.330000000000000000e+02	3.585983999999999838e+00	3.233953701823442939e-02	-6.468006482267326003e-03
1.340000000000000000e+02	3.580560000000000187e+00	3.232446914616552563e-02	-8.961301257427304809e-03
1.350000000000000000e+02	3.574596999999999802e+00	3.230453281208595789e-02	-1.145324913882835201e-02
1.360000000000000000e+02	3.568096000000000156e+00	3.227973101244938775e-02	-1.394347558387300408e-02
1.370000000000000000e+02	3.561058000000000057e+00	3.225006747499447463e-02	-1.643160630869764521e-02
1.380000000000000000e+02	3.553484000000000087e+00	3.221554665818459479e-02	-1.891726734442792171e-02
1.390000000000000000e+02	3.545371999999999968e+00	3.217617375053773154e-02	-2.140008509338638121e-02
1.400000000000000000e+02	3.536728000000000094e+00	3.213195466984663379e-02	-2.387968638524496853e-02
1.410000000000000000e+02	3.527553000000000161e+00	3.208289606228936081e-02	-2.635569853311266544e-02
1.420000000000000000e+02	3.517844999999999889e+00	3.202900530143035912e-02	-2.882774938955086699e-02
1.430000000000000000e+02	3.507606000000000002e+00	3.197029048711220317e-02	-3.129546740250770120e-02
1.440000000000000000e+02	3.496840999999999866e+00	3.190676044423818719e-02	-3.375848167116241721e-02
1.450000000000000000e+02	3.485548000000000091e+00	3.183842472144592789e-02	-3.621642200167256298e-02
1.460000000000000000e+02	3.473730999999999902e+00	3.176529358967217220e-02	-3.866891896281415830e-02
1.470000000000000000e+02	3.461390000000000189e+00	3.168737804060912933e-02	-4.111560394150801101e-02
1.480000000000000000e+02	3.448529999999999873e+00	3.160468978505231313e-02	-4.355610919822236471e-02
1.490000000000000000e+02	3.435149000000000008e+00	3.151724125114047786e-02	-4.599006792224468593e-02
1.500000000000000000e+02	3.421250000000000124e+00	3.142504558248761237e-02	-4.841711428681387541e-02
1.510000000000000000e+02	3.406836999999999893e+00	3.132811663620744397e-02	-5.083688350410415363e-02
1.520000000000000000e+02	3.391910999999999898e+00	3.122646898083070513e-02	-5.324901188005339014e-02
1.530000000000000000e+02	3.376472000000000140e+00	3.112011789411548573e-02	-5.565313686902643303e-02
1.540000000000000000e+02	3.360526999999999820e+00	3.100907936075091714e-02	-5.804889712830645088e-02
1.550000000000000000e+02	3.344075000000000131e+00	3.089337006995471202e-02	-6.043593257240487127e-02
1.560000000000000000e+02	3.327118000000000020e+00	3.077300741296471950e-02	-6.281388442718273402e-02
1.570000000000000000e+02	3.309661999999999882e+00	3.064800948042501610e-02	-6.518239528377502146e-02
1.580000000000000000e+02	3.291707999999999856e+00	3.051839505966686197e-02	-6.754110915230926437e-02
1.590000000000000000e+02	3.273257000000000083e+00	3.038418363188493537e-02	-6.988967151541165823e-02
1.600000000000000000e+02	3.254312999999999789e+00	3.024539536920929986e-02	-7.222772938149095434e-02
1.610000000000000000e+02	3.234878000000000142e+00	3.010205113167348928e-02	-7.455493133779397819e-02
1.620000000000000000e+02	3.214958999999999900e+00	2.995417246407925532e-02	-7.687092760322293550e-02
1.630000000000000000e+02	3.194551999999999836e+00	2.980178159275831754e-02	-7.917537008090815009e-02
1.640000000000000000e+02	3.173668000000000156e+00	2.964490142223175778e-02	-8.146791241052743493e-02
1.650000000000000000e+02	3.152302999999999855e+00	2.948355553176740945e-02	-8.374821002036436646e-02
1.660000000000000000e+02	3.130465000000000053e+00	2.931776817183590761e-02	-8.601592017909774623e-02
1.670000000000000000e+02	3.108153000000000166e+00	2.914756426046578169e-02	-8.827070204731458924e-02
1.680000000000000000e+02	3.085373999999999839e+00	2.897296937949825693e-02	-9.051221672873871471e-02
1.690000000000000000e+02	3.062130999999999936e+00	2.879400977074229526e-02	-9.274012732116707070e-02
1.700000000000000000e+02	3.038428000000000129e+00	2.861071233203037190e-02	-9.495409896710686748e-02
1.710000000000000000e+02	3.014266000000000112e+00	2.842310461317575782e-02	-9.715379890410458241e-02
1.720000000000000000e+02	2.989650000000000141e+00	2.823121481183172091e-02	-9.933889651476084104e-02
1.730000000000000000e+02	2.964583999999999886e+00	2.803507176925338490e-02	-1.015090633764225148e-01
1.740000000000000000e+02	2.939071999999999907e+00	2.783470496596287397e-02	-1.036639733105449018e-01
1.750000000000000000e+02	2.913116000000000039e+00	2.763014451731832591e-02	-1.058033024317171084e-01
1.760000000000000000e+02	2.886722999999999928e+00	2.742142116898755796e-02	-1.079267291963418585e-01
1.770000000000000000e+02	2.859894000000000158e+00	2.720856629232692656e-02	-1.100339344509642381e-01
1.780000000000000000e+02	2.832635999999999932e+00	2.699161187966622050e-02	-1.121246014802406571e-01
1.790000000000000000e+02	2.804949000000000137e+00	2.677059053950008732e-02	-1.141984160545417432e-01
1.800000000000000000e+02	2.776842999999999950e+00	2.654553549158705436e-02	-1.162550664771810766e-01
1.810000000000000000e+02	2.748315999999999981e+00	2.631648056195647414e-02	-1.182942436312637985e-01
1.820000000000000000e+02	2.719374000000000180e+00	2.608346017782448012e-02	-1.203156410261471271e-01
1.830000000000000000e+02	2.690026000000000028e+00	2.584650936241952510e-02	-1.223189548435062862e-01
1.840000000000000000e+02	2.660270999999999830e+00	2.560566372971832469e-02	-1.243038839829988945e-01
1.850000000000000000e+02	2.630114999999999981e+00	2.536095947909307660e-02	-1.262701301075203342e-01
1.860000000000000000e+02	2.599563999999999986e+00	2.511243338987063922e-02	-1.282173976880444655e-01
1.870000000000000000e+02	2.568620999999999821e+00	2.486012281580454383e-02	-1.301453940480418181e-01
1.880000000000000000e+02	2.537290000000000045e+00	2.460406567946070086e-02	-1.320538294074692642e-01
1.890000000000000000e+02	2.505579000000000001e+00	2.434430046651756691e-02	-1.339424169263244146e-01
1.900000000000000000e+02	2.473489999999999966e+00	2.408086621998174748e-02	-1.358108727477577438e-01
1.910000000000000000e+02	2.441028000000000198e+00	2.381380253431976055e-02	-1.376589160407366563e-01
1.920000000000000000e+02	2.408199000000000201e+00	2.354314954950693928e-02	-1.394862690422549456e-01
1.930000000000000000e+02	2.375004999999999811e+00	2.326894794499437605e-02	-1.412926570990804542e-01
1.940000000000000000e+02	2.341457000000000122e+00	2.299123893359469872e-02	-1.430778087090363859e-01
1.950000000000000000e+02	2.307554000000000105e+00	2.271006425528780334e-02	-1.448414555618077748e-01
1.960000000000000000e+02	2.273303999999999991e+00	2.242546617094725095e-02	-1.465833325792691433e-01
1.970000000000000000e+02	2.238712000000000035e+00	2.213748745598843881e-02	-1.483031779553259655e-01
1.980000000000000000e+02	2.203781999999999908e+00	2.184617139393934052e-02	-1.500007331952645795e-01
1.990000000000000000e+02	2.168521000000000143e+00	2.155156176993502579e-02	-1.516757431546039425e-01
2.000000000000000000e+02	2.132932999999999968e+00	2.125370286413666085e-02	-1.533279560774443717e-01
2.010000000000000000e+02	2.097024000000000221e+00	2.095263944507615161e-02	-1.549571236343066927e-01
2.020000000000000000e+02	2.060798999999999825e+00	2.064841676292739764e-02	-1.565630009594562722e-01
2.030000000000000000e+02	2.024264000000000063e+00	2.034108054270510058e-02	-1.581453466877070224e-01
2.040000000000000000e+02	1.987424000000000079e+00	2.003067697739230324e-02	-1.597039229906984104e-01
2.050000000000000000e+02	1.950285000000000046e+00	1.971725272099749196e-02	-1.612384956126415303e-01
2.060000000000000000e+02	1.912851999999999997e+00	1.940085488154244531e-02	-1.627488339055280508e-01
2.070000000000000000e+02	1.875131000000000103e+00	1.908153101398187695e-02	-1.642347108637967346e-01
2.080000000000000000e+02	1.837126999999999954e+00	1.875932911305580250e-02	-1.656959031584529507e-01
2.090000000000000000e+02	1.798847000000000085e+00	1.843429760607596599e-02	-1.671321911706348529e-01
2.100000000000000000e+02	1.760296000000000083e+00	1.810648534564709977e-02	-1.685433590246225855e-01
2.110000000000000000e+02	1.721479999999999899e+00	1.777594160232435008e-02	-1.699291946202845516e-01
2.120000000000000000e+02	1.682404999999999928e+00	1.744271605720781187e-02	-1.712894896649565235e-01
2.130000000000000000e+02	1.643075999999999981e+00	1.710685879447547061e-02	-1.726240397047479613e-01
2.140000000000000000e+02	1.603499000000000008e+00	1.676842029385544261e-02	-1.739326441552718483e-01
2.150000000000000000e+02	1.563682000000000016e+00	1.642745142303884270e-02	-1.752151063317926583e-01
2.160000000000000000e+02	1.523628999999999900e+00	1.608400343003429933e-02	-1.764712334787884307e-01
2.170000000000000000e+02	1.483346000000000053e+00	1.573812793546529656e-02	-1.777008367989220405e-01
2.180000000000000000e+02	1.442839999999999900e+00	1.538987692481158694e-02	-1.789037314814176105e-01
2.190000000000000000e+02	1.402117000000000058e+00	1.503930274059568813e-02	-1.800797367298379026e-01
2.200000000000000000e+02	1.361181999999999892e+00	1.468645807451573332e-02	-1.812286757892581368e-01
2.210000000000000000e+02	1.320043000000000077e+00	1.433139595952588261e-02	-1.823503759728324625e-01
2.220000000000000000e+02	1.278704999999999981e+00	1.397416976186533800e-02	-1.834446686877490851e-01
2.230000000000000000e+02	1.237173999999999996e+00	1.361483317303742793e-02	-1.845113894605698579e-01
2.240000000000000000e+02	1.195456999999999992e+00	1.325344020173965624e-02	-1.855503779619507854e-01
2.250000000000000000e+02	1.153559999999999919e+00	1.289004516574615219e-02	-1.865614780307398579e-01
2.260000000000000000e+02	1.111488999999999949e+00	1.252470268374365238e-02	-1.875445376974480549e-01
2.270000000000000000e+02	1.069250999999999951e+00	1.215746766712220463e-02	-1.884994092070908511e-01
2.280000000000000000e+02	1.026850999999999958e+00	1.178839531172199383e-02	-1.894259490413955638e-01
2.290000000000000000e+02	9.842971999999999833e-01	1.141754108953730099e-02	-1.903240179403725696e-01
2.300000000000000000e+02	9.415951999999999655e-01	1.104496074037902495e-02	-1.911934809232460342e-01
2.310000000000000000e+02	8.987511000000000250e-01	1.067071026349686313e-02	-1.920342073087420720e-01
2.320000000000000000e+02	8.557719000000000298e-01	1.029484590916265353e-02	-1.928460707347298408e-01
2.330000000000000000e+02	8.126636000000000415e-01	9.917424170215830351e-03	-1.936289491772140992e-01
2.340000000000000000e+02	7.694332999999999867e-01	9.538501773572507711e-03	-1.943827249686756742e-01
2.350000000000000000e+02	7.260866000000000264e-01	9.158135671699367542e-03	-1.951072848157567319e-01
2.360000000000000000e+02	6.826309000000000404e-01	8.776383034053588522e-03	-1.958025198162892111e-01
2.370000000000000000e+02	6.390721999999999792e-01	8.393301238490292332e-03	-1.964683254756627584e-01
2.380000000000000000e+02	5.954175000000000439e-01	8.008947862638528953e-03	-1.971046017225304148e-01
2.390000000000000000e+02	5.516731000000000273e-01	7.623380675247311972e-03	-1.977112529238494454e-01
2.400000000000000000e+02	5.078454999999999497e-01	7.236657627502923393e-03	-1.982881878992551472e-01
2.410000000000000000e+02	4.639414000000000038e-01	6.848836844318727420e-03	-1.988353199347653033e-01
2.420000000000000000e+02	4.199674999999999936e-01	6.459976615599011089e-03	-1.993525667958135072e-01
2.430000000000000000e+02	3.759302999999999950e-01	6.070135387477894329e-03	-1.998398507396088875e-01
2.440000000000000000e+02	3.318365999999999816e-01	5.679371753534822112e-03	-2.002970985268211768e-01
2.450000000000000000e+02	2.876928000000000263e-01	5.287744445987894656e-03	-2.007242414325884627e-01
2.460000000000000000e+02	2.435057999999999945e-01	4.895312326866294202e-03	-2.011212152568468692e-01
2.470000000000000000e+02	1.992819999999999869e-01	4.502134379163340999e-03	-2.014879603339795877e-01
2.480000000000000000e+02	1.550282000000000049e-01	4.108269697971221081e-03	-2.018244215417849263e-01
2.490000000000000000e+02	1.107511000000000051e-01	3.713777481598960067e-03	-2.021305483097611266e-01
2.500000000000000000e+02	6.645735999999999311e-02	3.318717022674792707e-03	-2.024062946267072005e-01
2.510000000000000000e+02	2.215355999999999922e-02	2.923147699234494162e-03	-2.026516190476384816e-01
2.520000000000000000e+02	-2.215355999999999922e-02	2.527128965796743374e-03	-2.028664847000157812e-01
2.530000000000000000e+02	-6.645735999999999311e-02	2.130720344427049825e-03	-2.030508592892875386e-01
2.540000000000000000e+02	-1.107511000000000051e-01	1.733981415791538677e-03	-2.032047151037434385e-01
2.550000000000000000e+02	-1.550282000000000049e-01	1.336971810201848052e-03	-2.033280290186798289e-01
2.560000000000000000e+02	-1.992819999999999869e-01	9.397511986527134825e-04	-2.034207824998752467e-01
2.570000000000000000e+02	-2.435057999999999945e-01	5.423792838532905418e-04	-2.034829616063760782e-01
2.580000000000000000e+02	-2.876928000000000263e-01	1.449157912537860885e-04	-2.035145569925919384e-01
2.590000000000000000e+02	-3.318365999999999816e-01	-2.525795399313314244e-04	-2.035155639097004365e-01
2.600000000000000000e+02	-3.759302999999999950e-01	-6.500469657022611486e-04	-2.034859822063607715e-01
2.610000000000000000e+02	-4.199674999999999936e-01	-1.047426746253375023e-03	-2.034258163287365750e-01
2.620000000000000000e+02	-4.639414000000000038e-01	-1.444659154952234468e-03	-2.033350753198275851e-01
2.630000000000000000e+02	-5.078454999999999497e-01	-1.841684487316558316e-03	-2.032137728181105107e-01
2.640000000000000000e+02	-5.516731000000000273e-01	-2.238443069987859375e-03	-2.030619270554891997e-01
2.650000000000000000e+02	-5.954175000000000439e-01	-2.634875269700475992e-03	-2.028795608545542195e-01
2.660000000000000000e+02	-6.390721999999999792e-01	-3.030921502244431163e-03	-2.026667016251527675e-01
2.670000000000000000e+02	-6.826309000000000404e-01	-3.426522241421067587e-03	-2.024233813602688281e-01
2.680000000000000000e+02	-7.260866000000000264e-01	-3.821618027989873590e-03	-2.021496366312146298e-01
2.690000000000000000e+02	-7.694332999999999867e-01	-4.216149478605328745e-03	-2.018455085821339035e-01
2.700000000000000000e+02	-8.126636000000000415e-01	-4.610057294742205339e-03	-2.015110429238179124e-01
2.710000000000000000e+02	-8.557719000000000298e-01	-5.003282271608262312e-03	-2.011462899268350590e-01
2.720000000000000000e+02	-8.987511000000000250e-01	-5.395765307042774302e-03	-2.007513044139751512e-01
2.730000000000000000e+02	-9.415951999999999655e-01	-5.787447410399643340e-03	-2.003261457520095212e-01
2.740000000000000000e+02	-9.842971999999999833e-01	-6.178269711413814265e-03	-1.998708778427679411e-01
2.750000000000000000e+02	-1.026850999999999958e+00	-6.568173469049458195e-03	-1.993855691135344166e-01
2.760000000000000000e+02	-1.069250999999999951e+00	-6.957100080328875412e-03	-1.988702925067622473e-01
2.770000000000000000e+02	-1.111488999999999949e+00	-7.344991089140571160e-03	-1.983251254691107690e-01
2.780000000000000000e+02	-1.153559999999999919e+00	-7.731788195025264890e-03	-1.977501499398050810e-01
2.790000000000000000e+02	-1.195456999999999992e+00	-8.117433261938570080e-03	-1.971454523383203705e-01
2.800000000000000000e+02	-1.237173999999999996e+00	-8.501868326988825872e-03	-1.965111235513930799e-01
2.810000000000000000e+02	-1.278704999999999981e+00	-8.885035609149041433e-03	-1.958472589193605007e-01
2.820000000000000000e+02	-1.320043000000000077e+00	-9.266877517941429082e-03	-1.951539582218309310e-01
2.830000000000000000e+02	-1.361181999999999892e+00	-9.647336662093313614e-03	-1.944313256626868658e-01
2.840000000000000000e+02	-1.402117000000000058e+00	-1.002635585816315927e-02	-1.936794698544227755e-01
2.850000000000000000e+02	-1.442839999999999900e+00	-1.040387813913521559e-02	-1.928985038018208031e-01
2.860000000000000000e+02	-1.483346000000000053e+00	-1.077984676298179324e-02	-1.920885448849657673e-01
2.870000000000000000e+02	-1.523628999999999900e+00	-1.115420522119161401e-02	-1.912497148416030801e-01
2.880000000000000000e+02	-1.563682000000000016e+00	-1.152689724726316603e-02	-1.903821397488410505e-01
2.890000000000000000e+02	-1.603499000000000008e+00	-1.189786682516154499e-02	-1.894859500042017364e-01
2.900000000000000000e+02	-1.643075999999999981e+00	-1.226705819773777142e-02	-1.885612803060218168e-01
2.910000000000000000e+02	-1.682404999999999928e+00	-1.263441587510914614e-02	-1.876082696332073696e-01
2.920000000000000000e+02	-1.721479999999999899e+00	-1.299988464299942949e-02	-1.866270612243451366e-01
2.930000000000000000e+02	-1.760296000000000083e+00	-1.336340957103766998e-02	-1.856178025561735501e-01
2.940000000000000000e+02	-1.798847000000000085e+00	-1.372493602101420261e-02	-1.845806453214169918e-01
2.950000000000000000e+02	-1.837126999999999954e+00	-1.408440965509290439e-02	-1.835157454059860582e-01
2.960000000000000000e+02	-1.875131000000000103e+00	-1.444177644397821696e-02	-1.824232628655477473e-01
2.970000000000000000e+02	-1.912851999999999997e+00	-1.479698267503578614e-02	-1.813033619014690068e-01
2.980000000000000000e+02	-1.950285000000000046e+00	-1.514997496036559962e-02	-1.801562108361368375e-01
2.990000000000000000e+02	-1.987424000000000079e+00	-1.550070024482616549e-02	-1.789819820876595302e-01
3.000000000000000000e+02	-2.024264000000000063e+00	-1.584910581400880356e-02	-1.777808521439519507e-01
3.010000000000000000e+02	-2.060798999999999825e+00	-1.619513930216067571e-02	-1.765530015362090643e-01
3.020000000000000000e+02	-2.097024000000000221e+00	-1.653874870005541883e-02	-1.752986148117721410e-01
3.030000000000000000e+02	-2.132932999999999968e+00	-1.687988236281020779e-02	-1.740178805063906931e-01
3.040000000000000000e+02	-2.168521000000000143e+00	-1.721848901764798725e-02	-1.727109911158858369e-01
3.050000000000000000e+02	-2.203781999999999908e+00	-1.755451777160389054e-02	-1.713781430672175476e-01
3.060000000000000000e+02	-2.238712000000000035e+00	-1.788791811917445421e-02	-1.700195366889616921e-01
3.070000000000000000e+02	-2.273303999999999991e+00	-1.821863994990872287e-02	-1.686353761812001972e-01
3.080000000000000000e+02	-2.307554000000000105e+00	-1.854663355593982876e-02	-1.672258695848297949e-01
3.090000000000000000e+02	-2.341457000000000122e+00	-1.887184963945618202e-02	-1.657912287502932014e-01
3.100000000000000000e+02	-2.375004999999999811e+00	-1.919423932011098816e-02	-1.643316693057375322e-01
3.110000000000000000e+02	-2.408199000000000201e+00	-1.951375414236899974e-02	-1.628474106246053932e-01
3.120000000000000000e+02	-2.441028000000000198e+00	-1.983034608278949271e-02	-1.613386757926625892e-01
3.130000000000000000e+02	-2.473489999999999966e+00	-2.014396755724415927e-02	-1.598056915744683337e-01
3.140000000000000000e+02	-2.505579000000000001e+00	-2.045457142806911613e-02	-1.582486883792920407e-01
3.150000000000000000e+02	-2.537290000000000045e+00	-2.076211101114973021e-02	-1.566679002264827480e-01
3.160000000000000000e+02	-2.568620999999999821e+00	-2.106654008293730104e-02	-1.550635647102956149e-01
3.170000000000000000e+02	-2.599563999999999986e+00	-2.136781288739652077e-02	-1.534359229641811262e-01
3.180000000000000000e+02	-2.630114999999999981e+00	-2.166588414288263265e-02	-1.517852196245427776e-01
3.190000000000000000e+02	-2.660270999999999830e+00	-2.196070904894732029e-02	-1.501117027939677107e-01
3.200000000000000000e+02	-2.690026000000000028e+00	-2.225224329307227966e-02	-1.484156240039367358e-01
3.210000000000000000e+02	-2.719374000000000180e+00	-2.254044305732945744e-02	-1.466972381770185463e-01
3.220000000000000000e+02	-2.748315999999999981e+00	-2.282526502496688009e-02	-1.449568035885551720e-01
3.230000000000000000e+02	-2.776842999999999950e+00	-2.310666638691925845e-02	-1.431945818278422822e-01
3.240000000000000000e+02	-2.804949000000000137e+00	-2.338460484824221586e-02	-1.414108377588124410e-01
3.250000000000000000e+02	-2.832635999999999932e+00	-2.365903863446927255e-02	-1.396058394802256186e-01
3.260000000000000000e+02	-2.859894000000000158e+00	-2.392992649789062523e-02	-1.377798582853733966e-01
3.270000000000000000e+02	-2.886722999999999928e+00	-2.419722772375265674e-02	-1.359331686213037516e-01
3.280000000000000000e+02	-2.913116000000000039e+00	-2.446090213637746452e-02	-1.340660480475710792e-01
3.290000000000000000e+02	-2.939071999999999907e+00	-2.472091010520132554e-02	-1.321787771945184264e-01
3.300000000000000000e+02	-2.964583999999999886e+00	-2.497721255073111907e-02	-1.302716397210992305e-01
3.310000000000000000e+02	-2.989650000000000141e+00	-2.522977095041816289e-02	-1.283449222722420069e-01
3.320000000000000000e+02	-3.014266000000000112e+00	-2.547854734444804717e-02	-1.263989144357682559e-01
3.330000000000000000e+02	-3.038428000000000129e+00	-2.572350434144614340e-02	-1.244339086988663634e-01
3.340000000000000000e+02	-3.062130999999999936e+00	-2.596460512409756727e-02	-1.224502004041306408e-01
3.350000000000000000e+02	-3.085373999999999839e+00	-2.620181345468075226e-02	-1.204480877051716248e-01
3.360000000000000000e+02	-3.108153000000000166e+00	-2.643509368051418298e-02	-1.184278715218020223e-01
3.370000000000000000e+02	-3.130465000000000053e+00	-2.666441073931487618e-02	-1.163898554948094161e-01
3.380000000000000000e+02	-3.152302999999999855e+00	-2.688973016446841169e-02	-1.143343459403177720e-01
3.390000000000000000e+02	-3.173668000000000156e+00	-2.711101809020924000e-02	-1.122616518037479333e-01
3.400000000000000000e+02	-3.194551999999999836e+00	-2.732824125671070442e-02	-1.101720846133835557e-01
3.410000000000000000e+02	-3.214958999999999900e+00	-2.754136701508415330e-02	-1.080659584335467577e-01
3.420000000000000000e+02	-3.234878000000000142e+00	-2.775036333228595928e-02	-1.059435898173952395e-01
3.430000000000000000e+02	-3.254312999999999789e+00	-2.795519879593224774e-02	-1.038052977593428294e-01
3.440000000000000000e+02	-3.273257000000000083e+00	-2.815584261902015148e-02	-1.016514036471148213e-01
3.450000000000000000e+02	-3.291707999999999856e+00	-2.835226464455510229e-02	-9.948223121344337838e-02
3.460000000000000000e+02	-3.309661999999999882e+00	-2.854443535008355584e-02	-9.729810648740915002e-02
3.470000000000000000e+02	-3.327118000000000020e+00	-2.873232585213013682e-02	-9.509935774543991360e-02
3.480000000000000000e+02	-3.344075000000000131e+00	-2.891590791053896825e-02	-9.288631546196919608e-02
3.490000000000000000e+02	-3.360526999999999820e+00	-2.909515393271812356e-02	-9.065931225976607555e-02
3.500000000000000000e+02	-3.376472000000000140e+00	-2.927003697778682648e-02	-8.841868285994199106e-02
3.510000000000000000e+02	-3.391910999999999898e+00	-2.944053076062475016e-02	-8.616476403164093079e-02
3.520000000000000000e+02	-3.406836999999999893e+00	-2.960660965582266602e-02	-8.389789454142307368e-02
3.530000000000000000e+02	-3.421250000000000124e+00	-2.976824870153393574e-02	-8.161841510234826846e-02
3.540000000000000000e+02	-3.435149000000000008e+00	-2.992542360322639206e-02	-7.932666832276534519e-02
3.550000000000000000e+02	-3.448529999999999873e+00	-3.007811073733373392e-02	-7.702299865481904151e-02
3.560000000000000000e+02	-3.461390000000000189e+00	-3.022628715480627642e-02	-7.470775234267722220e-02
3.570000000000000000e+02	-3.473730999999999902e+00	-3.036993058456014666e-02	-7.238127737049054877e-02
3.580000000000000000e+02	-3.485548000000000091e+00	-3.050901943682465464e-02	-7.004392341009052503e-02
3.590000000000000000e+02	-3.496840999999999866e+00	-3.064353280638732260e-02	-6.769604176843228849e-02
3.600000000000000000e+02	-3.507606000000000002e+00	-3.077345047573587858e-02	-6.533798533479412418e-02
3.610000000000000000e+02	-3.517844999999999889e+00	-3.089875291809704438e-02	-6.297010852773654577e-02
3.620000000000000000e+02	-3.527553000000000161e+00	-3.101942130037139977e-02	-6.059276724183339236e-02
3.630000000000000000e+02	-3.536728000000000094e+00	-3.113543748596398625e-02	-5.820631879418091542e-02
3.640000000000000000e+02	-3.545371999999999968e+00	-3.124678403751034519e-02	-5.581112187069145469e-02
3.650000000000000000e+02	-3.553484000000000087e+00	-3.135344421949725485e-02	-5.340753647218388772e-02
3.660000000000000000e+02	-3.561058000000000057e+00	-3.145540200077822507e-02	-5.099592386027389235e-02
3.670000000000000000e+02	-3.568096000000000156e+00	-3.155264205698290331e-02	-4.857664650307642884e-02
3.680000000000000000e+02	-3.574596999999999802e+00	-3.164514977282036762e-02	-4.615006802072694342e-02
3.690000000000000000e+02	-3.580560000000000187e+00	-3.173291124427585208e-02	-4.371655313072753818e-02
3.700000000000000000e+02	-3.585983999999999838e+00	-3.181591328070047797e-02	-4.127646759313101377e-02
3.710000000000000000e+02	-3.590867999999999949e+00	-3.189414340679390392e-02	-3.883017815556540075e-02
3.720000000000000000e+02	-3.595209000000000099e+00	-3.196758986447929829e-02	-3.637805249811196240e-02
3.730000000000000000e+02	-3.599010999999999960e+00	-3.203624161467063386e-02	-3.392045917804298316e-02
3.740000000000000000e+02	-3.602271000000000001e+00	-3.210008833893188140e-02	-3.145776757442590721e-02
3.750000000000000000e+02	-3.604988000000000081e+00	-3.215912044102783862e-02	-2.899034783260672626e-02
3.760000000000000000e+02	-3.607162000000000202e+00	-3.221332904836651106e-02	-2.651857080857543750e-02
3.770000000000000000e+02	-3.608792999999999918e+00	-3.226270601333263571e-02	-2.404280801322649166e-02
3.780000000000000000e+02	-3.609881000000000117e+00	-3.230724391451227778e-02	-2.156343155652084426e-02
3.790000000000000000e+02	-3.610424000000000078e+00	-3.234693605780830650e-02	-1.908081409155613570e-02
3.800000000000000000e+02	-3.610424000000000078e+00	-3.238177647744647919e-02	-1.659532875855794856e-02
3.810000000000000000e+02	-3.607685000000000031e+00	-3.241175993687216150e-02	-1.410734912879514809e-02
3.820000000000000000e+02	-3.606599000000000110e+00	-3.243688192953733673e-02	-1.161724914843224182e-02
3.830000000000000000e+02	-3.604967999999999950e+00	-3.245713867957795984e-02	-9.125403082325378099e-03
3.840000000000000000e+02	-3.602794999999999970e+00	-3.247252714238149651e-02	-6.632185457768651621e-03
3.850000000000000000e+02	-3.600080000000000169e+00	-3.248304500504450160e-02	-4.137971008203679760e-03
3.860000000000000000e+02	-3.596821999999999964e+00	-3.248869068672027155e-02	-1.643134616895462318e-03
3.870000000000000000e+02	-3.593024999999999913e+00	-3.248946333885643911e-02	8.519487394124467938e-04
3.880000000000000000e+02	-3.588683000000000067e+00	-3.248536284532250323e-02	3.346904046856832588e-03
3.890000000000000000e+02	-3.583804000000000212e+00	-3.247638982242730815e-02	5.841356310820911349e-03
3.900000000000000000e+02	-3.578383000000000091e+00	-3.246254561882638834e-02	8.334930612295907496e-03
3.910000000000000000e+02	-3.572423999999999822e+00	-3.244383231531926259e-02	1.082725216423125955e-02
3.920000000000000000e+02	-3.565925000000000011e+00	-3.242025272453671197e-02	1.331794636786681058e-02
3.930000000000000000e+02	-3.558892000000000166e+00	-3.239181039051802075e-02	1.580663886903398152e-02
3.940000000000000000e+02	-3.551321999999999868e+00	-3.235850958817830525e-02	1.829295561442288026e-02
3.950000000000000000e+02	-3.543217999999999979e+00	-3.232035532266597233e-02	2.077652290780241870e-02
3.960000000000000000e+02	-3.534578000000000220e+00	-3.227735332861048079e-02	2.325696746618672109e-02
3.970000000000000000e+02	-3.525406999999999957e+00	-3.222951006926038503e-02	2.573391647594125073e-02
3.980000000000000000e+02	-3.515706000000000220e+00	-3.217683273551191769e-02	2.820699764881568275e-02
3.990000000000000000e+02	-3.505475000000000119e+00	-3.211932924482818752e-02	3.067583927790051151e-02
4.000000000000000000e+02	-3.494714000000000098e+00	-3.205700824004915211e-02	3.314007029349446548e-02
4.010000000000000000e+02	-3.483429999999999804e+00	-3.198987908809263619e-02	3.559932031887620002e-02
4.020000000000000000e+02	-3.471620000000000150e+00	-3.191795187854643695e-02	3.805321972597355135e-02
4.030000000000000000e+02	-3.459286000000000083e+00	-3.184123742215186348e-02	4.050139969091767073e-02
4.040000000000000000e+02	-3.446432999999999858e+00	-3.175974724917884906e-02	4.294349224947888871e-02
4.050000000000000000e+02	-3.433059999999999778e+00	-3.167349360769296240e-02	4.537913035237162163e-02
4.060000000000000000e+02	-3.419169999999999821e+00	-3.158248946171451216e-02	4.780794792042177693e-02
4.070000000000000000e+02	-3.404764000000000124e+00	-3.148674848927001529e-02	5.022957989959010716e-02
4.080000000000000000e+02	-3.389848000000000194e+00	-3.138628508033639020e-02	5.264366231583884198e-02
4.090000000000000000e+02	-3.374417999999999918e+00	-3.128111433467813118e-02	5.504983232983859387e-02
4.100000000000000000e+02	-3.358483999999999803e+00	-3.117125205957776979e-02	5.744772829150304044e-02
4.110000000000000000e+02	-3.342042000000000179e+00	-3.105671476746007381e-02	5.983698979434481924e-02
4.120000000000000000e+02	-3.325095999999999830e+00	-3.093751967341014722e-02	6.221725772964618872e-02
4.130000000000000000e+02	-3.307650000000000201e+00	-3.081368469258604151e-02	6.458817434043218064e-02
4.140000000000000000e+02	-3.289705000000000101e+00	-3.068522843752604853e-02	6.694938327524298238e-02
4.150000000000000000e+02	-3.271265000000000089e+00	-3.055217021535121952e-02	6.930052964169357288e-02
4.160000000000000000e+02	-3.252333999999999836e+00	-3.041453002486351961e-02	7.164126005981383272e-02
4.170000000000000000e+02	-3.232911000000000090e+00	-3.027232855353990948e-02	7.397122271516320957e-02
4.180000000000000000e+02	-3.213003000000000053e+00	-3.012558717442310671e-02	7.629006741170743511e-02
4.190000000000000000e+02	-3.192610999999999866e+00	-2.997432794290906186e-02	7.859744562445460103e-02
4.200000000000000000e+02	-3.171736999999999806e+00	-2.981857359343209959e-02	8.089301055183831246e-02
4.210000000000000000e+02	-3.150386000000000131e+00	-2.965834753604790555e-02	8.317641716784192341e-02
4.220000000000000000e+02	-3.128559000000000090e+00	-2.949367385291490340e-02	8.544732227385724854e-02
4.230000000000000000e+02	-3.106263000000000218e+00	-2.932457729467473004e-02	8.770538455026731517e-02
4.240000000000000000e+02	-3.083498000000000072e+00	-2.915108327673220090e-02	8.995026460774649402e-02
4.250000000000000000e+02	-3.060268999999999906e+00	-2.897321787543527885e-02	9.218162503827229126e-02
4.260000000000000000e+02	-3.036579999999999835e+00	-2.879100782415585855e-02	9.439913046583686684e-02
4.270000000000000000e+02	-3.012433000000000138e+00	-2.860448050927162297e-02	9.660244759685554516e-02
4.280000000000000000e+02	-2.987832000000000043e+00	-2.841366396604988118e-02	9.879124527026074409e-02
4.290000000000000000e+02	-2.962781999999999805e+00	-2.821858687443387290e-02	1.009651945072753687e-01
4.300000000000000000e+02	-2.937285999999999841e+00	-2.801927855473204318e-02	1.031239685608598133e-01
4.310000000000000000e+02	-2.911345999999999989e+00	-2.781576896321129311e-02	1.052672429648211505e-01
4.320000000000000000e+02	-2.884967000000000059e+00	-2.760808868759439053e-02	1.073946955825818839e-01
4.330000000000000000e+02	-2.858155000000000001e+00	-2.739626894246267180e-02	1.095060066555969408e-01
4.340000000000000000e+02	-2.830913999999999930e+00	-2.718034156456448913e-02	1.116008588514133121e-01
4.350000000000000000e+02	-2.803244999999999987e+00	-2.696033900803000011e-02	1.136789373113665097e-01
4.360000000000000000e+02	-2.775151999999999841e+00	-2.673629433949340634e-02	1.157399296979030323e-01
4.370000000000000000e+02	-2.746643000000000168e+00	-2.650824123312288394e-02	1.177835262415260487e-01
4.380000000000000000e+02	-2.717721000000000053e+00	-2.627621396555937516e-02	1.198094197873536965e-01
4.390000000000000000e+02	-2.688388000000000222e+00	-2.604024741076480659e-02	1.218173058412843207e-01
4.400000000000000000e+02	-2.658653999999999851e+00	-2.580037703478038277e-02	1.238068826157633640e-01
4.410000000000000000e+02	-2.628515999999999853e+00	-2.555663889039614875e-02	1.257778510751412226e-01
4.420000000000000000e+02	-2.597983000000000153e+00	-2.530906961173207126e-02	1.277299149806195300e-01
4.430000000000000000e+02	-2.567058999999999980e+00	-2.505770640873194663e-02	1.296627809347759563e-01
4.440000000000000000e+02	-2.535747999999999891e+00	-2.480258706157077372e-02	1.315761584256615324e-01
4.450000000000000000e+02	-2.504055000000000142e+00	-2.454374991497620950e-02	1.334697598704661092e-01
4.460000000000000000e+02	-2.471985000000000099e+00	-2.428123387246545681e-02	1.353433006587411169e-01
4.470000000000000000e+02	-2.439544000000000157e+00	-2.401507839049790705e-02	1.371964991951779012e-01
4.480000000000000000e+02	-2.406733000000000011e+00	-2.374532347254483186e-02	1.390290769419313122e-01
4.490000000000000000e+02	-2.373562000000000172e+00	-2.347200966307688014e-02	1.408407584604839946e-01
4.500000000000000000e+02	-2.340031999999999890e+00	-2.319517804147005341e-02	1.426312714530458547e-01
4.510000000000000000e+02	-2.306150000000000144e+00	-2.291487021583159950e-02	1.444003468034799065e-01
4.520000000000000000e+02	-2.271920999999999857e+00	-2.263112831674612274e-02	1.461477186177514154e-01
4.530000000000000000e+02	-2.237350000000000172e+00	-2.234399499094336453e-02	1.478731242638917920e-01
4.540000000000000000e+02	-2.202442000000000011e+00	-2.205351339488841392e-02	1.495763044114721552e-01
4.550000000000000000e+02	-2.167202000000000073e+00	-2.175972718829510127e-02	1.512570030705817636e-01
4.560000000000000000e+02	-2.131635999999999864e+00	-2.146268052756405628e-02	1.529149676303026562e-01
4.570000000000000000e+02	-2.095749000000000084e+00	-2.116241805914581900e-02	1.545499488966781687e-01
4.580000000000000000e+02	-2.059546000000000099e+00	-2.085898491283045761e-02	1.561617011301667246e-01
4.590000000000000000e+02	-2.023032999999999859e+00	-2.055242669496461227e-02	1.577499820825765120e-01
4.600000000000000000e+02	-1.986215999999999982e+00	-2.024278948159664859e-02	1.593145530334761917e-01
4.610000000000000000e+02	-1.949098999999999915e+00	-1.993011981155146106e-02	1.608551788260746129e-01
4.620000000000000000e+02	-1.911688999999999972e+00	-1.961446467943570027e-02	1.623716279025648190e-01
4.630000000000000000e+02	-1.873990000000000045e+00	-1.929587152857424950e-02	1.638636723389280958e-01
4.640000000000000000e+02	-1.836009999999999920e+00	-1.897438824387965781e-02	1.653310878791905136e-01
4.650000000000000000e+02	-1.797752999999999934e+00	-1.865006314465479306e-02	1.667736539691295206e-01
4.660000000000000000e+02	-1.759225999999999956e+00	-1.832294497733046729e-02	1.681911537894231201e-01
4.670000000000000000e+02	-1.720433000000000101e+00	-1.799308290813889447e-02	1.695833742882378870e-01
4.680000000000000000e+02	-1.681381000000000014e+00	-1.766052651572374427e-02	1.709501062132514626e-01
4.690000000000000000e+02	-1.642076000000000091e+00	-1.732532578368861653e-02	1.722911441431027313e-01
4.700000000000000000e+02	-1.602524000000000060e+00	-1.698753109308431472e-02	1.736062865182675385e-01
4.710000000000000000e+02	-1.562731000000000092e+00	-1.664719321483653508e-02	1.748953356713529583e-01
4.720000000000000000e+02	-1.522702000000000000e+00	-1.630436330211504706e-02	1.761580978568067779e-01
4.730000000000000000e+02	-1.482444000000000095e+00	-1.595909288264514558e-02	1.773943832800382037e-01
4.740000000000000000e+02	-1.441963000000000106e+00	-1.561143385096313944e-02	1.786040061259435152e-01
4.750000000000000000e+02	-1.401264000000000065e+00	-1.526143846061641524e-02	1.797867845868349745e-01
4.760000000000000000e+02	-1.360354000000000063e+00	-1.490915931630970581e-02	1.809425408897663290e-01
4.770000000000000000e+02	-1.319239999999999968e+00	-1.455464936599863875e-02	1.820711013232521602e-01
4.780000000000000000e+02	-1.277927000000000035e+00	-1.419796189293141483e-02	1.831722962633774709e-01
4.790000000000000000e+02	-1.236421999999999910e+00	-1.383915050764048318e-02	1.842459601992915974e-01
4.800000000000000000e+02	-1.194730000000000070e+00	-1.347826913988463444e-02	1.852919317580853931e-01
4.810000000000000000e+02	-1.152857999999999938e+00	-1.311537203054337526e-02	1.863100537290454661e-01
4.820000000000000000e+02	-1.110813000000000050e+00	-1.275051372346454152e-02	1.873001730872827786e-01
4.830000000000000000e+02	-1.068599999999999994e+00	-1.238374905726611318e-02	1.882621410167332476e-01
4.840000000000000000e+02	-1.026227000000000000e+00	-1.201513315709411105e-02	1.891958129325240490e-01
4.850000000000000000e+02	-9.836987999999999843e-01	-1.164472142633705444e-02	1.901010485027057328e-01
4.860000000000000000e+02	-9.410224000000000366e-01	-1.127256953829883224e-02	1.909777116693438248e-01
4.870000000000000000e+02	-8.982046999999999670e-01	-1.089873342783103521e-02	1.918256706689683566e-01
4.880000000000000000e+02	-8.552515000000000533e-01	-1.052326928292568464e-02	1.926447980523784687e-01
4.890000000000000000e+02	-8.121696000000000470e-01	-1.014623353627034340e-02	1.934349707037978927e-01
4.900000000000000000e+02	-7.689652000000000154e-01	-9.767682856766015526e-03	1.941960698593794832e-01
4.910000000000000000e+02	-7.256451000000000429e-01	-9.387674141009832648e-03	1.949279811250556327e-01
4.920000000000000000e+02	-6.822158000000000388e-01	-9.006264504743516017e-03	1.956305944937315189e-01
4.930000000000000000e+02	-6.386838999999999711e-01	-8.623511274268623808e-03	1.963038043618198225e-01
4.940000000000000000e+02	-5.950554000000000121e-01	-8.239471977830554322e-03	1.969475095451124758e-01
4.950000000000000000e+02	-5.513375000000000359e-01	-7.854204336971802938e-03	1.975616132939892466e-01
4.960000000000000000e+02	-5.075366000000000044e-01	-7.467766257856421792e-03	1.981460233079590516e-01
4.970000000000000000e+02	-4.636592999999999964e-01	-7.080215822566750770e-03	1.987006517495329139e-01
4.980000000000000000e+02	-4.197119999999999740e-01	-6.691611280373443299e-03	1.992254152574259862e-01
4.990000000000000000e+02	-3.757017999999999747e-01	-6.302011038980611865e-03	1.997202349590869452e-01
5.000000000000000000e+02	-3.318365999999999816e-01	-5.911473655747179201e-03	2.001850364825524531e-01
5.010000000000000000e+02	-2.876928000000000263e-01	-5.520057828885438674e-03	2.006197499676256046e-01
5.020000000000000000e+02	-2.435057999999999945e-01	-5.127822388638867378e-03	2.010243100763756952e-01
5.030000000000000000e+02	-1.992819999999999869e-01	-4.734826288439685470e-03	2.013986560029588091e-01
5.040000000000000000e+02	-1.550282000000000049e-01	-4.341128596048165339e-03	2.017427314827569540e-01
5.050000000000000000e+02	-1.107511000000000051e-01	-3.946788484674768754e-03	2.020564848008346570e-01
5.060000000000000000e+02	-6.645735999999999311e-02	-3.551865224086145443e-03	2.023398687997117473e-01
5.070000000000000000e+02	-2.215355999999999922e-02	-3.156418171697050919e-03	2.025928408864512698e-01
5.080000000000000000e+02	2.215355999999999922e-02	-2.760506763648655406e-03	2.028153630390612527e-01
5.090000000000000000e+02	6.645735999999999311e-02	-2.364190505875312948e-03	2.030074018122093593e-01
5.100000000000000000e+02	1.107511000000000051e-01	-1.967528965160838042e-03	2.031689283422498105e-01
5.110000000000000000e+02	1.550282000000000049e-01	-1.570581760185347326e-03	2.032999183515616926e-01
