0.000000000000000000e+00	-1.289349000000000467e-01	-9.450900867141883398e-04	2.230791356255442948e-01
1.000000000000000000e+00	-8.918662000000004975e-02	-5.093453533383387544e-04	2.231178803026711843e-01
2.000000000000000000e+00	-4.942528000000005750e-02	-7.355770821949346775e-05	2.231230766997706338e-01
3.000000000000000000e+00	-9.667326000000055902e-03	3.622073230738403820e-04	2.230947240355059258e-01
4.000000000000000000e+00	3.015885999999994710e-02	7.978842183733985804e-04	2.230328265730187332e-01
5.000000000000000000e+00	6.998015999999994408e-02	1.233407468763153460e-03	2.229373936192879102e-01
6.000000000000000000e+00	1.097905999999999466e-01	1.668711588429315279e-03	2.228084395237302784e-01
7.000000000000000000e+00	1.495840999999999421e-01	2.103731124506862463e-03	2.226459836760429079e-01
8.000000000000000000e+00	1.893547999999999343e-01	2.538400666921110469e-03	2.224500505032876441e-01
9.000000000000000000e+00	2.290964999999999530e-01	2.972654858222856418e-03	2.222206694662183235e-01
1.000000000000000000e+01	2.688033999999999701e-01	3.406428403415602546e-03	2.219578750548509560e-01
1.100000000000000000e+01	3.084694999999999521e-01	3.839656079773394372e-03	2.216617067832778176e-01
1.200000000000000000e+01	3.480887999999999205e-01	4.272272746647786702e-03	2.213322091837259531e-01
1.300000000000000000e+01	3.876553999999999278e-01	4.704213355262481383e-03	2.209694317998613655e-01
1.400000000000000000e+01	4.271631999999999652e-01	5.135412958494130209e-03	2.205734291793395030e-01
1.500000000000000000e+01	4.666061999999999710e-01	5.565806720637867487e-03	2.201442608656034028e-01
1.600000000000000000e+01	5.059786999999998924e-01	5.995329927156092982e-03	2.196819913889308251e-01
1.700000000000000000e+01	5.452747999999999484e-01	6.423917994409024217e-03	2.191866902567310982e-01
1.800000000000000000e+01	5.844880999999999549e-01	6.851506479365574408e-03	2.186584319430941725e-01
1.900000000000000000e+01	6.236133999999999844e-01	7.278031089293083254e-03	2.180972958775924397e-01
2.000000000000000000e+01	6.626440999999999582e-01	7.703427691424454687e-03	2.175033664333377581e-01
2.100000000000000000e+01	7.015749999999999487e-01	8.127632322601233139e-03	2.168767329142947953e-01
2.200000000000000000e+01	7.403995999999999356e-01	8.550581198891201926e-03	2.162174895418533804e-01
2.300000000000000000e+01	7.791124999999999856e-01	8.972210725178984131e-03	2.155257354406611425e-01
2.400000000000000000e+01	8.177075999999999789e-01	9.392457504728304180e-03	2.148015746237190438e-01
2.500000000000000000e+01	8.561792999999999765e-01	9.811258348714397420e-03	2.140451159767418066e-01
2.600000000000000000e+01	8.945216999999999752e-01	1.022855028572515305e-02	2.132564732417858711e-01
2.700000000000000000e+01	9.327290999999999777e-01	1.064427057122957834e-02	2.124357650001467424e-01
2.800000000000000000e+01	9.707956999999999281e-01	1.105835669701213733e-02	2.115831146545291974e-01
2.900000000000000000e+01	1.008715499999999876e+00	1.147074640057156938e-02	2.106986504104922386e-01
3.000000000000000000e+01	1.046483499999999900e+00	1.188137767448276330e-02	2.097825052571719029e-01
3.100000000000000000e+01	1.084093500000000043e+00	1.229018877572024548e-02	2.088348169472847848e-01
3.200000000000000000e+01	1.121539499999999911e+00	1.269711823494196895e-02	2.078557279764156052e-01
3.300000000000000000e+01	1.158816499999999916e+00	1.310210486573189399e-02	2.068453855615911552e-01
3.400000000000000000e+01	1.195918499999999884e+00	1.350508777380006638e-02	2.058039416191446702e-01
3.500000000000000000e+01	1.232839499999999866e+00	1.390600636613875847e-02	2.047315527418734626e-01
3.600000000000000000e+01	1.269575499999999968e+00	1.430480036013329591e-02	2.036283801754935618e-01
3.700000000000000000e+01	1.306119499999999878e+00	1.470140979262624624e-02	2.024945897943944140e-01
3.800000000000000000e+01	1.342466500000000007e+00	1.509577502893353490e-02	2.013303520766978882e-01
3.900000000000000000e+01	1.378610499999999961e+00	1.548783677181119790e-02	2.001358420786250591e-01
4.000000000000000000e+01	1.414547499999999847e+00	1.587753607037139039e-02	1.989112394081744006e-01
4.100000000000000000e+01	1.450270500000000018e+00	1.626481432894631013e-02	1.976567281981158331e-01
4.200000000000000000e+01	1.485775499999999916e+00	1.664961331589872098e-02	1.963724970783041479e-01
4.300000000000000000e+01	1.521055499999999894e+00	1.703187517237772508e-02	1.950587391473165566e-01
4.400000000000000000e+01	1.556106499999999837e+00	1.741154242101850338e-02	1.937156519434179991e-01
4.500000000000000000e+01	1.590922500000000017e+00	1.778855797458466642e-02	1.923434374148591253e-01
4.600000000000000000e+01	1.625498499999999957e+00	1.816286514455197482e-02	1.909423018895111124e-01
4.700000000000000000e+01	1.659829499999999847e+00	1.853440764963209045e-02	1.895124560438419536e-01
4.800000000000000000e+01	1.693910499999999875e+00	1.890312962423510920e-02	1.880541148712387423e-01
4.900000000000000000e+01	1.727735499999999869e+00	1.926897562686956042e-02	1.865674976496812798e-01
5.000000000000000000e+01	1.761300499999999936e+00	1.963189064847868648e-02	1.850528279087708949e-01
5.100000000000000000e+01	1.794600500000000043e+00	1.999182012071163556e-02	1.835103333961204675e-01
5.200000000000000000e+01	1.827628499999999878e+00	2.034870992412846427e-02	1.819402460431097934e-01
5.300000000000000000e+01	1.860380499999999993e+00	2.070250639633758327e-02	1.803428019300123419e-01
5.400000000000000000e+01	1.892854499999999884e+00	2.105315634006449735e-02	1.787182412504977336e-01
5.500000000000000000e+01	1.925041499999999850e+00	2.140060703115062232e-02	1.770668082755160466e-01
5.600000000000000000e+01	1.956938499999999914e+00	2.174480622648096093e-02	1.753887513165688361e-01
5.700000000000000000e+01	1.988539499999999904e+00	2.208570217183941642e-02	1.736843226883729163e-01
5.800000000000000000e+01	2.019842499999999763e+00	2.242324360969065108e-02	1.719537786709216254e-01
5.900000000000000000e+01	2.050839499999999926e+00	2.275737978688721630e-02	1.701973794709507048e-01
6.000000000000000000e+01	2.081527499999999975e+00	2.308806046230085438e-02	1.684153891828128746e-01
6.100000000000000000e+01	2.111902499999999794e+00	2.341523591437683419e-02	1.666080757487686526e-01
6.200000000000000000e+01	2.141957499999999737e+00	2.373885694861011669e-02	1.647757109186979985e-01
6.300000000000000000e+01	2.171691500000000108e+00	2.405887490494234074e-02	1.629185702092395549e-01
6.400000000000000000e+01	2.201097499999999929e+00	2.437524166507837320e-02	1.610369328623640628e-01
6.500000000000000000e+01	2.230170499999999834e+00	2.468790965972145549e-02	1.591310818033866703e-01
6.600000000000000000e+01	2.258907499999999846e+00	2.499683187572577722e-02	1.572013035984263507e-01
6.700000000000000000e+01	2.287305499999999991e+00	2.530196186316542237e-02	1.552478884113172031e-01
6.800000000000000000e+01	2.315358499999999875e+00	2.560325374231866083e-02	1.532711299599791577e-01
6.900000000000000000e+01	2.343061500000000130e+00	2.590066221056645454e-02	1.512713254722542755e-01
7.000000000000000000e+01	2.370410499999999754e+00	2.619414254920421695e-02	1.492487756412149424e-01
7.100000000000000000e+01	2.397403499999999799e+00	2.648365063016579202e-02	1.472037845799516464e-01
7.200000000000000000e+01	2.424034499999999870e+00	2.676914292265859460e-02	1.451366597758458332e-01
7.300000000000000000e+01	2.450302499999999828e+00	2.705057649970895109e-02	1.430477120443358896e-01
7.400000000000000000e+01	2.476199499999999887e+00	2.732790904461664810e-02	1.409372554821825274e-01
7.500000000000000000e+01	2.501720499999999792e+00	2.760109885731773516e-02	1.388056074202407841e-01
7.600000000000000000e+01	2.526867499999999822e+00	2.787010486065459244e-02	1.366530883757458292e-01
7.700000000000000000e+01	2.551633499999999888e+00	2.813488660655234092e-02	1.344800220041194871e-01
7.800000000000000000e+01	2.576014499999999874e+00	2.839540428210067524e-02	1.322867350503050543e-01
7.900000000000000000e+01	2.600006500000000109e+00	2.865161871554015860e-02	1.300735572996375433e-01
8.000000000000000000e+01	2.623608500000000010e+00	2.890349138215216399e-02	1.278408215282568205e-01
8.100000000000000000e+01	2.646812499999999790e+00	2.915098441005148019e-02	1.255888634530708259e-01
8.200000000000000000e+01	2.669618499999999894e+00	2.939406058588078796e-02	1.233180216812768404e-01
8.300000000000000000e+01	2.692021500000000067e+00	2.963268336040609727e-02	1.210286376594481295e-01
8.400000000000000000e+01	2.714020499999999725e+00	2.986681685401233050e-02	1.187210556221935664e-01
8.500000000000000000e+01	2.735609499999999805e+00	3.009642586209824999e-02	1.163956225403979944e-01
8.600000000000000000e+01	2.756785499999999889e+00	3.032147586036982798e-02	1.140526880690515277e-01
8.700000000000000000e+01	2.777548499999999976e+00	3.054193301003140654e-02	1.116926044946746632e-01
8.800000000000000000e+01	2.797890499999999836e+00	3.075776416287369017e-02	1.093157266823484158e-01
8.900000000000000000e+01	2.817810499999999774e+00	3.096893686625799141e-02	1.069224120223559449e-01
9.000000000000000000e+01	2.837305499999999814e+00	3.117541936799585189e-02	1.045130203764451926e-01
9.100000000000000000e+01	2.856374499999999816e+00	3.137718062112328926e-02	1.020879140237196531e-01
9.200000000000000000e+01	2.875014499999999806e+00	3.157419028856912196e-02	9.964745760616539050e-02
9.300000000000000000e+01	2.893218500000000137e+00	3.176641874771645585e-02	9.719201807382334135e-02
9.400000000000000000e+01	2.910986499999999921e+00	3.195383709485676710e-02	9.472196462961393615e-02
9.500000000000000000e+01	2.928317499999999907e+00	3.213641714953593270e-02	9.223766867382345025e-02
9.600000000000000000e+01	2.945204500000000003e+00	3.231413145879143828e-02	8.973950374825996612e-02
9.700000000000000000e+01	2.961649500000000046e+00	3.248695330128028441e-02	8.722784548008677419e-02
9.800000000000000000e+01	2.977647499999999781e+00	3.265485669129678664e-02	8.470307152534296835e-02
9.900000000000000000e+01	2.993196499999999816e+00	3.281781638267988049e-02	8.216556151215838322e-02
1.000000000000000000e+02	3.008295500000000011e+00	3.297580787260911278e-02	7.961569698367232384e-02
1.010000000000000000e+02	3.022941499999999948e+00	3.312880740528893753e-02	7.705386134066441461e-02
1.020000000000000000e+02	3.037129499999999815e+00	3.327679197552067814e-02	7.448043978390564424e-02
1.030000000000000000e+02	3.050862500000000033e+00	3.341973933216159376e-02	7.189581925623947378e-02
1.040000000000000000e+02	3.064134499999999761e+00	3.355762798147059883e-02	6.930038838440037707e-02
1.050000000000000000e+02	3.076944499999999749e+00	3.369043719034010148e-02	6.669453742057945833e-02
1.060000000000000000e+02	3.089290500000000161e+00	3.381814698941344038e-02	6.407865818374591793e-02
1.070000000000000000e+02	3.101170499999999830e+00	3.394073817608750376e-02	6.145314400073222799e-02
1.080000000000000000e+02	3.112583499999999948e+00	3.405819231740005865e-02	5.881838964709350942e-02
1.090000000000000000e+02	3.123527499999999790e+00	3.417049175280138101e-02	5.617479128774819502e-02
1.100000000000000000e+02	3.134002499999999802e+00	3.427761959680967335e-02	5.352274641741029682e-02
1.110000000000000000e+02	3.144003499999999729e+00	3.437955974154999900e-02	5.086265380082184706e-02
1.120000000000000000e+02	3.153530500000000014e+00	3.447629685917631692e-02	4.819491341279372870e-02
1.130000000000000000e+02	3.162583499999999770e+00	3.456781640417613127e-02	4.551992637806536596e-02
1.140000000000000000e+02	3.171159499999999909e+00	3.465410461555765848e-02	4.283809491099079686e-02
1.150000000000000000e+02	3.179256500000000152e+00	3.473514851891884581e-02	4.014982225506136954e-02
1.160000000000000000e+02	3.186874500000000054e+00	3.481093592839831774e-02	3.745551262227367340e-02
1.170000000000000000e+02	3.194012499999999921e+00	3.488145544850757007e-02	3.475557113235139967e-02
1.180000000000000000e+02	3.200669500000000056e+00	3.494669647584448813e-02	3.205040375183142859e-02
1.190000000000000000e+02	3.206843499999999736e+00	3.500664920068761315e-02	2.934041723302187668e-02
1.200000000000000000e+02	3.212535499999999988e+00	3.506130460847121239e-02	2.662601905284241177e-02
1.210000000000000000e+02	3.217742499999999950e+00	3.511065448114066012e-02	2.390761735155573151e-02
1.220000000000000000e+02	3.222464500000000065e+00	3.515469139838816454e-02	2.118562087139869848e-02
1.230000000000000000e+02	3.226701499999999889e+00	3.519340873876846548e-02	1.846043889512376940e-02
1.240000000000000000e+02	3.230451500000000031e+00	3.522680068069444087e-02	1.573248118445837868e-02
1.250000000000000000e+02	3.233715499999999743e+00	3.525486220331246895e-02	1.300215791849281335e-02
1.260000000000000000e+02	3.236490499999999937e+00	3.527758908725735915e-02	1.026987963200532566e-02
1.270000000000000000e+02	3.238779500000000144e+00	3.529497791528676126e-02	7.536057153733268822e-03
1.280000000000000000e+02	3.240579499999999946e+00	3.530702607279502525e-02	4.801101544600779730e-03
1.290000000000000000e+02	3.241892500000000066e+00	3.531373174820631039e-02	2.065424035910801842e-03
1.300000000000000000e+02	3.242715500000000084e+00	3.531509393324697849e-02	-6.705640324880128350e-04
1.310000000000000000e+02	3.243049500000000140e+00	3.531111242309720177e-02	-3.406451274050723097e-03
1.320000000000000000e+02	3.242894499999999791e+00	3.530178781642177160e-02	-6.141826317393033266e-03
1.330000000000000000e+02	3.242251500000000064e+00	3.528712151528005936e-02	-8.876277868145203420e-03
1.340000000000000000e+02	3.241119499999999931e+00	3.526711572491520591e-02	-1.160939477079513463e-02
1.350000000000000000e+02	3.239500500000000116e+00	3.524177345342258127e-02	-1.434076607051005918e-02
1.360000000000000000e+02	3.237391499999999755e+00	3.521109851129740342e-02	-1.706998107492807906e-02
1.370000000000000000e+02	3.234797499999999992e+00	3.517509551086185626e-02	-1.979662941591070827e-02
1.380000000000000000e+02	3.231713500000000128e+00	3.513376986557155413e-02	-2.252030111124596681e-02
1.390000000000000000e+02	3.228142500000000137e+00	3.508712778920156095e-02	-2.524058662629410921e-02
1.400000000000000000e+02	3.224085500000000160e+00	3.503517629491206820e-02	-2.795707693556566745e-02
1.410000000000000000e+02	3.219541500000000056e+00	3.497792319419393975e-02	-3.066936358422283834e-02
1.420000000000000000e+02	3.214513499999999802e+00	3.491537709569408204e-02	-3.337703874949561611e-02
1.430000000000000000e+02	3.209001499999999840e+00	3.484754740392111833e-02	-3.607969530200214742e-02
1.440000000000000000e+02	3.203005499999999728e+00	3.477444431783126982e-02	-3.877692686696553037e-02
1.450000000000000000e+02	3.196527499999999744e+00	3.469607882929483939e-02	-4.146832788531668729e-02
1.460000000000000000e+02	3.189566499999999749e+00	3.461246272144347103e-02	-4.415349367467458902e-02
1.470000000000000000e+02	3.182125500000000162e+00	3.452360856689839358e-02	-4.683202049019512953e-02
1.480000000000000000e+02	3.174203499999999956e+00	3.442952972588003008e-02	-4.950350558527831513e-02
1.490000000000000000e+02	3.165803499999999993e+00	3.433024034419909776e-02	-5.216754727212607329e-02
1.500000000000000000e+02	3.156928499999999804e+00	3.422575535112963585e-02	-5.482374498214040437e-02
1.510000000000000000e+02	3.147575499999999860e+00	3.411609045716424565e-02	-5.747169932615319582e-02
1.520000000000000000e+02	3.137748499999999829e+00	3.400126215165182042e-02	-6.011101215447919172e-02
1.530000000000000000e+02	3.127449499999999993e+00	3.388128770031818837e-02	-6.274128661678197993e-02
1.540000000000000000e+02	3.116679500000000047e+00	3.375618514267000880e-02	-6.536212722174510048e-02
1.550000000000000000e+02	3.105438499999999991e+00	3.362597328928235152e-02	-6.797313989653859523e-02
1.560000000000000000e+02	3.093730499999999939e+00	3.349067171897030654e-02	-7.057393204607201320e-02
1.570000000000000000e+02	3.081555499999999892e+00	3.335030077584506814e-02	-7.316411261202596106e-02
1.580000000000000000e+02	3.068916499999999825e+00	3.320488156625501369e-02	-7.574329213165163777e-02
1.590000000000000000e+02	3.055814499999999878e+00	3.305443595561207565e-02	-7.831108279633126890e-02
1.600000000000000000e+02	3.042251499999999886e+00	3.289898656510406583e-02	-8.086709850988942072e-02
1.610000000000000000e+02	3.028232500000000105e+00	3.273855676829333372e-02	-8.341095494664668708e-02
1.620000000000000000e+02	3.013754500000000114e+00	3.257317068760223061e-02	-8.594226960920774150e-02
1.630000000000000000e+02	2.998823499999999864e+00	3.240285319068611503e-02	-8.846066188597370705e-02
1.640000000000000000e+02	2.983440499999999940e+00	3.222762988669414935e-02	-9.096575310837178019e-02
1.650000000000000000e+02	2.967607499999999732e+00	3.204752712241873414e-02	-9.345716660779196383e-02
1.660000000000000000e+02	2.951327500000000104e+00	3.186257197833390620e-02	-9.593452777222372108e-02
1.670000000000000000e+02	2.934601499999999863e+00	3.167279226452356794e-02	-9.839746410258286280e-02
1.680000000000000000e+02	2.917434500000000153e+00	3.147821651649985314e-02	-1.008456052687209670e-01
1.690000000000000000e+02	2.899828499999999920e+00	3.127887399091251741e-02	-1.032785831651091141e-01
1.700000000000000000e+02	2.881784499999999749e+00	3.107479466114990846e-02	-1.056960319661860298e-01
1.710000000000000000e+02	2.863304499999999919e+00	3.086600921283206775e-02	-1.080975881813644873e-01
1.720000000000000000e+02	2.844395500000000077e+00	3.065254903919687260e-02	-1.104828907096860324e-01
1.730000000000000000e+02	2.825056500000000081e+00	3.043444623637962115e-02	-1.128515808941168846e-01
1.740000000000000000e+02	2.805293499999999884e+00	3.021173359858711494e-02	-1.152033025754755496e-01
1.750000000000000000e+02	2.785105499999999790e+00	2.998444461316661716e-02	-1.175377021459856203e-01
1.760000000000000000e+02	2.764498499999999748e+00	2.975261345557065826e-02	-1.198544286024449401e-01
1.770000000000000000e+02	2.743475499999999734e+00	2.951627498421840676e-02	-1.221531335990023032e-01
1.780000000000000000e+02	2.722036499999999748e+00	2.927546473525429599e-02	-1.244334714995354724e-01
1.790000000000000000e+02	2.700190500000000160e+00	2.903021891720474618e-02	-1.266950994296217881e-01
1.800000000000000000e+02	2.677935499999999802e+00	2.878057440553382501e-02	-1.289376773280924982e-01
1.810000000000000000e+02	2.655278500000000097e+00	2.852656873709862734e-02	-1.311608679981652870e-01
1.820000000000000000e+02	2.632218500000000017e+00	2.826824010450515109e-02	-1.333643371581453296e-01
1.830000000000000000e+02	2.608763499999999791e+00	2.800562735036560627e-02	-1.355477534916886551e-01
1.840000000000000000e+02	2.584915500000000144e+00	2.773876996145803464e-02	-1.377107886976187967e-01
1.850000000000000000e+02	2.560679499999999997e+00	2.746770806278900010e-02	-1.398531175392908332e-01
1.860000000000000000e+02	2.536054500000000100e+00	2.719248241156032794e-02	-1.419744178934945755e-01
1.870000000000000000e+02	2.511048499999999795e+00	2.691313439104084382e-02	-1.440743707988889344e-01
1.880000000000000000e+02	2.485663499999999804e+00	2.662970600434390669e-02	-1.461526605039615290e-01
1.890000000000000000e+02	2.459904499999999938e+00	2.634223986811174562e-02	-1.482089745145058757e-01
1.900000000000000000e+02	2.433775499999999870e+00	2.605077920610763750e-02	-1.502430036406077474e-01
1.910000000000000000e+02	2.407277499999999737e+00	2.575536784271666157e-02	-1.522544420431357903e-01
1.920000000000000000e+02	2.380417500000000075e+00	2.545605019635625160e-02	-1.542429872797276558e-01
1.930000000000000000e+02	2.353198499999999971e+00	2.515287127279735094e-02	-1.562083403502658729e-01
1.940000000000000000e+02	2.325626499999999819e+00	2.484587665839732562e-02	-1.581502057418355811e-01
1.950000000000000000e+02	2.297701500000000063e+00	2.453511251324554457e-02	-1.600682914731582085e-01
1.960000000000000000e+02	2.269431500000000046e+00	2.422062556422263299e-02	-1.619623091384945757e-01
1.970000000000000000e+02	2.240817499999999907e+00	2.390246309797464455e-02	-1.638319739510094020e-01
1.980000000000000000e+02	2.211867499999999875e+00	2.358067295380293985e-02	-1.656770047855924133e-01
1.990000000000000000e+02	2.182584499999999927e+00	2.325530351647097163e-02	-1.674971242211288347e-01
2.000000000000000000e+02	2.152972499999999734e+00	2.292640370892917723e-02	-1.692920585822125512e-01
2.010000000000000000e+02	2.123033500000000018e+00	2.259402298495879688e-02	-1.710615379802963021e-01
2.020000000000000000e+02	2.092776499999999817e+00	2.225821132173598157e-02	-1.728052963542724418e-01
2.030000000000000000e+02	2.062204499999999996e+00	2.191901921231711667e-02	-1.745230715104784669e-01
2.040000000000000000e+02	2.031319499999999945e+00	2.157649765804666581e-02	-1.762146051621205078e-01
2.050000000000000000e+02	2.000129499999999894e+00	2.123069816088855866e-02	-1.778796429681095415e-01
2.060000000000000000e+02	1.968638499999999958e+00	2.088167271568221184e-02	-1.795179345713049657e-01
2.070000000000000000e+02	1.936850500000000030e+00	2.052947380232461941e-02	-1.811292336361579602e-01
2.080000000000000000e+02	1.904768499999999865e+00	2.017415437787936291e-02	-1.827132978857512191e-01
2.090000000000000000e+02	1.872402499999999970e+00	1.981576786861388717e-02	-1.842698891382279491e-01
2.100000000000000000e+02	1.839750499999999844e+00	1.945436816196633584e-02	-1.857987733426050836e-01
2.110000000000000000e+02	1.806823499999999916e+00	1.909000959844292175e-02	-1.872997206139654647e-01
2.120000000000000000e+02	1.773624499999999937e+00	1.872274696344724404e-02	-1.887725052680236937e-01
2.130000000000000000e+02	1.740156499999999884e+00	1.835263547904263104e-02	-1.902169058550604586e-01
2.140000000000000000e+02	1.706426499999999846e+00	1.797973079564896964e-02	-1.916327051932195935e-01
2.150000000000000000e+02	1.672439499999999857e+00	1.760408898367500641e-02	-1.930196904011641790e-01
2.160000000000000000e+02	1.638200499999999948e+00	1.722576652508745615e-02	-1.943776529300854372e-01
2.170000000000000000e+02	1.603714499999999932e+00	1.684482030491843418e-02	-1.957063885950605098e-01
2.180000000000000000e+02	1.568985499999999922e+00	1.646130760271207610e-02	-1.970056976057537879e-01
2.190000000000000000e+02	1.534021499999999927e+00	1.607528608391188898e-02	-1.982753845964578820e-01
2.200000000000000000e+02	1.498824500000000004e+00	1.568681379119017671e-02	-1.995152586554687912e-01
2.210000000000000000e+02	1.463402499999999939e+00	1.529594913572062537e-02	-2.007251333537918292e-01
2.220000000000000000e+02	1.427759499999999848e+00	1.490275088839555957e-02	-2.019048267731730906e-01
2.230000000000000000e+02	1.391900499999999985e+00	1.450727817098900613e-02	-2.030541615334532368e-01
2.240000000000000000e+02	1.355832499999999996e+00	1.410959044726716773e-02	-2.041729648192383284e-01
2.250000000000000000e+02	1.319560499999999914e+00	1.370974751404733204e-02	-2.052610684058845114e-01
2.260000000000000000e+02	1.283087499999999936e+00	1.330780949220670625e-02	-2.063183086847928394e-01
2.270000000000000000e+02	1.246422499999999989e+00	1.290383681764264989e-02	-2.073445266880092341e-01
2.280000000000000000e+02	1.209568500000000046e+00	1.249789023218542475e-02	-2.083395681121273657e-01
2.290000000000000000e+02	1.172532499999999978e+00	1.209003077446492436e-02	-2.093032833414899541e-01
2.300000000000000000e+02	1.135319500000000037e+00	1.168031977073291997e-02	-2.102355274706848576e-01
2.310000000000000000e+02	1.097935499999999953e+00	1.126881882564191757e-02	-2.111361603263335329e-01
2.320000000000000000e+02	1.060385499999999981e+00	1.085558981298223244e-02	-2.120050464881675090e-01
2.330000000000000000e+02	1.022675499999999849e+00	1.044069486637850055e-02	-2.128420553093905154e-01
2.340000000000000000e+02	9.848106999999999278e-01	1.002419636994729586e-02	-2.136470609363224638e-01
2.350000000000000000e+02	9.467976999999999643e-01	9.606156948916921845e-03	-2.144199423273230876e-01
2.360000000000000000e+02	9.086417999999999440e-01	9.186639460210963004e-03	-2.151605832709920507e-01
2.370000000000000000e+02	8.703483999999999110e-01	8.765706982997133190e-03	-2.158688724036423034e-01
2.380000000000000000e+02	8.319237999999999911e-01	8.343422809202557036e-03	-2.165447032260451321e-01
2.390000000000000000e+02	7.933734999999999538e-01	7.919850433997092584e-03	-2.171879741194435165e-01
2.400000000000000000e+02	7.547033999999999132e-01	7.495053546246186957e-03	-2.177985883608314632e-01
2.410000000000000000e+02	7.159193999999999836e-01	7.069096018934499341e-03	-2.183764541374975388e-01
2.420000000000000000e+02	6.770270999999999928e-01	6.642041899561898499e-03	-2.189214845608299098e-01
2.430000000000000000e+02	6.380324999999998914e-01	6.213955400513143656e-03	-2.194335976793810317e-01
2.440000000000000000e+02	5.989414999999999045e-01	5.784900889402922776e-03	-2.199127164911899857e-01
2.450000000000000000e+02	5.597597999999999185e-01	5.354942879397414819e-03	-2.203587689553604678e-01
2.460000000000000000e+02	5.204937999999998954e-01	4.924146019513960665e-03	-2.207716880028931516e-01
2.470000000000000000e+02	4.811487999999999321e-01	4.492575084900449905e-03	-2.211514115467700659e-01
2.480000000000000000e+02	4.417310999999999321e-01	4.060294967095609206e-03	-2.214978824912902100e-01
2.490000000000000000e+02	4.022464999999999513e-01	3.627370664271773425e-03	-2.218110487406545206e-01
2.500000000000000000e+02	3.627009999999999401e-01	3.193867271461782280e-03	-2.220908632067989663e-01
2.510000000000000000e+02	3.231002999999999514e-01	2.759849970771145310e-03	-2.223372838164748289e-01
2.520000000000000000e+02	2.834508999999999501e-01	2.325384021577209855e-03	-2.225502735175749480e-01
2.530000000000000000e+02	2.437583999999999584e-01	1.890534750716620733e-03	-2.227298002847048208e-01
2.540000000000000000e+02	2.040285999999999489e-01	1.455367542662788565e-03	-2.228758371239980274e-01
2.550000000000000000e+02	1.642679999999999418e-01	1.019947829694552860e-03	-2.229883620771750397e-01
2.560000000000000000e+02	1.244821999999999318e-01	5.843410820576564000e-04	-2.230673582248449971e-01
2.570000000000000000e+02	8.467736999999994629e-02	1.486127981206538556e-04	-2.231128136890495051e-01
2.580000000000000000e+02	4.485939999999994515e-02	-2.871715054735528988e-04	-2.231247216350488727e-01
2.590000000000000000e+02	5.034325999999945782e-03	-7.229463036589238792e-04	-2.231030802723496242e-01
2.600000000000000000e+02	-3.479186000000005635e-02	-1.158646072798616899e-03	-2.230478928549737283e-01
2.610000000000000000e+02	-7.461316000000005333e-02	-1.594205300537250049e-03	-2.229591676809695167e-01
2.620000000000000000e+02	-1.144236000000000558e-01	-2.029558495651466368e-03	-2.228369180911636549e-01
2.630000000000000000e+02	-1.542171000000000514e-01	-2.464640197897183162e-03	-2.226811624671554690e-01
2.640000000000000000e+02	-1.939878000000000435e-01	-2.899384987852334731e-03	-2.224919242285529064e-01
2.650000000000000000e+02	-2.337295000000000622e-01	-3.333727496753388728e-03	-2.222692318294512692e-01
2.660000000000000000e+02	-2.734364000000000794e-01	-3.767602416324336220e-03	-2.220131187541546647e-01
2.670000000000000000e+02	-3.131025000000000613e-01	-4.200944508596429587e-03	-2.217236235121414489e-01
2.680000000000000000e+02	-3.527218000000000298e-01	-4.633688615717492139e-03	-2.214007896322736924e-01
2.690000000000000000e+02	-3.922884000000000371e-01	-5.065769669749180075e-03	-2.210446656562522483e-01
2.700000000000000000e+02	-4.317962000000000744e-01	-5.497122702450583931e-03	-2.206553051313179803e-01
2.710000000000000000e+02	-4.712392000000000802e-01	-5.927682855046981225e-03	-2.202327666022002584e-01
2.720000000000000000e+02	-5.106117000000000017e-01	-6.357385387982127448e-03	-2.197771136023141392e-01
2.730000000000000000e+02	-5.499078000000000577e-01	-6.786165690652480771e-03	-2.192884146442074245e-01
2.740000000000000000e+02	-5.891211000000000642e-01	-7.213959291122200822e-03	-2.187667432092589848e-01
2.750000000000000000e+02	-6.282464000000000937e-01	-7.640701865817191123e-03	-2.182121777366300142e-01
2.760000000000000000e+02	-6.672771000000000674e-01	-8.066329249196932741e-03	-2.176248016114698813e-01
2.770000000000000000e+02	-7.062080000000000579e-01	-8.490777443402408239e-03	-2.170047031523780756e-01
2.780000000000000000e+02	-7.450326000000000448e-01	-8.913982627878935458e-03	-2.163519755981248571e-01
2.790000000000000000e+02	-7.837455000000000949e-01	-9.335881168972362878e-03	-2.156667170936312494e-01
2.800000000000000000e+02	-8.223406000000000882e-01	-9.756409629496998540e-03	-2.149490306752123436e-01
2.810000000000000000e+02	-8.608123000000000857e-01	-1.017550477827416228e-02	-2.141990242550843027e-01
2.820000000000000000e+02	-8.991547000000000844e-01	-1.059310359963974192e-02	-2.134168106051387015e-01
2.830000000000000000e+02	-9.373621000000000869e-01	-1.100914330291921650e-02	-2.126025073399859799e-01
2.840000000000000000e+02	-9.754287000000000374e-01	-1.142356133186899977e-02	-2.117562368992707278e-01
2.850000000000000000e+02	-1.013348499999999985e+00	-1.183629537408245440e-02	-2.108781265292615503e-01
2.860000000000000000e+02	-1.051116500000000009e+00	-1.224728337035930169e-02	-2.099683082637180676e-01
2.870000000000000000e+02	-1.088726500000000152e+00	-1.265646352403684838e-02	-2.090269189040383224e-01
2.880000000000000000e+02	-1.126172500000000021e+00	-1.306377431028184211e-02	-2.080540999986890405e-01
2.890000000000000000e+02	-1.163449500000000025e+00	-1.346915448534147589e-02	-2.070499978219222381e-01
2.900000000000000000e+02	-1.200551499999999994e+00	-1.387254309575198033e-02	-2.060147633517812327e-01
2.910000000000000000e+02	-1.237472499999999975e+00	-1.427387948750370207e-02	-2.049485522473994958e-01
2.920000000000000000e+02	-1.274208500000000077e+00	-1.467310331516116784e-02	-2.038515248255953483e-01
2.930000000000000000e+02	-1.310752499999999987e+00	-1.507015455093660070e-02	-2.027238460367667694e-01
2.940000000000000000e+02	-1.347099500000000116e+00	-1.546497349371584590e-02	-2.015656854400890985e-01
2.950000000000000000e+02	-1.383243500000000070e+00	-1.585750077803505659e-02	-2.003772171780200395e-01
2.960000000000000000e+02	-1.419180499999999956e+00	-1.624767738300703090e-02	-1.991586199501150789e-01
2.970000000000000000e+02	-1.454903500000000127e+00	-1.663544464119557850e-02	-1.979100769861583675e-01
2.980000000000000000e+02	-1.490408500000000025e+00	-1.702074424743684963e-02	-1.966317760186119812e-01
2.990000000000000000e+02	-1.525688500000000003e+00	-1.740351826760625290e-02	-1.953239092543879174e-01
3.000000000000000000e+02	-1.560739499999999946e+00	-1.778370914732937957e-02	-1.939866733459481574e-01
3.010000000000000000e+02	-1.595555500000000126e+00	-1.816125972063601518e-02	-1.926202693617353190e-01
3.020000000000000000e+02	-1.630131500000000067e+00	-1.853611321855571856e-02	-1.912249027559398962e-01
3.030000000000000000e+02	-1.664462499999999956e+00	-1.890821327765359466e-02	-1.898007833376079978e-01
3.040000000000000000e+02	-1.698543499999999984e+00	-1.927750394850522367e-02	-1.883481252390941385e-01
3.050000000000000000e+02	-1.732368499999999978e+00	-1.964392970410925449e-02	-1.868671468838640493e-01
3.060000000000000000e+02	-1.765933500000000045e+00	-2.000743544823657682e-02	-1.853580709536520876e-01
3.070000000000000000e+02	-1.799233500000000152e+00	-2.036796652371457642e-02	-1.838211243549788820e-01
3.080000000000000000e+02	-1.832261499999999987e+00	-2.072546872064547074e-02	-1.822565381850330957e-01
3.090000000000000000e+02	-1.865013500000000102e+00	-2.107988828455745894e-02	-1.806645476969233888e-01
3.100000000000000000e+02	-1.897487499999999994e+00	-2.143117192448719746e-02	-1.790453922643056861e-01
3.110000000000000000e+02	-1.929674499999999959e+00	-2.177926682099274452e-02	-1.773993153453904681e-01
3.120000000000000000e+02	-1.961571500000000023e+00	-2.212412063409559607e-02	-1.757265644463360255e-01
3.130000000000000000e+02	-1.993172500000000014e+00	-2.246568151115052245e-02	-1.740273910840334781e-01
3.140000000000000000e+02	-2.024475499999999872e+00	-2.280389809464222414e-02	-1.723020507482879438e-01
3.150000000000000000e+02	-2.055472500000000036e+00	-2.313871952990750533e-02	-1.705508028634031004e-01
3.160000000000000000e+02	-2.086160500000000084e+00	-2.347009547278189334e-02	-1.687739107491736390e-01
3.170000000000000000e+02	-2.116535499999999903e+00	-2.379797609716936130e-02	-1.669716415812922405e-01
3.180000000000000000e+02	-2.146590499999999846e+00	-2.412231210253429001e-02	-1.651442663511768494e-01
3.190000000000000000e+02	-2.176324500000000217e+00	-2.444305472131438547e-02	-1.632920598252237121e-01
3.200000000000000000e+02	-2.205730500000000038e+00	-2.476015572625337238e-02	-1.614153005034935640e-01
3.210000000000000000e+02	-2.234803499999999943e+00	-2.507356743765252333e-02	-1.595142705778358205e-01
3.220000000000000000e+02	-2.263540499999999955e+00	-2.538324273053987890e-02	-1.575892558894576856e-01
3.230000000000000000e+02	-2.291938500000000101e+00	-2.568913504175594775e-02	-1.556405458859451418e-01
3.240000000000000000e+02	-2.319991499999999984e+00	-2.599119837695504365e-02	-1.536684335777409316e-01
3.250000000000000000e+02	-2.347694500000000239e+00	-2.628938731752103811e-02	-1.516732154940872712e-01
3.260000000000000000e+02	-2.375043499999999863e+00	-2.658365702739658859e-02	-1.496551916384391556e-01
3.270000000000000000e+02	-2.402036499999999908e+00	-2.687396325982469719e-02	-1.476146654433557470e-01
3.280000000000000000e+02	-2.428667499999999979e+00	-2.716026236400173252e-02	-1.455519437248758152e-01
3.290000000000000000e+02	-2.454935499999999937e+00	-2.744251129164082190e-02	-1.434673366363842795e-01
3.300000000000000000e+02	-2.480832499999999996e+00	-2.772066760344460423e-02	-1.413611576219775956e-01
3.310000000000000000e+02	-2.506353499999999901e+00	-2.799468947548656994e-02	-1.392337233693331788e-01
3.320000000000000000e+02	-2.531500499999999931e+00	-2.826453570549960700e-02	-1.370853537620926876e-01
3.330000000000000000e+02	-2.556266499999999997e+00	-2.853016571907131260e-02	-1.349163718317634708e-01
3.340000000000000000e+02	-2.580647499999999983e+00	-2.879153957574480394e-02	-1.327271037091471984e-01
3.350000000000000000e+02	-2.604639500000000218e+00	-2.904861797502420254e-02	-1.305178785753025039e-01
3.360000000000000000e+02	-2.628241500000000119e+00	-2.930136226228388305e-02	-1.282890286120490220e-01
3.370000000000000000e+02	-2.651445499999999900e+00	-2.954973443458071974e-02	-1.260408889520194253e-01
3.380000000000000000e+02	-2.674251500000000004e+00	-2.979369714636813729e-02	-1.237737976282695801e-01
3.390000000000000000e+02	-2.696654500000000176e+00	-3.003321371511150084e-02	-1.214880955234507315e-01
3.400000000000000000e+02	-2.718653499999999834e+00	-3.026824812680373525e-02	-1.191841263185541705e-01
3.410000000000000000e+02	-2.740242499999999914e+00	-3.049876504138043787e-02	-1.168622364412348624e-01
3.420000000000000000e+02	-2.761418499999999998e+00	-3.072472979803365228e-02	-1.145227750137222528e-01
3.430000000000000000e+02	-2.782181500000000085e+00	-3.094610842042348764e-02	-1.121660938003259111e-01
3.440000000000000000e+02	-2.802523499999999945e+00	-3.116286762178692091e-02	-1.097925471545432158e-01
3.450000000000000000e+02	-2.822443499999999883e+00	-3.137497480994272392e-02	-1.074024919657792371e-01
3.460000000000000000e+02	-2.841938499999999923e+00	-3.158239809219213351e-02	-1.049962876056838440e-01
3.470000000000000000e+02	-2.861007499999999926e+00	-3.178510628011427946e-02	-1.025742958741161920e-01
3.480000000000000000e+02	-2.879647499999999916e+00	-3.198306889425567984e-02	-1.001368809447441693e-01
3.490000000000000000e+02	-2.897851500000000247e+00	-3.217625616871318261e-02	-9.768440931028669894e-02
3.500000000000000000e+02	-2.915619500000000031e+00	-3.236463905560962168e-02	-9.521724972740766568e-02
3.510000000000000000e+02	-2.932950500000000016e+00	-3.254818922946149662e-02	-9.273577316126845049e-02
3.520000000000000000e+02	-2.949837500000000112e+00	-3.272687909143797563e-02	-9.024035272975029776e-02
3.530000000000000000e+02	-2.966282500000000155e+00	-3.290068177351072876e-02	-8.773136364735106829e-02
3.540000000000000000e+02	-2.982280499999999890e+00	-3.306957114249384211e-02	-8.520918316876774368e-02
3.550000000000000000e+02	-2.997829499999999925e+00	-3.323352180397321637e-02	-8.267419053217188452e-02
3.560000000000000000e+02	-3.012928500000000120e+00	-3.339250910612491519e-02	-8.012676690218721587e-02
3.570000000000000000e+02	-3.027574500000000057e+00	-3.354650914342185292e-02	-7.756729531257633425e-02
3.580000000000000000e+02	-3.041762499999999925e+00	-3.369549876022822493e-02	-7.499616060864854050e-02
3.590000000000000000e+02	-3.055495500000000142e+00	-3.383945555428125723e-02	-7.241374938939321160e-02
3.600000000000000000e+02	-3.068767499999999870e+00	-3.397835788005960922e-02	-6.982044994935049376e-02
3.610000000000000000e+02	-3.081577499999999858e+00	-3.411218485203803413e-02	-6.721665222022682462e-02
3.620000000000000000e+02	-3.093923500000000271e+00	-3.424091634782775589e-02	-6.460274771226440227e-02
3.630000000000000000e+02	-3.105803499999999939e+00	-3.436453301120206971e-02	-6.197912945537334406e-02
3.640000000000000000e+02	-3.117216500000000057e+00	-3.448301625500684031e-02	-5.934619194003448728e-02
3.650000000000000000e+02	-3.128160499999999900e+00	-3.459634826395517615e-02	-5.670433105798440565e-02
3.660000000000000000e+02	-3.138635499999999912e+00	-3.470451199730627267e-02	-5.405394404268800551e-02
3.670000000000000000e+02	-3.148636499999999838e+00	-3.480749119142758502e-02	-5.139542940961003975e-02
3.680000000000000000e+02	-3.158163500000000123e+00	-3.490527036224031626e-02	-4.872918689629394257e-02
3.690000000000000000e+02	-3.167216499999999879e+00	-3.499783480754758980e-02	-4.605561740225676270e-02
3.700000000000000000e+02	-3.175792500000000018e+00	-3.508517060924507686e-02	-4.337512292870962516e-02
3.710000000000000000e+02	-3.183889500000000261e+00	-3.516726463541380854e-02	-4.068810651811150675e-02
3.720000000000000000e+02	-3.191507500000000164e+00	-3.524410454229459644e-02	-3.799497219356851030e-02
3.730000000000000000e+02	-3.198645500000000030e+00	-3.531567877614416595e-02	-3.529612489808362646e-02
3.740000000000000000e+02	-3.205302500000000165e+00	-3.538197657497231530e-02	-3.259197043366921648e-02
3.750000000000000000e+02	-3.211476499999999845e+00	-3.544298797016013497e-02	-2.988291540033010882e-02
3.760000000000000000e+02	-3.217168500000000098e+00	-3.549870378795889903e-02	-2.716936713492694444e-02
3.770000000000000000e+02	-3.222375500000000059e+00	-3.554911565086944086e-02	-2.445173364992766357e-02
3.780000000000000000e+02	-3.227097500000000174e+00	-3.559421597890178451e-02	-2.173042357205948877e-02
3.790000000000000000e+02	-3.226740500000000011e+00	-3.563399799071492041e-02	-1.900584608086647656e-02
3.800000000000000000e+02	-3.228673500000000196e+00	-3.566845570463641341e-02	-1.627841084718498893e-02
3.810000000000000000e+02	-3.232176500000000008e+00	-3.569758393956184994e-02	-1.354852797154508168e-02
3.820000000000000000e+02	-3.235191499999999998e+00	-3.572137831573384686e-02	-1.081660792250727088e-02
3.830000000000000000e+02	-3.237720500000000001e+00	-3.573983525540062878e-02	-8.083061474944185434e-03
3.840000000000000000e+02	-3.239760500000000043e+00	-3.575295198335394498e-02	-5.348299648275142704e-03
3.850000000000000000e+02	-3.241908500000000082e+00	-3.576072652734638146e-02	-2.612733644665968507e-03
3.860000000000000000e+02	-3.242380499999999888e+00	-3.576315771838790847e-02	1.232252128006808311e-04
3.870000000000000000e+02	-3.242958499999999855e+00	-3.576024519092163567e-02	2.859165541972152804e-03
3.880000000000000000e+02	-3.243049500000000140e+00	-3.575198938287878214e-02	5.594675963481734841e-03
3.890000000000000000e+02	-3.242269499999999915e+00	-3.573839153561285398e-02	8.329345162603961697e-03
3.900000000000000000e+02	-3.241765500000000078e+00	-3.571945369371294643e-02	1.106276195110120035e-02
3.910000000000000000e+02	-3.239521499999999943e+00	-3.569517870469636478e-02	1.379451532904922909e-02
3.920000000000000000e+02	-3.238529499999999839e+00	-3.566557021858043214e-02	1.652419454663649201e-02
3.930000000000000000e+02	-3.236181500000000266e+00	-3.563063268733369232e-02	1.925138916592475033e-02
3.940000000000000000e+02	-3.233345499999999983e+00	-3.559037136420648700e-02	2.197568912256302187e-02
3.950000000000000000e+02	-3.230023500000000158e+00	-3.554479230294107367e-02	2.469668478744539014e-02
3.960000000000000000e+02	-3.226214500000000207e+00	-3.549390235686140926e-02	2.741396702830311422e-02
3.970000000000000000e+02	-3.221920499999999965e+00	-3.543770917784262731e-02	3.012712727122308226e-02
3.980000000000000000e+02	-3.217141499999999876e+00	-3.537622121516051377e-02	3.283575756208028523e-02
3.990000000000000000e+02	-3.209065499999999904e+00	-3.530944771422109274e-02	3.553945062787909615e-02
4.000000000000000000e+02	-3.206131500000000134e+00	-3.523739871517041211e-02	3.823779993799114596e-02
4.010000000000000000e+02	-3.196609500000000104e+00	-3.516008505138494555e-02	4.093039976528176777e-02
4.020000000000000000e+02	-3.193193500000000018e+00	-3.507751834784268025e-02	4.361684524711564870e-02
4.030000000000000000e+02	-3.182227500000000209e+00	-3.498971101937511929e-02	4.629673244623223188e-02
4.040000000000000000e+02	-3.178332500000000227e+00	-3.489667626880060824e-02	4.896965841148306214e-02
4.050000000000000000e+02	-3.170182500000000125e+00	-3.479842808493913142e-02	5.163522123841881445e-02
4.060000000000000000e+02	-3.161557500000000243e+00	-3.469498124050895971e-02	5.429302012972091890e-02
4.070000000000000000e+02	-3.152455499999999855e+00	-3.458635128990536489e-02	5.694265545546577101e-02
4.080000000000000000e+02	-3.137915500000000080e+00	-3.447255456686189323e-02	5.958372881321354758e-02
4.090000000000000000e+02	-3.132831499999999991e+00	-3.435360818199435090e-02	6.221584308791233697e-02
4.100000000000000000e+02	-3.122311499999999906e+00	-3.422953002022805641e-02	6.483860251160956933e-02
4.110000000000000000e+02	-3.105650499999999870e+00	-3.410033873810864452e-02	6.745161272295906174e-02
4.120000000000000000e+02	-3.093959499999999974e+00	-3.396605376099685186e-02	7.005448082651843933e-02
4.130000000000000000e+02	-3.081800499999999943e+00	-3.382669528014766586e-02	7.264681545182517797e-02
4.140000000000000000e+02	-3.069179500000000171e+00	-3.368228424967437823e-02	7.522822681224353158e-02
4.150000000000000000e+02	-3.056097499999999911e+00	-3.353284238339786921e-02	7.779832676357338606e-02
4.160000000000000000e+02	-3.042554500000000051e+00	-3.337839215158173306e-02	8.035672886241183865e-02
4.170000000000000000e+02	-3.028553500000000120e+00	-3.321895677755352938e-02	8.290304842426013399e-02
4.180000000000000000e+02	-3.014097500000000096e+00	-3.305456023421301376e-02	8.543690258136411864e-02
4.190000000000000000e+02	-2.999186499999999977e+00	-3.288522724042747258e-02	8.795791034028349609e-02
4.200000000000000000e+02	-2.983825500000000019e+00	-3.271098325731497392e-02	9.046569263917822457e-02
4.210000000000000000e+02	-2.968014500000000222e+00	-3.253185448441599931e-02	9.295987240480481362e-02
4.220000000000000000e+02	-2.951757500000000256e+00	-3.234786785575406026e-02	9.544007460921344332e-02
4.230000000000000000e+02	-2.935056499999999957e+00	-3.215905103578588220e-02	9.790592632613749624e-02
4.240000000000000000e+02	-2.917913500000000049e+00	-3.196543241524166939e-02	1.003570567870679109e-01
4.250000000000000000e+02	-2.900331500000000062e+00	-3.176704110685633214e-02	1.027930974370013101e-01
4.260000000000000000e+02	-2.882314500000000113e+00	-3.156390694099201616e-02	1.052136819898571163e-01
4.270000000000000000e+02	-2.863861500000000060e+00	-3.135606046115275991e-02	1.076184464835525934e-01
4.280000000000000000e+02	-2.844979499999999994e+00	-3.114353291939194954e-02	1.100070293347286537e-01
4.290000000000000000e+02	-2.825667500000000221e+00	-3.092635627161326173e-02	1.123790713931177992e-01
4.300000000000000000e+02	-2.805931500000000245e+00	-3.070456317276562541e-02	1.147342159955470481e-01
4.310000000000000000e+02	-2.785772500000000207e+00	-3.047818697193330900e-02	1.170721090195652181e-01
4.320000000000000000e+02	-2.765195499999999917e+00	-3.024726170732143504e-02	1.193923989366900279e-01
4.330000000000000000e+02	-2.744200500000000265e+00	-3.001182210113798390e-02	1.216947368652640249e-01
4.340000000000000000e+02	-2.722795500000000146e+00	-2.977190355437289715e-02	1.239787766229129423e-01
4.350000000000000000e+02	-2.700979499999999867e+00	-2.952754214147516529e-02	1.262441747785980894e-01
4.360000000000000000e+02	-2.678755499999999845e+00	-2.927877460492862502e-02	1.284905907042548923e-01
4.370000000000000000e+02	-2.656131499999999868e+00	-2.902563834972726395e-02	1.307176866260108261e-01
4.380000000000000000e+02	-2.633104499999999959e+00	-2.876817143775104585e-02	1.329251276749724986e-01
4.390000000000000000e+02	-2.609683500000000045e+00	-2.850641258204281506e-02	1.351125819375777193e-01
4.400000000000000000e+02	-2.585867499999999986e+00	-2.824040114098739368e-02	1.372797205055020509e-01
4.410000000000000000e+02	-2.561666499999999846e+00	-2.797017711239356552e-02	1.394262175251140823e-01
4.420000000000000000e+02	-2.537076499999999957e+00	-2.769578112747999796e-02	1.415517502464710420e-01
4.430000000000000000e+02	-2.512105500000000102e+00	-2.741725444476586504e-02	1.436559990718478674e-01
4.440000000000000000e+02	-2.486757499999999954e+00	-2.713463894386712594e-02	1.457386476037927647e-01
4.450000000000000000e+02	-2.461034500000000236e+00	-2.684797711919952728e-02	1.477993826927002374e-01
4.460000000000000000e+02	-2.434941499999999870e+00	-2.655731207358905457e-02	1.498378944838974491e-01
4.470000000000000000e+02	-2.408481500000000164e+00	-2.626268751179092545e-02	1.518538764642339278e-01
4.480000000000000000e+02	-2.381660500000000180e+00	-2.596414773391811023e-02	1.538470255081694493e-01
4.490000000000000000e+02	-2.354481499999999894e+00	-2.566173762878031644e-02	1.558170419233520509e-01
4.500000000000000000e+02	-2.326946500000000029e+00	-2.535550266713438097e-02	1.577636294956809848e-01
4.510000000000000000e+02	-2.299062500000000231e+00	-2.504548889484735363e-02	1.596864955338447301e-01
4.520000000000000000e+02	-2.270831499999999892e+00	-2.473174292597288618e-02	1.615853509133310661e-01
4.530000000000000000e+02	-2.242259499999999850e+00	-2.441431193574233535e-02	1.634599101199001314e-01
4.540000000000000000e+02	-2.213350500000000221e+00	-2.409324365347140923e-02	1.653098912925145825e-01
4.550000000000000000e+02	-2.184108500000000230e+00	-2.376858635538354331e-02	1.671350162657206095e-01
4.560000000000000000e+02	-2.154537499999999994e+00	-2.344038885735104036e-02	1.689350106114731187e-01
4.570000000000000000e+02	-2.124644500000000047e+00	-2.310870050755497659e-02	1.707096036803996408e-01
4.580000000000000000e+02	-2.094429499999999944e+00	-2.277357117906528283e-02	1.724585286424945574e-01
4.590000000000000000e+02	-2.063900499999999916e+00	-2.243505126234165634e-02	1.741815225272407563e-01
4.600000000000000000e+02	-2.033060499999999937e+00	-2.209319165765685072e-02	1.758783262631498368e-01
4.610000000000000000e+02	-2.001914499999999819e+00	-2.174804376744320783e-02	1.775486847167165316e-01
4.620000000000000000e+02	-1.970466500000000121e+00	-2.139965948856374992e-02	1.791923467307809381e-01
4.630000000000000000e+02	-1.938723500000000044e+00	-2.104809120450892163e-02	1.808090651622926426e-01
4.640000000000000000e+02	-1.906689500000000148e+00	-2.069339177752004336e-02	1.823985969194718837e-01
4.650000000000000000e+02	-1.874368500000000104e+00	-2.033561454064102686e-02	1.839607029983604813e-01
4.660000000000000000e+02	-1.841763500000000109e+00	-1.997481328969905046e-02	1.854951485187592841e-01
4.670000000000000000e+02	-1.808883500000000089e+00	-1.961104227521578980e-02	1.870017027595448356e-01
4.680000000000000000e+02	-1.775730500000000101e+00	-1.924435619425023114e-02	1.884801391933609571e-01
4.690000000000000000e+02	-1.742310500000000095e+00	-1.887481018217438550e-02	1.899302355206794746e-01
4.700000000000000000e+02	-1.708629500000000023e+00	-1.850245980438295496e-02	1.913517737032259802e-01
4.710000000000000000e+02	-1.674690500000000082e+00	-1.812736104793860950e-02	1.927445399967637474e-01
4.720000000000000000e+02	-1.640499499999999999e+00	-1.774957031315361339e-02	1.941083249832327995e-01
4.730000000000000000e+02	-1.606062499999999948e+00	-1.736914440510940738e-02	1.954429236022383332e-01
4.740000000000000000e+02	-1.571383500000000044e+00	-1.698614052511534037e-02	1.967481351818838042e-01
4.750000000000000000e+02	-1.536468500000000015e+00	-1.660061626210780975e-02	1.980237634689441806e-01
4.760000000000000000e+02	-1.501322500000000115e+00	-1.621262958399114287e-02	1.992696166583747819e-01
4.770000000000000000e+02	-1.465950500000000156e+00	-1.582223882892135752e-02	2.004855074221515987e-01
4.780000000000000000e+02	-1.430358500000000088e+00	-1.542950269653454130e-02	2.016712529374377338e-01
4.790000000000000000e+02	-1.394550500000000026e+00	-1.503448023912057514e-02	2.028266749140731351e-01
4.800000000000000000e+02	-1.358533500000000060e+00	-1.463723085274400149e-02	2.039515996213824567e-01
4.810000000000000000e+02	-1.322312500000000002e+00	-1.423781426831314742e-02	2.050458579142974969e-01
4.820000000000000000e+02	-1.285892500000000105e+00	-1.383629054259891827e-02	2.061092852587898816e-01
4.830000000000000000e+02	-1.249278499999999958e+00	-1.343272004920461477e-02	2.071417217566107749e-01
4.840000000000000000e+02	-1.212477500000000097e+00	-1.302716346948796372e-02	2.081430121693334800e-01
4.850000000000000000e+02	-1.175494500000000109e+00	-1.261968178343717342e-02	2.091130059416948239e-01
4.860000000000000000e+02	-1.138334500000000027e+00	-1.221033626050178726e-02	2.100515572242333540e-01
4.870000000000000000e+02	-1.101003500000000024e+00	-1.179918845038016757e-02	2.109585248952191017e-01
4.880000000000000000e+02	-1.063506500000000132e+00	-1.138630017376480140e-02	2.118337725818729977e-01
4.890000000000000000e+02	-1.025850499999999998e+00	-1.097173351304689577e-02	2.126771686808718587e-01
4.900000000000000000e+02	-9.880395000000000705e-01	-1.055555080298147506e-02	2.134885863781368631e-01
4.910000000000000000e+02	-9.500804000000000471e-01	-1.013781462131483659e-02	2.142679036679008275e-01
4.920000000000000000e+02	-9.119787000000000310e-01	-9.718587779375143301e-03	2.150150033710536979e-01
4.930000000000000000e+02	-8.737399000000000138e-01	-9.297933312628086158e-03	2.157297731527614282e-01
4.940000000000000000e+02	-8.353701000000000043e-01	-8.875914471198781755e-03	2.164121055393568860e-01
4.950000000000000000e+02	-7.968745000000000411e-01	-8.452594710361412828e-03	2.170618979344997868e-01
4.960000000000000000e+02	-7.582595000000000862e-01	-8.028037680998037495e-03	2.176790526346031041e-01
4.970000000000000000e+02	-7.195307000000000786e-01	-7.602307220027849227e-03	2.182634768435240125e-01
4.980000000000000000e+02	-6.806935000000000624e-01	-7.175467340808754958e-03	2.188150826865166432e-01
4.990000000000000000e+02	-6.417545000000000055e-01	-6.747582223512130911e-03	2.193337872234452923e-01
5.000000000000000000e+02	-6.027192000000000105e-01	-6.318716205472640901e-03	2.198195124612551399e-01
5.010000000000000000e+02	-5.635933000000000748e-01	-5.888933771514397349e-03	2.202721853656995910e-01
5.020000000000000000e+02	-5.243830000000000435e-01	-5.458299544254942119e-03	2.206917378723216583e-01
5.030000000000000000e+02	-4.850940000000000807e-01	-5.026878274388537314e-03	2.210781068966883589e-01
5.040000000000000000e+02	-4.457324000000000286e-01	-4.594734830950054916e-03	2.214312343438760156e-01
5.050000000000000000e+02	-4.063038000000000483e-01	-4.161934191561366542e-03	2.217510671172055747e-01
5.060000000000000000e+02	-3.668147000000000491e-01	-3.728541432661108476e-03	2.220375571262262482e-01
5.070000000000000000e+02	-3.272704000000000724e-01	-3.294621719719740150e-03	2.222906612939464788e-01
5.080000000000000000e+02	-2.876774000000000275e-01	-2.860240297441178896e-03	2.225103415633110093e-01
5.090000000000000000e+02	-2.480412000000000450e-01	-2.425462479952559657e-03	2.226965649029232497e-01
5.100000000000000000e+02	-2.083681000000000560e-01	-1.990353640983398131e-03	2.228493033120118871e-01
5.110000000000000000e+02	-1.686640000000000639e-01	-1.554979204036101119e-03	2.229685338246410742e-01
