0.000000000000000000e+00	1.241966000000000042e-01	-3.279932120190447165e-03	3.000538368427973501e-01
1.000000000000000000e+00	1.862716000000000094e-01	-2.693670278486111781e-03	3.002707708611190851e-01
2.000000000000000000e+00	2.483183999999999947e-01	-2.107028799438313664e-03	3.004425806140468835e-01
3.000000000000000000e+00	3.103278999999999899e-01	-1.520095842696145023e-03	3.005692402822549014e-01
4.000000000000000000e+00	3.722906000000000271e-01	-9.329596117115524206e-04	3.006507308315078952e-01
5.000000000000000000e+00	4.341974000000000111e-01	-3.457083404842458503e-04	3.006870400155217671e-01
6.000000000000000000e+00	4.960386999999999991e-01	2.415697196979797506e-04	3.006781623778038148e-01
7.000000000000000000e+00	5.578052000000000010e-01	8.287863135215217626e-04	3.006240992524728539e-01
8.000000000000000000e+00	6.199738000000000193e-01	1.415853194909856821e-03	3.005248587640586555e-01
9.000000000000000000e+00	6.816113000000000310e-01	2.002682140285032275e-03	3.003804558262810898e-01
1.000000000000000000e+01	7.431461999999999790e-01	2.589184961825783966e-03	3.001909121398086411e-01
1.100000000000000000e+01	8.045691999999999844e-01	3.175273520720272181e-03	2.999562561889976275e-01
1.200000000000000000e+01	8.658711000000000046e-01	3.760859740411463988e-03	2.996765232376113475e-01
1.300000000000000000e+01	9.270426999999999973e-01	4.345855619833143176e-03	2.993517553235208739e-01
1.400000000000000000e+01	9.880744000000000193e-01	4.930173246634595059e-03	2.989820012523874415e-01
1.500000000000000000e+01	1.048958000000000057e+00	5.513724810391947354e-03	2.985673165903283688e-01
1.600000000000000000e+01	1.109682999999999975e+00	6.096422615804194742e-03	2.981077636555660715e-01
1.700000000000000000e+01	1.170241000000000087e+00	6.678179095871921746e-03	2.976034115090637200e-01
1.800000000000000000e+01	1.230622000000000105e+00	7.258906825056752818e-03	2.970543359441462083e-01
1.900000000000000000e+01	1.290818999999999939e+00	7.838518532419536458e-03	2.964606194751103208e-01
2.000000000000000000e+01	1.350821000000000049e+00	8.416927114735291843e-03	2.958223513248246506e-01
2.100000000000000000e+01	1.410619000000000067e+00	8.994045649582971605e-03	2.951396274113211593e-01
2.200000000000000000e+01	1.470204999999999984e+00	9.569787408408018947e-03	2.944125503333808735e-01
2.300000000000000000e+01	1.529570000000000096e+00	1.014406586955583951e-02	2.936412293551153851e-01
2.400000000000000000e+01	1.588705000000000034e+00	1.071679473127412630e-02	2.928257803895469302e-01
2.500000000000000000e+01	1.647599999999999953e+00	1.128788792468217624e-02	2.919663259811890454e-01
2.600000000000000000e+01	1.706247000000000069e+00	1.185725962670520529e-02	2.910629952876306881e-01
2.700000000000000000e+01	1.764637000000000011e+00	1.242482427297171045e-02	2.901159240601267619e-01
2.800000000000000000e+01	1.822761000000000076e+00	1.299049657067196349e-02	2.891252546231976583e-01
2.900000000000000000e+01	1.880611000000000033e+00	1.355419151137568327e-02	2.880911358532405320e-01
3.000000000000000000e+01	1.938177999999999956e+00	1.411582438380701299e-02	2.870137231561569746e-01
3.100000000000000000e+01	1.995452999999999921e+00	1.467531078657477450e-02	2.858931784439983081e-01
3.200000000000000000e+01	2.052426999999999779e+00	1.523256664085620958e-02	2.847296701106339367e-01
3.300000000000000000e+01	2.109091999999999967e+00	1.578750820303222169e-02	2.835233730064453672e-01
3.400000000000000000e+01	2.165439000000000114e+00	1.634005207727224143e-02	2.822744684120497838e-01
3.500000000000000000e+01	2.221461000000000130e+00	1.689011522806685775e-02	2.809831440110575063e-01
3.600000000000000000e+01	2.277147999999999950e+00	1.743761499270624418e-02	2.796495938618673849e-01
3.700000000000000000e+01	2.332491999999999788e+00	1.798246909370260910e-02	2.782740183685036284e-01
3.800000000000000000e+01	2.387484000000000162e+00	1.852459565115473911e-02	2.768566242504996167e-01
3.900000000000000000e+01	2.442117999999999789e+00	1.906391319505281248e-02	2.753976245118321953e-01
4.000000000000000000e+01	2.496382000000000101e+00	1.960034067752155357e-02	2.738972384089120027e-01
4.100000000000000000e+01	2.550272000000000094e+00	2.013379748500002814e-02	2.723556914176336607e-01
4.200000000000000000e+01	2.603778000000000148e+00	2.066420345035612990e-02	2.707732151994917680e-01
4.300000000000000000e+01	2.656890000000000196e+00	2.119147886493397137e-02	2.691500475667670256e-01
4.400000000000000000e+01	2.709604999999999819e+00	2.171554449053238536e-02	2.674864324467882137e-01
4.500000000000000000e+01	2.761909000000000169e+00	2.223632157131276085e-02	2.657826198452750144e-01
4.600000000000000000e+01	2.813797000000000104e+00	2.275373184563432225e-02	2.640388658087676199e-01
4.700000000000000000e+01	2.865263999999999811e+00	2.326769755781519025e-02	2.622554323861485681e-01
4.800000000000000000e+01	2.916297000000000139e+00	2.377814146981739596e-02	2.604325875892620767e-01
4.900000000000000000e+01	2.966892000000000085e+00	2.428498687285410643e-02	2.585706053526377612e-01
5.000000000000000000e+01	3.017040000000000166e+00	2.478815759891732015e-02	2.566697654923242311e-01
5.100000000000000000e+01	3.066733000000000153e+00	2.528757803222425951e-02	2.547303536638385602e-01
5.200000000000000000e+01	3.115965999999999791e+00	2.578317312058083302e-02	2.527526613192385141e-01
5.300000000000000000e+01	3.164728999999999903e+00	2.627486838666035288e-02	2.507369856633236971e-01
5.400000000000000000e+01	3.213013999999999815e+00	2.676258993919590143e-02	2.486836296089714182e-01
5.500000000000000000e+01	3.260816000000000159e+00	2.724626448408458759e-02	2.465929017316161598e-01
5.600000000000000000e+01	3.308126999999999818e+00	2.772581933540207294e-02	2.444651162228767827e-01
5.700000000000000000e+01	3.354938999999999893e+00	2.820118242632575073e-02	2.423005928433405176e-01
5.800000000000000000e+01	3.401247000000000131e+00	2.867228231996479457e-02	2.400996568745095427e-01
5.900000000000000000e+01	3.447042000000000161e+00	2.913904822009564036e-02	2.378626390699183635e-01
6.000000000000000000e+01	3.492319000000000173e+00	2.960140998180109395e-02	2.355898756054286280e-01
6.100000000000000000e+01	3.537066999999999961e+00	3.005929812201164897e-02	2.332817080287089284e-01
6.200000000000000000e+01	3.581284999999999830e+00	3.051264382994728699e-02	2.309384832079077188e-01
6.300000000000000000e+01	3.624963000000000157e+00	3.096137897745827178e-02	2.285605532795262351e-01
6.400000000000000000e+01	3.668096999999999941e+00	3.140543612926333800e-02	2.261482755955001034e-01
6.500000000000000000e+01	3.710675000000000168e+00	3.184474855308377927e-02	2.237020126694969635e-01
6.600000000000000000e+01	3.752698000000000089e+00	3.227925022967188112e-02	2.212221321224383253e-01
6.700000000000000000e+01	3.794153999999999805e+00	3.270887586273219655e-02	2.187090066272541489e-01
6.800000000000000000e+01	3.835036999999999807e+00	3.313356088873417593e-02	2.161630138528779499e-01
6.900000000000000000e+01	3.875345999999999957e+00	3.355324148661470440e-02	2.135845364074914210e-01
7.000000000000000000e+01	3.915068000000000215e+00	3.396785458736899938e-02	2.109739617810264534e-01
7.100000000000000000e+01	3.954200999999999855e+00	3.437733788352857062e-02	2.083316822869338558e-01
7.200000000000000000e+01	3.992741000000000096e+00	3.478162983852469553e-02	2.056580950032267929e-01
7.300000000000000000e+01	4.030675999999999704e+00	3.518066969593601490e-02	2.029536017128088232e-01
7.400000000000000000e+01	4.068006999999999707e+00	3.557439748861895151e-02	2.002186088430942534e-01
7.500000000000000000e+01	4.104726000000000319e+00	3.596275404771947376e-02	1.974535274049308009e-01
7.600000000000000000e+01	4.140825000000000422e+00	3.634568101156492037e-02	1.946587729308338066e-01
7.700000000000000000e+01	4.176300000000000345e+00	3.672312083443449171e-02	1.918347654125399926e-01
7.800000000000000000e+01	4.211146000000000278e+00	3.709501679520715162e-02	1.889819292378923932e-01
7.900000000000000000e+01	4.245358999999999661e+00	3.746131300588560059e-02	1.861006931270634268e-01
8.000000000000000000e+01	4.278932000000000180e+00	3.782195441999502972e-02	1.831914900681277103e-01
8.100000000000000000e+01	4.311861000000000388e+00	3.817688684085543405e-02	1.802547572519930252e-01
8.200000000000000000e+01	4.344140000000000335e+00	3.852605692972622259e-02	1.772909360067001783e-01
8.300000000000000000e+01	4.375765999999999600e+00	3.886941221382186201e-02	1.743004717311004703e-01
8.400000000000000000e+01	4.406731999999999871e+00	3.920690109419745079e-02	1.712838138279221545e-01
8.500000000000000000e+01	4.437034999999999840e+00	3.953847285350290536e-02	1.682414156362346258e-01
8.600000000000000000e+01	4.466668999999999556e+00	3.986407766360469673e-02	1.651737343633213340e-01
8.700000000000000000e+01	4.495630000000000237e+00	4.018366659307395783e-02	1.620812310159712721e-01
8.800000000000000000e+01	4.523914999999999687e+00	4.049719161453983751e-02	1.589643703311994505e-01
8.900000000000000000e+01	4.551517999999999731e+00	4.080460561190697028e-02	1.558236207064071233e-01
9.000000000000000000e+01	4.578437000000000090e+00	4.110586238743601378e-02	1.526594541289915952e-01
9.100000000000000000e+01	4.604664999999999786e+00	4.140091666868618570e-02	1.494723461054164870e-01
9.200000000000000000e+01	4.630200999999999567e+00	4.168972411531875200e-02	1.462627755897534243e-01
9.300000000000000000e+01	4.655038000000000231e+00	4.197224132576042599e-02	1.430312249117054735e-01
9.400000000000000000e+01	4.679174999999999862e+00	4.224842584372567184e-02	1.397781797041233454e-01
9.500000000000000000e+01	4.702607000000000426e+00	4.251823616459701055e-02	1.365041288300250788e-01
9.600000000000000000e+01	4.725331999999999866e+00	4.278163174166225990e-02	1.332095643091305293e-01
9.700000000000000000e+01	4.747342999999999869e+00	4.303857299220780613e-02	1.298949812439213480e-01
9.800000000000000000e+01	4.768640999999999686e+00	4.328902130346710952e-02	1.265608777452374156e-01
9.900000000000000000e+01	4.789221000000000394e+00	4.353293903842331281e-02	1.232077548574218723e-01
1.000000000000000000e+02	4.809077000000000268e+00	4.377028954146528622e-02	1.198361164830245434e-01
1.010000000000000000e+02	4.828212999999999866e+00	4.400103714389622112e-02	1.164464693070763890e-01
1.020000000000000000e+02	4.846618000000000315e+00	4.422514716929382139e-02	1.130393227209454537e-01
1.030000000000000000e+02	4.864295000000000258e+00	4.444258593872144752e-02	1.096151887457863516e-01
1.040000000000000000e+02	4.881240000000000023e+00	4.465332077578936659e-02	1.061745819555943993e-01
1.050000000000000000e+02	4.897447999999999801e+00	4.485732001156526871e-02	1.027180193998761676e-01
1.060000000000000000e+02	4.912920999999999871e+00	4.505455298933345315e-02	9.924602052594810875e-02
1.070000000000000000e+02	4.927652000000000143e+00	4.524499006920187916e-02	9.575910710087454092e-02
1.080000000000000000e+02	4.941641999999999868e+00	4.542860263255638076e-02	9.225780313305743940e-02
1.090000000000000000e+02	4.954886000000000124e+00	4.560536308636147645e-02	8.874263479348915018e-02
1.100000000000000000e+02	4.967386000000000301e+00	4.577524486730696202e-02	8.521413033668009951e-02
1.110000000000000000e+02	4.979136999999999702e+00	4.593822244579984920e-02	8.167282002127350393e-02
1.120000000000000000e+02	4.990137999999999963e+00	4.609427132980087327e-02	7.811923603035883512e-02
1.130000000000000000e+02	5.000388000000000055e+00	4.624336806850518067e-02	7.455391239149611327e-02
1.140000000000000000e+02	5.009884999999999700e+00	4.638549025586642671e-02	7.097738489646296389e-02
1.150000000000000000e+02	5.018627000000000393e+00	4.652061653396394325e-02	6.739019102073671996e-02
1.160000000000000000e+02	5.026614999999999611e+00	4.664872659621238649e-02	6.379286984272306005e-02
1.170000000000000000e+02	5.033844000000000207e+00	4.676980119041338618e-02	6.018596196274449139e-02
1.180000000000000000e+02	5.040314999999999657e+00	4.688382212164871055e-02	5.657000942179939151e-02
1.190000000000000000e+02	5.046026999999999596e+00	4.699077225501459981e-02	5.294555562010499344e-02
1.200000000000000000e+02	5.050981000000000165e+00	4.709063551819675508e-02	4.931314523543590261e-02
1.210000000000000000e+02	5.055171999999999777e+00	4.718339690388569097e-02	4.567332414127074636e-02
1.220000000000000000e+02	5.058601000000000347e+00	4.726904247203197323e-02	4.202663932475905056e-02
1.230000000000000000e+02	5.061271999999999771e+00	4.734755935194114723e-02	3.837363880452079185e-02
1.240000000000000000e+02	5.063176999999999595e+00	4.741893574420791291e-02	3.471487154829101807e-02
1.250000000000000000e+02	5.064321999999999768e+00	4.748316092248931058e-02	3.105088739042146870e-02
1.260000000000000000e+02	5.064702999999999733e+00	4.754022523511667458e-02	2.738223694925267723e-02
1.270000000000000000e+02	5.064321999999999768e+00	4.759012010654607022e-02	2.370947154436752261e-02
1.280000000000000000e+02	5.063176999999999595e+00	4.763283803864701987e-02	2.003314311373980208e-02
1.290000000000000000e+02	5.061271999999999771e+00	4.766837261182930302e-02	1.635380413078977441e-02
1.300000000000000000e+02	5.058601000000000347e+00	4.769671848600766373e-02	1.267200752135921350e-02
1.310000000000000000e+02	5.055171999999999777e+00	4.771787140140437006e-02	8.988306580618523473e-03
1.320000000000000000e+02	5.050981000000000165e+00	4.773182817918929233e-02	5.303254889918313821e-03
1.330000000000000000e+02	5.046026999999999596e+00	4.773858672195768760e-02	1.617406233598047425e-03
1.340000000000000000e+02	5.040314999999999657e+00	4.773814601404532260e-02	-2.068685484236149671e-03
1.350000000000000000e+02	5.033844000000000207e+00	4.773050612168116408e-02	-5.754466322951012902e-03
1.360000000000000000e+02	5.026614999999999611e+00	4.771566819297739376e-02	-9.439382388631813864e-03
1.370000000000000000e+02	5.018627000000000393e+00	4.769363445775688659e-02	-1.312287991732069732e-02
1.380000000000000000e+02	5.009884999999999700e+00	4.766440822721809689e-02	-1.680440535823552253e-02
1.390000000000000000e+02	5.000388000000000055e+00	4.762799389343749801e-02	-2.048340545695670825e-02
1.400000000000000000e+02	4.990137999999999963e+00	4.758439692870949922e-02	-2.415932733856951398e-02
1.410000000000000000e+02	4.979136999999999702e+00	4.753362388472408967e-02	-2.783161859074930258e-02
1.420000000000000000e+02	4.967386000000000301e+00	4.747568239158229259e-02	-3.149972734677720931e-02
1.430000000000000000e+02	4.954886000000000124e+00	4.741058115664947142e-02	-3.516310236847413478e-02
1.440000000000000000e+02	4.941641999999999868e+00	4.733832996324684877e-02	-3.882119312903969943e-02
1.450000000000000000e+02	4.927652000000000143e+00	4.725893966918124495e-02	-4.247344989578481778e-02
1.460000000000000000e+02	4.912920999999999871e+00	4.717242220511341094e-02	-4.611932381274474330e-02
1.470000000000000000e+02	4.897447999999999801e+00	4.707879057276510154e-02	-4.975826698316031249e-02
1.480000000000000000e+02	4.881240000000000023e+00	4.697805884296514523e-02	-5.338973255181515137e-02
1.490000000000000000e+02	4.864295000000000258e+00	4.687024215353498974e-02	-5.701317478721623644e-02
1.500000000000000000e+02	4.846618000000000315e+00	4.675535670701373714e-02	-6.062804916360571561e-02
1.510000000000000000e+02	4.828212999999999866e+00	4.663341976822327900e-02	-6.423381244279133262e-02
1.520000000000000000e+02	4.809077000000000268e+00	4.650444966167376071e-02	-6.782992275578379748e-02
1.530000000000000000e+02	4.789221000000000394e+00	4.636846576880980508e-02	-7.141583968422771100e-02
1.540000000000000000e+02	4.768640999999999686e+00	4.622548852509788392e-02	-7.499102434161507291e-02
1.550000000000000000e+02	4.747342999999999869e+00	4.607553941695531619e-02	-7.855493945426836322e-02
1.560000000000000000e+02	4.725331999999999866e+00	4.591864097852130233e-02	-8.210704944208126188e-02
1.570000000000000000e+02	4.702607000000000426e+00	4.575481678827054977e-02	-8.564682049900486371e-02
1.580000000000000000e+02	4.679174999999999862e+00	4.558409146546993362e-02	-8.917372067326725937e-02
1.590000000000000000e+02	4.655038000000000231e+00	4.540649066647872018e-02	-9.268721994731454750e-02
1.600000000000000000e+02	4.630200999999999567e+00	4.522204108089297736e-02	-9.618679031746102392e-02
1.610000000000000000e+02	4.604664999999999786e+00	4.503077042753472065e-02	-9.967190587323709883e-02
1.620000000000000000e+02	4.578437000000000090e+00	4.483270745028633542e-02	-1.031420428764219938e-01
1.630000000000000000e+02	4.551517999999999731e+00	4.462788191377102531e-02	-1.065966798397505882e-01
1.640000000000000000e+02	4.523914999999999687e+00	4.441632459887978612e-02	-1.100352976052818010e-01
1.650000000000000000e+02	4.495630000000000237e+00	4.419806729814572399e-02	-1.134573794224168486e-01
1.660000000000000000e+02	4.466668999999999556e+00	4.397314281096631472e-02	-1.168624110255557930e-01
1.670000000000000000e+02	4.437034999999999840e+00	4.374158493867433967e-02	-1.202498807113806800e-01
1.680000000000000000e+02	4.406731999999999871e+00	4.350342847945829622e-02	-1.236192794157535829e-01
1.690000000000000000e+02	4.375765999999999600e+00	4.325870922313295591e-02	-1.269701007902180601e-01
1.700000000000000000e+02	4.344140000000000335e+00	4.300746394576094450e-02	-1.303018412780923008e-01
1.710000000000000000e+02	4.311861000000000388e+00	4.274973040412603092e-02	-1.336140001901432173e-01
1.720000000000000000e+02	4.278932000000000180e+00	4.248554733005917988e-02	-1.369060797798290763e-01
1.730000000000000000e+02	4.245358999999999661e+00	4.221495442461789538e-02	-1.401775853181002340e-01
1.740000000000000000e+02	4.211146000000000278e+00	4.193799235212009036e-02	-1.434280251677462203e-01
1.750000000000000000e+02	4.176300000000000345e+00	4.165470273403301671e-02	-1.466569108572786384e-01
1.760000000000000000e+02	4.140825000000000422e+00	4.136512814271853244e-02	-1.498637571543374181e-01
1.770000000000000000e+02	4.104726000000000319e+00	4.106931209503534436e-02	-1.530480821386111800e-01
1.780000000000000000e+02	4.068006999999999707e+00	4.076729904579937114e-02	-1.562094072742594986e-01
1.790000000000000000e+02	4.030675999999999704e+00	4.045913438110312899e-02	-1.593472574818265708e-01
1.800000000000000000e+02	3.992741000000000096e+00	4.014486441149517360e-02	-1.624611612096354130e-01
1.810000000000000000e+02	3.954200999999999855e+00	3.982453636502062549e-02	-1.655506505046521470e-01
1.820000000000000000e+02	3.915068000000000215e+00	3.949819838012379875e-02	-1.686152610828091924e-01
1.830000000000000000e+02	3.875345999999999957e+00	3.916589949841402934e-02	-1.716545323987771487e-01
1.840000000000000000e+02	3.835036999999999807e+00	3.882768965729576499e-02	-1.746680077151750443e-01
1.850000000000000000e+02	3.794153999999999805e+00	3.848361968246403336e-02	-1.776552341712081817e-01
1.860000000000000000e+02	3.752698000000000089e+00	3.813374128026646853e-02	-1.806157628507231994e-01
1.870000000000000000e+02	3.710675000000000168e+00	3.777810702993290859e-02	-1.835491488496708845e-01
1.880000000000000000e+02	3.668096999999999941e+00	3.741677037567388980e-02	-1.864549513429654137e-01
1.890000000000000000e+02	3.624963000000000157e+00	3.704978561864911979e-02	-1.893327336507311387e-01
1.900000000000000000e+02	3.581284999999999830e+00	3.667720790880716480e-02	-1.921820633039260928e-01
1.910000000000000000e+02	3.537066999999999961e+00	3.629909323659762099e-02	-1.950025121093328928e-01
1.920000000000000000e+02	3.492319000000000173e+00	3.591549842455692837e-02	-1.977936562139069598e-01
1.930000000000000000e+02	3.447042000000000161e+00	3.552648111876915982e-02	-2.005550761684724570e-01
1.940000000000000000e+02	3.401247000000000131e+00	3.513209978020304797e-02	-2.032863569907569778e-01
1.950000000000000000e+02	3.354938999999999893e+00	3.473241367592657530e-02	-2.059870882277538562e-01
1.960000000000000000e+02	3.308126999999999818e+00	3.432748287020036954e-02	-2.086568640174048528e-01
1.970000000000000000e+02	3.260816000000000159e+00	3.391736821545138225e-02	-2.112952831495923667e-01
1.980000000000000000e+02	3.213013999999999815e+00	3.350213134312800961e-02	-2.139019491264328166e-01
1.990000000000000000e+02	3.164728999999999903e+00	3.308183465443825105e-02	-2.164764702218618664e-01
2.000000000000000000e+02	3.115965999999999791e+00	3.265654131097213420e-02	-2.190184595405021695e-01
2.010000000000000000e+02	3.066733000000000153e+00	3.222631522520987002e-02	-2.215275350758058037e-01
2.020000000000000000e+02	3.017040000000000166e+00	3.179122105091716777e-02	-2.240033197674613230e-01
2.030000000000000000e+02	2.966892000000000085e+00	3.135132417342921529e-02	-2.264454415580582358e-01
2.040000000000000000e+02	2.916297000000000139e+00	3.090669069982458078e-02	-2.288535334489988915e-01
2.050000000000000000e+02	2.865263999999999811e+00	3.045738744899078795e-02	-2.312272335556507519e-01
2.060000000000000000e+02	2.813797000000000104e+00	3.000348194158286574e-02	-2.335661851617298057e-01
2.070000000000000000e+02	2.761909000000000169e+00	2.954504238987643028e-02	-2.358700367729073821e-01
2.080000000000000000e+02	2.709604999999999819e+00	2.908213768751682915e-02	-2.381384421696323417e-01
2.090000000000000000e+02	2.656890000000000196e+00	2.861483739916593008e-02	-2.403710604591601796e-01
2.100000000000000000e+02	2.603778000000000148e+00	2.814321175004801112e-02	-2.425675561267822689e-01
2.110000000000000000e+02	2.550272000000000094e+00	2.766733161539645589e-02	-2.447275990862461115e-01
2.120000000000000000e+02	2.496382000000000101e+00	2.718726850980265203e-02	-2.468508647293608249e-01
2.130000000000000000e+02	2.442117999999999789e+00	2.670309457646895951e-02	-2.489370339747781768e-01
2.140000000000000000e+02	2.387484000000000162e+00	2.621488257636709132e-02	-2.509857933159439503e-01
2.150000000000000000e+02	2.332491999999999788e+00	2.572270587730370733e-02	-2.529968348682114510e-01
2.160000000000000000e+02	2.277147999999999950e+00	2.522663844289479637e-02	-2.549698564151094970e-01
2.170000000000000000e+02	2.221461000000000130e+00	2.472675482145053616e-02	-2.569045614537595612e-01
2.180000000000000000e+02	2.165439000000000114e+00	2.422313013477228258e-02	-2.588006592394335725e-01
2.190000000000000000e+02	2.109091999999999967e+00	2.371584006686335011e-02	-2.606578648292466882e-01
2.200000000000000000e+02	2.052426999999999779e+00	2.320496085255536675e-02	-2.624758991249780404e-01
2.210000000000000000e+02	1.995452999999999921e+00	2.269056926605177160e-02	-2.642544889150132414e-01
2.220000000000000000e+02	1.938177999999999956e+00	2.217274260939032515e-02	-2.659933669154022073e-01
2.230000000000000000e+02	1.880611000000000033e+00	2.165155870082624556e-02	-2.676922718100264165e-01
2.240000000000000000e+02	1.822761000000000076e+00	2.112709586313780974e-02	-2.693509482898688301e-01
2.250000000000000000e+02	1.764637000000000011e+00	2.059943291185611577e-02	-2.709691470913814793e-01
2.260000000000000000e+02	1.706247000000000069e+00	2.006864914342078310e-02	-2.725466250339446117e-01
2.270000000000000000e+02	1.647599999999999953e+00	1.953482432326340487e-02	-2.740831450564112370e-01
2.280000000000000000e+02	1.588705000000000034e+00	1.899803867382052550e-02	-2.755784762527325182e-01
2.290000000000000000e+02	1.529570000000000096e+00	1.845837286247791614e-02	-2.770323939066579033e-01
2.300000000000000000e+02	1.470204999999999984e+00	1.791590798944793853e-02	-2.784446795255055007e-01
2.310000000000000000e+02	1.410619000000000067e+00	1.737072557558203695e-02	-2.798151208729963146e-01
2.320000000000000000e+02	1.350821000000000049e+00	1.682290755011981581e-02	-2.811435120011490651e-01
2.330000000000000000e+02	1.290818999999999939e+00	1.627253623837684321e-02	-2.824296532812299310e-01
2.340000000000000000e+02	1.230622000000000105e+00	1.571969434937293270e-02	-2.836733514337522188e-01
2.350000000000000000e+02	1.170241000000000087e+00	1.516446496340274550e-02	-2.848744195575222404e-01
2.360000000000000000e+02	1.109682999999999975e+00	1.460693151955059187e-02	-2.860326771577265115e-01
2.370000000000000000e+02	1.048958000000000057e+00	1.404717780315133807e-02	-2.871479501730563877e-01
2.380000000000000000e+02	9.880744000000000193e-01	1.348528793319925430e-02	-2.882200710018654743e-01
2.390000000000000000e+02	9.270426999999999973e-01	1.292134634970673601e-02	-2.892488785273569230e-01
2.400000000000000000e+02	8.658711000000000046e-01	1.235543780101478264e-02	-2.902342181417955080e-01
2.410000000000000000e+02	8.045691999999999844e-01	1.178764733105712968e-02	-2.911759417697420416e-01
2.420000000000000000e+02	7.431461999999999790e-01	1.121806026657996835e-02	-2.920739078903060171e-01
2.430000000000000000e+02	6.816113000000000310e-01	1.064676220431916807e-02	-2.929279815584128754e-01
2.440000000000000000e+02	6.199738000000000193e-01	1.007383899813691676e-02	-2.937380344250836162e-01
2.450000000000000000e+02	5.582426999999999806e-01	9.499376746119723644e-03	-2.945039447567228685e-01
2.460000000000000000e+02	4.964277999999999746e-01	8.923461777639724035e-03	-2.952255974534125915e-01
2.470000000000000000e+02	4.345378999999999770e-01	8.346180640381241009e-03	-2.959028840662096260e-01
2.480000000000000000e+02	3.725826999999999889e-01	7.767620087334443750e-03	-2.965357028134427697e-01
2.490000000000000000e+02	3.105713999999999975e-01	7.187867063758349856e-03	-2.971239585960085416e-01
2.500000000000000000e+02	2.485132999999999925e-01	6.607008694114738061e-03	-2.976675630116626392e-01
2.510000000000000000e+02	1.864176999999999917e-01	6.025132268975223054e-03	-2.981664343683047558e-01
2.520000000000000000e+02	1.242940000000000017e-01	5.442325231903357222e-03	-2.986204976962552604e-01
2.530000000000000000e+02	6.215169999999999723e-02	4.858675166313733418e-03	-2.990296847595215746e-01
2.540000000000000000e+02	-6.314837000000000135e-18	4.274269782310071569e-03	-2.993939340660523030e-01
2.550000000000000000e+02	-6.215169999999999723e-02	3.689196903504274490e-03	-2.997131908769786190e-01
2.560000000000000000e+02	-1.242940000000000017e-01	3.103544453818414019e-03	-2.999874072148398518e-01
2.570000000000000000e+02	-1.864176999999999917e-01	2.517400444271654120e-03	-3.002165418707938849e-01
2.580000000000000000e+02	-2.485132999999999925e-01	1.930852959754075305e-03	-3.004005604108097027e-01
2.590000000000000000e+02	-3.105713999999999975e-01	1.343990145789403972e-03	-3.005394351808422515e-01
2.600000000000000000e+02	-3.725826999999999889e-01	7.569001952886297976e-04	-3.006331453109881702e-01
2.610000000000000000e+02	-4.345378999999999770e-01	1.696713352964980407e-04	-3.006816767186220041e-01
2.620000000000000000e+02	-4.964277999999999746e-01	-4.176081862671246394e-04	-3.006850221105126786e-01
2.630000000000000000e+02	-5.582426999999999806e-01	-1.004850113869022558e-03	-3.006431809839194558e-01
2.640000000000000000e+02	-6.199738000000000193e-01	-1.591966197625547001e-03	-3.005561596266674851e-01
2.650000000000000000e+02	-6.816113000000000310e-01	-2.178868206564684665e-03	-3.004239711162028925e-01
2.660000000000000000e+02	-7.431461999999999790e-01	-2.765467941885259209e-03	-3.002466353176273528e-01
2.670000000000000000e+02	-8.045691999999999844e-01	-3.351677250211410140e-03	-3.000241788807131993e-01
2.680000000000000000e+02	-8.658711000000000046e-01	-3.937408036840026569e-03	-2.997566352358980724e-01
2.690000000000000000e+02	-9.270426999999999973e-01	-4.522572278979582368e-03	-2.994440445892612712e-01
2.700000000000000000e+02	-9.880744000000000193e-01	-5.107082038978052324e-03	-2.990864539164816427e-01
2.710000000000000000e+02	-1.048958000000000057e+00	-5.690849477538057269e-03	-2.986839169557781726e-01
2.720000000000000000e+02	-1.109682999999999975e+00	-6.273786866917233258e-03	-2.982364941998340568e-01
2.730000000000000000e+02	-1.170241000000000087e+00	-6.855806604111827282e-03	-2.977442528867063065e-01
2.740000000000000000e+02	-1.230622000000000105e+00	-7.436821224021557090e-03	-2.972072669897209973e-01
2.750000000000000000e+02	-1.290818999999999939e+00	-8.016743412593736740e-03	-2.966256172063567731e-01
2.760000000000000000e+02	-1.350821000000000049e+00	-8.595486019944713688e-03	-2.959993909461178241e-01
2.770000000000000000e+02	-1.410619000000000067e+00	-9.172962073456625981e-03	-2.953286823173980058e-01
2.780000000000000000e+02	-1.470204999999999984e+00	-9.749084790847531434e-03	-2.946135921133383184e-01
2.790000000000000000e+02	-1.529570000000000096e+00	-1.032376759321290867e-02	-2.938542277966800231e-01
2.800000000000000000e+02	-1.588705000000000034e+00	-1.089692411803663483e-02	-2.930507034836151714e-01
2.810000000000000000e+02	-1.647599999999999953e+00	-1.146846823216940078e-02	-2.922031399266374896e-01
2.820000000000000000e+02	-1.706247000000000069e+00	-1.203831404477269731e-02	-2.913116644963955615e-01
2.830000000000000000e+02	-1.764637000000000011e+00	-1.260637592022635124e-02	-2.903764111625522504e-01
2.840000000000000000e+02	-1.822761000000000076e+00	-1.317256849099771900e-02	-2.893975204736515816e-01
2.850000000000000000e+02	-1.880611000000000033e+00	-1.373680667047066928e-02	-2.883751395359972491e-01
2.860000000000000000e+02	-1.938177999999999956e+00	-1.429900566573215868e-02	-2.873094219915459657e-01
2.870000000000000000e+02	-1.995452999999999921e+00	-1.485908099031488412e-02	-2.862005279948181546e-01
2.880000000000000000e+02	-2.052426999999999779e+00	-1.541694847689374821e-02	-2.850486241888302574e-01
2.890000000000000000e+02	-2.109091999999999967e+00	-1.597252428993442205e-02	-2.838538836800518217e-01
2.900000000000000000e+02	-2.165439000000000114e+00	-1.652572493829202252e-02	-2.826164860123913103e-01
2.910000000000000000e+02	-2.221461000000000130e+00	-1.707646728775804104e-02	-2.813366171402144622e-01
2.920000000000000000e+02	-2.277147999999999950e+00	-1.762466857355364860e-02	-2.800144694003994239e-01
2.930000000000000000e+02	-2.332491999999999788e+00	-1.817024641276744970e-02	-2.786502414834325370e-01
2.940000000000000000e+02	-2.387484000000000162e+00	-1.871311881673588459e-02	-2.772441384035494449e-01
2.950000000000000000e+02	-2.442117999999999789e+00	-1.925320420336435953e-02	-2.757963714679259049e-01
2.960000000000000000e+02	-2.496382000000000101e+00	-1.979042140938729044e-02	-2.743071582449228552e-01
2.970000000000000000e+02	-2.550272000000000094e+00	-2.032468970256521082e-02	-2.727767225313902921e-01
2.980000000000000000e+02	-2.603778000000000148e+00	-2.085592879381709119e-02	-2.712052943190358389e-01
2.990000000000000000e+02	-2.656890000000000196e+00	-2.138405884928606948e-02	-2.695931097598615045e-01
3.000000000000000000e+02	-2.709604999999999819e+00	-2.190900050233676039e-02	-2.679404111306752934e-01
3.010000000000000000e+02	-2.761909000000000169e+00	-2.243067486548238482e-02	-2.662474467966822744e-01
3.020000000000000000e+02	-2.813797000000000104e+00	-2.294900354223982503e-02	-2.645144711741604926e-01
3.030000000000000000e+02	-2.865263999999999811e+00	-2.346390863891103032e-02	-2.627417446922274413e-01
3.040000000000000000e+02	-2.916297000000000139e+00	-2.397531277628864310e-02	-2.609295337537035908e-01
3.050000000000000000e+02	-2.966892000000000085e+00	-2.448313910128452689e-02	-2.590781106950774682e-01
3.060000000000000000e+02	-3.017040000000000166e+00	-2.498731129847911112e-02	-2.571877537455792839e-01
3.070000000000000000e+02	-3.066733000000000153e+00	-2.548775360158997069e-02	-2.552587469853693780e-01
3.080000000000000000e+02	-3.115965999999999791e+00	-2.598439080485785702e-02	-2.532913803028464250e-01
3.090000000000000000e+02	-3.164728999999999903e+00	-2.647714827434853591e-02	-2.512859493510841147e-01
3.100000000000000000e+02	-3.213013999999999815e+00	-2.696595195916867346e-02	-2.492427555034003872e-01
3.110000000000000000e+02	-3.260816000000000159e+00	-2.745072840259406288e-02	-2.471621058080675504e-01
3.120000000000000000e+02	-3.308126999999999818e+00	-2.793140475310863097e-02	-2.450443129421696620e-01
3.130000000000000000e+02	-3.354938999999999893e+00	-2.840790877535245493e-02	-2.428896951646136726e-01
3.140000000000000000e+02	-3.401247000000000131e+00	-2.888016886097717617e-02	-2.406985762683020169e-01
3.150000000000000000e+02	-3.447042000000000161e+00	-2.934811403940721167e-02	-2.384712855314734814e-01
3.160000000000000000e+02	-3.492319000000000173e+00	-2.981167398850510797e-02	-2.362081576682197037e-01
3.170000000000000000e+02	-3.537066999999999961e+00	-3.027077904513944887e-02	-2.339095327781849087e-01
3.180000000000000000e+02	-3.581284999999999830e+00	-3.072536021565375544e-02	-2.315757562954560145e-01
3.190000000000000000e+02	-3.624963000000000157e+00	-3.117534918623472012e-02	-2.292071789366514900e-01
3.200000000000000000e+02	-3.668096999999999941e+00	-3.162067833317831062e-02	-2.268041566482161542e-01
3.210000000000000000e+02	-3.710675000000000168e+00	-3.206128073305222065e-02	-2.243670505529297143e-01
3.220000000000000000e+02	-3.752698000000000089e+00	-3.249709017275296402e-02	-2.218962268956382877e-01
3.230000000000000000e+02	-3.794153999999999805e+00	-3.292804115945629356e-02	-2.193920569882152338e-01
3.240000000000000000e+02	-3.835036999999999807e+00	-3.335406893045941151e-02	-2.168549171537611231e-01
3.250000000000000000e+02	-3.875345999999999957e+00	-3.377510946291337190e-02	-2.142851886700503916e-01
3.260000000000000000e+02	-3.915068000000000215e+00	-3.419109948344436350e-02	-2.116832577122333137e-01
3.270000000000000000e+02	-3.954200999999999855e+00	-3.460197647766234674e-02	-2.090495152948024515e-01
3.280000000000000000e+02	-3.992741000000000096e+00	-3.500767869955562911e-02	-2.063843572128312986e-01
3.290000000000000000e+02	-4.030675999999999704e+00	-3.540814518076994266e-02	-2.036881839824948026e-01
3.300000000000000000e+02	-4.068006999999999707e+00	-3.580331573977070525e-02	-2.009614007808805114e-01
3.310000000000000000e+02	-4.104726000000000319e+00	-3.619313099088702218e-02	-1.982044173850988911e-01
3.320000000000000000e+02	-4.140825000000000422e+00	-3.657753235323604052e-02	-1.954176481107029739e-01
3.330000000000000000e+02	-4.176300000000000345e+00	-3.695646205952647645e-02	-1.926015117494249695e-01
3.340000000000000000e+02	-4.211146000000000278e+00	-3.732986316473971972e-02	-1.897564315062415519e-01
3.350000000000000000e+02	-4.245358999999999661e+00	-3.769767955468748821e-02	-1.868828349357748719e-01
3.360000000000000000e+02	-4.278932000000000180e+00	-3.805985595444459635e-02	-1.839811538780400935e-01
3.370000000000000000e+02	-4.311861000000000388e+00	-3.841633793665558128e-02	-1.810518243935495264e-01
3.380000000000000000e+02	-4.344140000000000335e+00	-3.876707192971395877e-02	-1.780952866977816296e-01
3.390000000000000000e+02	-4.375765999999999600e+00	-3.911200522581289446e-02	-1.751119850950263734e-01
3.400000000000000000e+02	-4.406731999999999871e+00	-3.945108598886609003e-02	-1.721023679116156502e-01
3.410000000000000000e+02	-4.437034999999999840e+00	-3.978426326229758669e-02	-1.690668874285494172e-01
3.420000000000000000e+02	-4.466668999999999556e+00	-4.011148697669946611e-02	-1.660059998135276771e-01
3.430000000000000000e+02	-4.495630000000000237e+00	-4.043270795735623424e-02	-1.629201650523981471e-01
3.440000000000000000e+02	-4.523914999999999687e+00	-4.074787793163469479e-02	-1.598098468800303040e-01
3.450000000000000000e+02	-4.551517999999999731e+00	-4.105694953623829219e-02	-1.566755127106258805e-01
3.460000000000000000e+02	-4.578437000000000090e+00	-4.135987632432484157e-02	-1.535176335674765802e-01
3.470000000000000000e+02	-4.604664999999999786e+00	-4.165661277248643851e-02	-1.503366840121793668e-01
3.480000000000000000e+02	-4.630200999999999567e+00	-4.194711428759066718e-02	-1.471331420733201500e-01
3.490000000000000000e+02	-4.655038000000000231e+00	-4.223133721348207997e-02	-1.439074891746356666e-01
3.500000000000000000e+02	-4.679174999999999862e+00	-4.250923883754261640e-02	-1.406602100626668517e-01
3.510000000000000000e+02	-4.702607000000000426e+00	-4.278077739711054484e-02	-1.373917927339111389e-01
3.520000000000000000e+02	-4.725331999999999866e+00	-4.304591208575640066e-02	-1.341027283614871779e-01
3.530000000000000000e+02	-4.747342999999999869e+00	-4.330460305941537941e-02	-1.307935112213220175e-01
3.540000000000000000e+02	-4.768640999999999686e+00	-4.355681144237501246e-02	-1.274646386178720781e-01
3.550000000000000000e+02	-4.789221000000000394e+00	-4.380249933311736177e-02	-1.241166108093889470e-01
3.560000000000000000e+02	-4.809077000000000268e+00	-4.404162981001481098e-02	-1.207499309327411119e-01
3.570000000000000000e+02	-4.828212999999999866e+00	-4.427416693687859922e-02	-1.173651049278035541e-01
3.580000000000000000e+02	-4.846618000000000315e+00	-4.450007576835923739e-02	-1.139626414614255956e-01
3.590000000000000000e+02	-4.864295000000000258e+00	-4.471932235519807119e-02	-1.105430518509892129e-01
3.600000000000000000e+02	-4.881240000000000023e+00	-4.493187374932911676e-02	-1.071068499875690722e-01
3.610000000000000000e+02	-4.897447999999999801e+00	-4.513769800883044719e-02	-1.036545522587055956e-01
3.620000000000000000e+02	-4.912920999999999871e+00	-4.533676420272440832e-02	-1.001866774708030650e-01
3.630000000000000000e+02	-4.927652000000000143e+00	-4.552904241562580334e-02	-9.670374677116404249e-02
3.640000000000000000e+02	-4.941641999999999868e+00	-4.571450375223764379e-02	-9.320628356967222694e-02
3.650000000000000000e+02	-4.954886000000000124e+00	-4.589312034169339832e-02	-8.969481346013497003e-02
3.660000000000000000e+02	-4.967386000000000301e+00	-4.606486534174544789e-02	-8.616986414129798599e-02
3.670000000000000000e+02	-4.979136999999999702e+00	-4.622971294279886595e-02	-8.263196533754338380e-02
3.680000000000000000e+02	-4.990137999999999963e+00	-4.638763837179007282e-02	-7.908164871928347051e-02
3.690000000000000000e+02	-5.000388000000000055e+00	-4.653861789590968412e-02	-7.551944782306219128e-02
3.700000000000000000e+02	-5.009884999999999700e+00	-4.668262882616902587e-02	-7.194589797137580789e-02
3.710000000000000000e+02	-5.018627000000000393e+00	-4.681964952080983067e-02	-6.836153619222559708e-02
3.720000000000000000e+02	-5.026614999999999611e+00	-4.694965938855653886e-02	-6.476690113841387930e-02
3.730000000000000000e+02	-5.033844000000000207e+00	-4.707263889171069138e-02	-6.116253300659618003e-02
3.740000000000000000e+02	-5.040314999999999657e+00	-4.718856954908705326e-02	-5.754897345610113235e-02
3.750000000000000000e+02	-5.046026999999999596e+00	-4.729743393879090596e-02	-5.392676552753074282e-02
3.760000000000000000e+02	-5.050981000000000165e+00	-4.739921570083625163e-02	-5.029645356115301780e-02
3.770000000000000000e+02	-5.055171999999999777e+00	-4.749389953960430483e-02	-4.665858311509923223e-02
3.780000000000000000e+02	-5.058601000000000347e+00	-4.758147122614211910e-02	-4.301370088337829606e-02
3.790000000000000000e+02	-5.061271999999999771e+00	-4.766191760030089042e-02	-3.936235461372030592e-02
3.800000000000000000e+02	-5.063176999999999595e+00	-4.773522657271365988e-02	-3.570509302526179984e-02
3.810000000000000000e+02	-5.064321999999999768e+00	-4.780138712661206879e-02	-3.204246572608503846e-02
3.820000000000000000e+02	-5.064702999999999733e+00	-4.786038931948195796e-02	-2.837502313062369511e-02
3.830000000000000000e+02	-5.064321999999999768e+00	-4.791222428455749194e-02	-2.470331637694730617e-02
3.840000000000000000e+02	-5.059877000000000180e+00	-4.795688423215366952e-02	-2.102789724393706872e-02
3.850000000000000000e+02	-5.057305000000000383e+00	-4.799436245083693597e-02	-1.734931806836555179e-02
3.860000000000000000e+02	-5.056066999999999645e+00	-4.802465330843376512e-02	-1.366813166189121895e-02
3.870000000000000000e+02	-5.051211000000000340e+00	-4.804775225287705176e-02	-9.984891227984307727e-03
3.880000000000000000e+02	-5.049211999999999811e+00	-4.806365581289021721e-02	-6.300150278791115215e-03
3.890000000000000000e+02	-5.044641000000000375e+00	-4.807236159850880597e-02	-2.614462551953243216e-03
3.900000000000000000e+02	-5.036364999999999981e+00	-4.807386830143971224e-02	1.071618072607301991e-03
3.910000000000000000e+02	-5.033227000000000118e+00	-4.806817569525776573e-02	4.757537655924403384e-03
3.920000000000000000e+02	-5.022674999999999557e+00	-4.805528463543973922e-02	8.442742283232993958e-03
3.930000000000000000e+02	-5.018779000000000323e+00	-4.803519705923581934e-02	1.212667814721058064e-02
3.940000000000000000e+02	-5.010421000000000014e+00	-4.800791598537844374e-02	1.580879163120262054e-02
3.950000000000000000e+02	-5.001310000000000144e+00	-4.797344551362869858e-02	1.948852939241925777e-02
3.960000000000000000e+02	-4.986228999999999800e+00	-4.793179082416015174e-02	2.316533844509087448e-02
3.970000000000000000e+02	-4.980826000000000420e+00	-4.788295817678044075e-02	2.683866624357002240e-02
3.980000000000000000e+02	-4.969458000000000375e+00	-4.782695490999053223e-02	3.050796076536719040e-02
3.990000000000000000e+02	-4.957341000000000442e+00	-4.776378943988188880e-02	3.417267059410797336e-02
4.000000000000000000e+02	-4.937770000000000437e+00	-4.769347125887173772e-02	3.783224500239912302e-02
4.010000000000000000e+02	-4.923790999999999585e+00	-4.761601093427653836e-02	4.148613403459110172e-02
4.020000000000000000e+02	-4.916523999999999894e+00	-4.753142010672397472e-02	4.513378858942460048e-02
4.030000000000000000e+02	-4.901434000000000069e+00	-4.743971148840358393e-02	4.877466050254875007e-02
4.040000000000000000e+02	-4.885604999999999976e+00	-4.734089886115639551e-02	5.240820262889843428e-02
4.050000000000000000e+02	-4.860484999999999722e+00	-4.723499707440383805e-02	5.603386892491851040e-02
4.060000000000000000e+02	-4.842820999999999820e+00	-4.712202204291615626e-02	5.965111453062242608e-02
4.070000000000000000e+02	-4.833715999999999902e+00	-4.700199074442078240e-02	6.325939585147304089e-02
4.080000000000000000e+02	-4.814960000000000129e+00	-4.687492121705093967e-02	6.685817064007319732e-02
4.090000000000000000e+02	-4.795480000000000409e+00	-4.674083255663491476e-02	7.044689807765391887e-02
4.100000000000000000e+02	-4.775276999999999994e+00	-4.659974491382632561e-02	7.402503885534791883e-02
4.110000000000000000e+02	-4.754354000000000191e+00	-4.645167949107595340e-02	7.759205525523610314e-02
4.120000000000000000e+02	-4.732715999999999923e+00	-4.629665853944544412e-02	8.114741123115508381e-02
4.130000000000000000e+02	-4.710363000000000078e+00	-4.613470535526344174e-02	8.469057248925349057e-02
4.140000000000000000e+02	-4.675507999999999775e+00	-4.596584427662467331e-02	8.822100656828478493e-02
4.150000000000000000e+02	-4.651392000000000415e+00	-4.579010067973244419e-02	9.173818291962486382e-02
4.160000000000000000e+02	-4.639070000000000249e+00	-4.560750097508513984e-02	9.524157298700215712e-02
4.170000000000000000e+02	-4.601056999999999952e+00	-4.541807260350727571e-02	9.873065028592822867e-02
4.180000000000000000e+02	-4.588039000000000200e+00	-4.522184403202576114e-02	1.022048904828172511e-01
4.190000000000000000e+02	-4.547952000000000439e+00	-4.501884474959189086e-02	1.056637714737819755e-01
4.200000000000000000e+02	-4.520372000000000057e+00	-4.480910526264978572e-02	1.091067734630948582e-01
4.210000000000000000e+02	-4.492109000000000130e+00	-4.459265709055196952e-02	1.125333790413019369e-01
4.220000000000000000e+02	-4.477721999999999980e+00	-4.436953276082260950e-02	1.159430732629793959e-01
4.230000000000000000e+02	-4.433557999999999666e+00	-4.413976580426938467e-02	1.193353437241173043e-01
4.240000000000000000e+02	-4.403279999999999639e+00	-4.390339074994452362e-02	1.227096806391240469e-01
4.250000000000000000e+02	-4.372335999999999778e+00	-4.366044311995579547e-02	1.260655769174358620e-01
4.260000000000000000e+02	-4.340736999999999846e+00	-4.341095942412832170e-02	1.294025282397216203e-01
4.270000000000000000e+02	-4.308481999999999701e+00	-4.315497715451791644e-02	1.327200331336714778e-01
4.280000000000000000e+02	-4.275579999999999714e+00	-4.289253477977685025e-02	1.360175930493570662e-01
4.290000000000000000e+02	-4.242033000000000165e+00	-4.262367173937282872e-02	1.392947124341531728e-01
4.300000000000000000e+02	-4.207845999999999975e+00	-4.234842843766205983e-02	1.425508988072085037e-01
4.310000000000000000e+02	-4.173028000000000404e+00	-4.206684623781740268e-02	1.457856628334550653e-01
4.320000000000000000e+02	-4.137579999999999814e+00	-4.177896745561230502e-02	1.489985183971448135e-01
4.330000000000000000e+02	-4.101509000000000071e+00	-4.148483535306168868e-02	1.521889826749023011e-01
4.340000000000000000e+02	-4.064818999999999960e+00	-4.118449413192059455e-02	1.553565762082827484e-01
4.350000000000000000e+02	-4.027517999999999709e+00	-4.087798892704156556e-02	1.585008229758244902e-01
4.360000000000000000e+02	-3.989612000000000158e+00	-4.056536579959191258e-02	1.616212504645846426e-01
4.370000000000000000e+02	-3.951103999999999949e+00	-4.024667173013164040e-02	1.647173897411476351e-01
4.380000000000000000e+02	-3.912001000000000062e+00	-3.992195461155332442e-02	1.677887755220961452e-01
4.390000000000000000e+02	-3.872307999999999861e+00	-3.959126324188479845e-02	1.708349462439330002e-01
4.400000000000000000e+02	-3.832031999999999883e+00	-3.925464731695588183e-02	1.738554441324442201e-01
4.410000000000000000e+02	-3.791180999999999912e+00	-3.891215742293015895e-02	1.768498152714929050e-01
4.420000000000000000e+02	-3.749756000000000089e+00	-3.856384502870294217e-02	1.798176096712330030e-01
4.430000000000000000e+02	-3.707768000000000175e+00	-3.820976247816661869e-02	1.827583813357330500e-01
4.440000000000000000e+02	-3.665221999999999980e+00	-3.784996298234449136e-02	1.856716883299999454e-01
4.450000000000000000e+02	-3.622125000000000039e+00	-3.748450061139425860e-02	1.885570928463922435e-01
4.460000000000000000e+02	-3.578479999999999883e+00	-3.711343028648248638e-02	1.914141612704133022e-01
4.470000000000000000e+02	-3.534297000000000022e+00	-3.673680777153108534e-02	1.942424642458742134e-01
4.480000000000000000e+02	-3.489583000000000101e+00	-3.635468966483722947e-02	1.970415767394168849e-01
4.490000000000000000e+02	-3.444341000000000097e+00	-3.596713339056780562e-02	1.998110781043874462e-01
4.500000000000000000e+02	-3.398581000000000074e+00	-3.557419719012980958e-02	2.025505521440503498e-01
4.510000000000000000e+02	-3.352310000000000123e+00	-3.517594011341790977e-02	2.052595871741339228e-01
4.520000000000000000e+02	-3.305533000000000055e+00	-3.477242200994051097e-02	2.079377760846976564e-01
4.530000000000000000e+02	-3.258259999999999934e+00	-3.436370351982565713e-02	2.105847164013121553e-01
4.540000000000000000e+02	-3.210494999999999877e+00	-3.394984606470811267e-02	2.132000103455423679e-01
4.550000000000000000e+02	-3.162247999999999948e+00	-3.353091183849901680e-02	2.157832648947251297e-01
4.560000000000000000e+02	-3.113523999999999958e+00	-3.310696379803947098e-02	2.183340918410321962e-01
4.570000000000000000e+02	-3.064331000000000138e+00	-3.267806565363944732e-02	2.208521078498093815e-01
4.580000000000000000e+02	-3.014676000000000133e+00	-3.224428185950356518e-02	2.233369345171834497e-01
4.590000000000000000e+02	-2.964567000000000174e+00	-3.180567760404484634e-02	2.257881984269289599e-01
4.600000000000000000e+02	-2.914013000000000186e+00	-3.136231880008851641e-02	2.282055312065834063e-01
4.610000000000000000e+02	-2.863018999999999981e+00	-3.091427207496654297e-02	2.305885695828066295e-01
4.620000000000000000e+02	-2.811592999999999787e+00	-3.046160476050505453e-02	2.329369554359726757e-01
4.630000000000000000e+02	-2.759745999999999810e+00	-3.000438488290578173e-02	2.352503358539876355e-01
4.640000000000000000e+02	-2.707479999999999887e+00	-2.954268115252318277e-02	2.375283631853247202e-01
4.650000000000000000e+02	-2.654809000000000196e+00	-2.907656295353876208e-02	2.397706950912688595e-01
4.660000000000000000e+02	-2.601738000000000106e+00	-2.860610033353407772e-02	2.419769945973628822e-01
4.670000000000000000e+02	-2.548273000000000010e+00	-2.813136399296414097e-02	2.441469301440474804e-01
4.680000000000000000e+02	-2.494426999999999950e+00	-2.765242527453261323e-02	2.462801756364875472e-01
4.690000000000000000e+02	-2.440202999999999900e+00	-2.716935615247053834e-02	2.483764104935773931e-01
4.700000000000000000e+02	-2.385613000000000206e+00	-2.668222922172015441e-02	2.504353196961169870e-01
4.710000000000000000e+02	-2.330665000000000209e+00	-2.619111768702543641e-02	2.524565938341527538e-01
4.720000000000000000e+02	-2.275363000000000024e+00	-2.569609535193098995e-02	2.544399291534751861e-01
4.730000000000000000e+02	-2.219720000000000137e+00	-2.519723660769094750e-02	2.563850276012665796e-01
4.740000000000000000e+02	-2.163743000000000194e+00	-2.469461642208956725e-02	2.582915968708921484e-01
4.750000000000000000e+02	-2.107438999999999840e+00	-2.418831032817517560e-02	2.601593504458272199e-01
4.760000000000000000e+02	-2.050819000000000170e+00	-2.367839441290918098e-02	2.619880076427147930e-01
4.770000000000000000e+02	-1.993889000000000022e+00	-2.316494530573180721e-02	2.637772936535458523e-01
4.780000000000000000e+02	-1.936658999999999908e+00	-2.264804016704636061e-02	2.655269395869575000e-01
4.790000000000000000e+02	-1.879137999999999975e+00	-2.212775667662365137e-02	2.672366825086414654e-01
4.800000000000000000e+02	-1.821333000000000091e+00	-2.160417302192838701e-02	2.689062654808574426e-01
4.810000000000000000e+02	-1.763255000000000017e+00	-2.107736788636929703e-02	2.705354376010452588e-01
4.820000000000000000e+02	-1.704909999999999926e+00	-2.054742043747466787e-02	2.721239540395303802e-01
4.830000000000000000e+02	-1.646309000000000022e+00	-2.001441031499518949e-02	2.736715760763162586e-01
4.840000000000000000e+02	-1.587460000000000093e+00	-1.947841761893577550e-02	2.751780711369591348e-01
4.850000000000000000e+02	-1.528372000000000064e+00	-1.893952289751828916e-02	2.766432128275189695e-01
4.860000000000000000e+02	-1.469054000000000082e+00	-1.839780713507681992e-02	2.780667809685811731e-01
4.870000000000000000e+02	-1.409513999999999934e+00	-1.785335173988751925e-02	2.794485616283455820e-01
4.880000000000000000e+02	-1.349761999999999906e+00	-1.730623853193465067e-02	2.807883471547751864e-01
4.890000000000000000e+02	-1.289806999999999926e+00	-1.675654973061481423e-02	2.820859362068020015e-01
4.900000000000000000e+02	-1.229657999999999918e+00	-1.620436794238112183e-02	2.833411337845845313e-01
4.910000000000000000e+02	-1.169324000000000030e+00	-1.564977614832923150e-02	2.845537512588117157e-01
4.920000000000000000e+02	-1.108813000000000049e+00	-1.509285769172703968e-02	2.857236063990500896e-01
4.930000000000000000e+02	-1.048135999999999957e+00	-1.453369626549000371e-02	2.868505234011290983e-01
4.940000000000000000e+02	-9.873003000000000196e-01	-1.397237589960391088e-02	2.879343329135605756e-01
4.950000000000000000e+02	-9.263162000000000340e-01	-1.340898094849680977e-02	2.889748720629888856e-01
4.960000000000000000e+02	-8.651927999999999841e-01	-1.284359607836260339e-02	2.899719844786670664e-01
4.970000000000000000e+02	-8.039387000000000061e-01	-1.227630625443735558e-02	2.909255203159560321e-01
4.980000000000000000e+02	-7.425637999999999961e-01	-1.170719672823087969e-02	2.918353362788431715e-01
4.990000000000000000e+02	-6.810770999999999908e-01	-1.113635302471527484e-02	2.927012956414764555e-01
5.000000000000000000e+02	-6.194878999999999802e-01	-1.056386092947233894e-02	2.935232682687116124e-01
5.010000000000000000e+02	-5.578052000000000010e-01	-9.989806475801844485e-03	2.943011306356684842e-01
5.020000000000000000e+02	-4.960386999999999991e-01	-9.414275931792564708e-03	2.950347658462942335e-01
5.030000000000000000e+02	-4.341974000000000111e-01	-8.837355787358043210e-03	2.957240636509304021e-01
5.040000000000000000e+02	-3.722906000000000271e-01	-8.259132741238997891e-03	2.963689204628809359e-01
5.050000000000000000e+02	-3.103278999999999899e-01	-7.679693687974367168e-03	2.969692393739791214e-01
5.060000000000000000e+02	-2.483183999999999947e-01	-7.099125704842910133e-03	2.975249301691507697e-01
5.070000000000000000e+02	-1.862716000000000094e-01	-6.517516038777374648e-03	2.980359093399716497e-01
5.080000000000000000e+02	-1.241966000000000042e-01	-5.934952093253134664e-03	2.985021000972169491e-01
5.090000000000000000e+02	-6.210299999999999848e-02	-5.351521415153329825e-03	2.989234323824012662e-01
5.100000000000000000e+02	-1.735329000000000080e-14	-4.767311681612443341e-03	2.992998428783064657e-01
5.110000000000000000e+02	6.210299999999999848e-02	-4.182410686840300033e-03	2.996312750184974560e-01
