0.000000000000000000e+00	7.372226000000005053e-01	-1.062370925659534681e-03	5.395491706501179818e-01
1.000000000000000000e+00	8.503293000000005097e-01	-8.527305187621927107e-06	5.395731895951509927e-01
2.000000000000000000e+00	9.633078000000004915e-01	1.045284084031323623e-03	5.395161662601878350e-01
3.000000000000000000e+00	1.076141000000000458e+00	2.098904962677063460e-03	5.393781092099627639e-01
4.000000000000000000e+00	1.188813000000000564e+00	3.152177080043476118e-03	5.391590391802321136e-01
5.000000000000000000e+00	1.357479000000000546e+00	4.204942237807343837e-03	5.388589890746594557e-01
6.000000000000000000e+00	1.413602000000000469e+00	5.257042313789264502e-03	5.384780039598734414e-01
7.000000000000000000e+00	1.525686000000000542e+00	6.308319285703129289e-03	5.380161410586995485e-01
8.000000000000000000e+00	1.637539000000000522e+00	7.358615254890603190e-03	5.374734697415647355e-01
9.000000000000000000e+00	1.749147000000000451e+00	8.407772470037025783e-03	5.368500715160784420e-01
1.000000000000000000e+01	1.860491000000000561e+00	9.455633350865190814e-03	5.361460400147904926e-01
1.100000000000000000e+01	1.971554000000000473e+00	1.050204051180342844e-02	5.353614809811275688e-01
1.200000000000000000e+01	2.082321000000000311e+00	1.154683678562445394e-02	5.344965122535111357e-01
1.300000000000000000e+01	2.192774000000000445e+00	1.258986524705140927e-02	5.335512637476581554e-01
1.400000000000000000e+01	2.302897000000000638e+00	1.363096923632757182e-02	5.325258774370683623e-01
1.500000000000000000e+01	2.412674000000000429e+00	1.466999238274618693e-02	5.314205073317002093e-01
1.600000000000000000e+01	2.522087000000000412e+00	1.570677862813687348e-02	5.302353194548388160e-01
1.700000000000000000e+01	2.631120000000000569e+00	1.674117225030509470e-02	5.289704918181602489e-01
1.800000000000000000e+01	2.739756000000000302e+00	1.777301788642118158e-02	5.276262143949943528e-01
1.900000000000000000e+01	2.847981000000000318e+00	1.880216055635533165e-02	5.262026890917910205e-01
2.000000000000000000e+01	2.955777000000000321e+00	1.982844568595519899e-02	5.247001297177953383e-01
2.100000000000000000e+01	3.116631000000000373e+00	2.085171913026245133e-02	5.231187619529331645e-01
2.200000000000000000e+01	3.223283000000000342e+00	2.187182719666488223e-02	5.214588233139153539e-01
2.300000000000000000e+01	3.276427000000000422e+00	2.288861666798056721e-02	5.197205631185627395e-01
2.400000000000000000e+01	3.382347000000000659e+00	2.390193482547067760e-02	5.179042424483604190e-01
2.500000000000000000e+01	3.487755000000000383e+00	2.491162947177730583e-02	5.160101341092429017e-01
2.600000000000000000e+01	3.592639000000000582e+00	2.591754895378312745e-02	5.140385225906201061e-01
2.700000000000000000e+01	3.696981000000000517e+00	2.691954218538917046e-02	5.119897040226479845e-01
2.800000000000000000e+01	3.800768000000000590e+00	2.791745867020757263e-02	5.098639861317503241e-01
2.900000000000000000e+01	3.903980000000000672e+00	2.891114852416562520e-02	5.076616881943994963e-01
3.000000000000000000e+01	4.006605000000000416e+00	2.990046249801796285e-02	5.053831409891618165e-01
3.100000000000000000e+01	4.108628000000000391e+00	3.088525199976329544e-02	5.030286867470156187e-01
3.200000000000000000e+01	4.210032000000000885e+00	3.186536911696255525e-02	5.005986790999493730e-01
3.300000000000000000e+01	4.310802000000000689e+00	3.284066663895485183e-02	4.980934830278470060e-01
3.400000000000000000e+01	4.410922000000000232e+00	3.381099807896805615e-02	4.955134748036690850e-01
3.500000000000000000e+01	4.510378000000000220e+00	3.477621769612075642e-02	4.928590419369379139e-01
3.600000000000000000e+01	4.609154000000000195e+00	3.573618051731202588e-02	4.901305831155344239e-01
3.700000000000000000e+01	4.707237000000000116e+00	3.669074235899597025e-02	4.873285081458168522e-01
3.800000000000000000e+01	4.804611000000000409e+00	3.763975984883768250e-02	4.844532378910685888e-01
3.900000000000000000e+01	4.901261000000000756e+00	3.858309044724732295e-02	4.815052042082861861e-01
4.000000000000000000e+01	4.997173000000000087e+00	3.952059246878913967e-02	4.784848498833155217e-01
4.100000000000000000e+01	5.092333000000000887e+00	4.045212510346221646e-02	4.753926285643466088e-01
4.200000000000000000e+01	5.186726000000000170e+00	4.137754843784968717e-02	4.722290046937773766e-01
4.300000000000000000e+01	5.280339000000000560e+00	4.229672347613331468e-02	4.689944534384551944e-01
4.400000000000000000e+01	5.373155000000000570e+00	4.320951216097027731e-02	4.656894606183089036e-01
4.500000000000000000e+01	5.465162000000000297e+00	4.411577739422893607e-02	4.623145226333795210e-01
4.600000000000000000e+01	5.556346000000000451e+00	4.501538305758058522e-02	4.588701463892629340e-01
4.700000000000000000e+01	5.646693000000000850e+00	4.590819403294400108e-02	4.553568492209738583e-01
4.800000000000000000e+01	5.736191000000000706e+00	4.679407622277979156e-02	4.517751588152437714e-01
4.900000000000000000e+01	5.824826000000000725e+00	4.767289657023143085e-02	4.481256131312639224e-01
5.000000000000000000e+01	5.912581000000000309e+00	4.854452307911000242e-02	4.444087603198856873e-01
5.100000000000000000e+01	5.999446000000000723e+00	4.940882483371965284e-02	4.406251586412894827e-01
5.200000000000000000e+01	6.085410000000000430e+00	5.026567201852071010e-02	4.367753763811362266e-01
5.300000000000000000e+01	6.170456000000000607e+00	5.111493593762759385e-02	4.328599917652123374e-01
5.400000000000000000e+01	6.254571000000000325e+00	5.195648903413858238e-02	4.288795928725817608e-01
5.500000000000000000e+01	6.337746000000000102e+00	5.279020490929444559e-02	4.248347775472586241e-01
5.600000000000000000e+01	6.419967000000000645e+00	5.361595834146316852e-02	4.207261533084126759e-01
5.700000000000000000e+01	6.501220000000000887e+00	5.443362530494786494e-02	4.165543372591215543e-01
5.800000000000000000e+01	6.581495000000000317e+00	5.524308298861507760e-02	4.123199559936840952e-01
5.900000000000000000e+01	6.660777000000000392e+00	5.604420981434064808e-02	4.080236455035073928e-01
6.000000000000000000e+01	6.739058000000000881e+00	5.683688545527033897e-02	4.036660510815830993e-01
6.100000000000000000e+01	6.816323000000000576e+00	5.762099085389263409e-02	3.992478272255661209e-01
6.200000000000000000e+01	6.892563000000000883e+00	5.839640823992078150e-02	3.947696375394711410e-01
6.300000000000000000e+01	6.967763000000000595e+00	5.916302114798155376e-02	3.902321546340011826e-01
6.400000000000000000e+01	7.041914000000000229e+00	5.992071443510799122e-02	3.856360600255236970e-01
6.500000000000000000e+01	7.115006000000000164e+00	6.066937429803351961e-02	3.809820440337086112e-01
6.600000000000000000e+01	7.187026000000000359e+00	6.140888829028488816e-02	3.762708056778444332e-01
6.700000000000000000e+01	7.257962000000000913e+00	6.213914533907126392e-02	3.715030525718477916e-01
6.800000000000000000e+01	7.327808000000000099e+00	6.286003576196708131e-02	3.666795008179817295e-01
6.900000000000000000e+01	7.396549000000000262e+00	6.357145128338594076e-02	3.618008748992995183e-01
7.000000000000000000e+01	7.464177000000000284e+00	6.427328505084334287e-02	3.568679075708290349e-01
7.100000000000000000e+01	7.530679000000000123e+00	6.496543165100558681e-02	3.518813397495158535e-01
7.200000000000000000e+01	7.596047000000000438e+00	6.564778712552252204e-02	3.468419204029391523e-01
7.300000000000000000e+01	7.660271000000000718e+00	6.632024898664182211e-02	3.417504064368190875e-01
7.400000000000000000e+01	7.723344000000000875e+00	6.698271623260231011e-02	3.366075625813320094e-01
7.500000000000000000e+01	7.815767000000000131e+00	6.763508936280411554e-02	3.314141612762503963e-01
7.600000000000000000e+01	7.845986000000000793e+00	6.827727039275338639e-02	3.261709825549242159e-01
7.700000000000000000e+01	7.905540000000000234e+00	6.890916286877923902e-02	3.208788139271226414e-01
7.800000000000000000e+01	7.963905000000000456e+00	6.953067188252087805e-02	3.155384502607523900e-01
7.900000000000000000e+01	8.021069000000000671e+00	7.014170408518244360e-02	3.101506936624709998e-01
8.000000000000000000e+01	8.077026000000000039e+00	7.074216770155382361e-02	3.047163533572124217e-01
8.100000000000000000e+01	8.131765999999998940e+00	7.133197254379496088e-02	2.992362455666442433e-01
8.200000000000000000e+01	8.185280999999999807e+00	7.191103002498179519e-02	2.937111933865736435e-01
8.300000000000000000e+01	8.237563000000001523e+00	7.247925317241175891e-02	2.881420266633206162e-01
8.400000000000000000e+01	8.288606000000001472e+00	7.303655664066685538e-02	2.825295818690778393e-01
8.500000000000000000e+01	8.338398999999999006e+00	7.358285672443223846e-02	2.768747019762744510e-01
8.600000000000000000e+01	8.386936000000002167e+00	7.411807137106850296e-02	2.711782363309649946e-01
8.700000000000000000e+01	8.434214000000000766e+00	7.464212019293579858e-02	2.654410405252594640e-01
8.800000000000000000e+01	8.480219000000001728e+00	7.515492447946772736e-02	2.596639762688162101e-01
8.900000000000000000e+01	8.524947000000000941e+00	7.565640720899352578e-02	2.538479112594158593e-01
9.000000000000000000e+01	8.568390000000000839e+00	7.614649306030642217e-02	2.479937190526352031e-01
9.100000000000000000e+01	8.610544000000000864e+00	7.662510842397667055e-02	2.421022789306424561e-01
9.200000000000000000e+01	8.651400999999999897e+00	7.709218141340749841e-02	2.361744757701312591e-01
9.300000000000000000e+01	8.690955999999999904e+00	7.754764187563226163e-02	2.302111999094146322e-01
9.400000000000000000e+01	8.729200999999999766e+00	7.799142140185111316e-02	2.242133470146995822e-01
9.500000000000000000e+01	8.766132999999999953e+00	7.842345333770593674e-02	2.181818179455597695e-01
9.600000000000000000e+01	8.801745000000000374e+00	7.884367279329154710e-02	2.121175186196299634e-01
9.700000000000000000e+01	8.836030000000000939e+00	7.925201665290196318e-02	2.060213598765394671e-01
9.800000000000000000e+01	8.868983000000000061e+00	7.964842358451026949e-02	1.998942573411065515e-01
9.900000000000000000e+01	8.900603000000000264e+00	8.003283404898040021e-02	1.937371312858147954e-01
1.000000000000000000e+02	8.930883000000001459e+00	8.040519030900979136e-02	1.875509064925908742e-01
1.010000000000000000e+02	8.959814999999998975e+00	8.076543643780138837e-02	1.813365121139044467e-01
1.020000000000000000e+02	8.987398999999999916e+00	8.111351832746360735e-02	1.750948815332130093e-01
1.030000000000000000e+02	9.013629000000001668e+00	8.144938369713723703e-02	1.688269522247702603e-01
1.040000000000000000e+02	9.038503000000002174e+00	8.177298210084782415e-02	1.625336656128198443e-01
1.050000000000000000e+02	9.062015999999999849e+00	8.208426493508255706e-02	1.562159669301969589e-01
1.060000000000000000e+02	9.084164000000001238e+00	8.238318544609032901e-02	1.498748050763565043e-01
1.070000000000000000e+02	9.114820000000001698e+00	8.266969873690402371e-02	1.435111324748517825e-01
1.080000000000000000e+02	9.124351000000000766e+00	8.294376177408389894e-02	1.371259049302830935e-01
1.090000000000000000e+02	9.142386999999999375e+00	8.320533339418111074e-02	1.307200814847384873e-01
1.100000000000000000e+02	9.159043000000000490e+00	8.345437430992029559e-02	1.242946242737490853e-01
1.110000000000000000e+02	9.174320999999999060e+00	8.369084711610040583e-02	1.178504983817788565e-01
1.120000000000000000e+02	9.194648000000000820e+00	8.391471629521293774e-02	1.113886716972714991e-01
1.130000000000000000e+02	9.200732999999999606e+00	8.412594822277644213e-02	1.049101147672771989e-01
1.140000000000000000e+02	9.211860000000001492e+00	8.432451117238687344e-02	9.841580065167898628e-02
1.150000000000000000e+02	9.221600999999999715e+00	8.451037532048283341e-02	9.190670477704170060e-02
1.160000000000000000e+02	9.229950999999999794e+00	8.468351275082493246e-02	8.538380479010669599e-02
1.170000000000000000e+02	9.236913000000001261e+00	8.484389745868869959e-02	7.884808041095124620e-02
1.180000000000000000e+02	9.242483000000000004e+00	8.499150535477054125e-02	7.230051328583832204e-02
1.190000000000000000e+02	9.246662000000000603e+00	8.512631426880570840e-02	6.574208683977598999e-02
1.200000000000000000e+02	9.249446999999999974e+00	8.524830395289835494e-02	5.917378612880944133e-02
1.210000000000000000e+02	9.250841000000001202e+00	8.535745608456260514e-02	5.259659769206932040e-02
1.220000000000000000e+02	9.250841000000001202e+00	8.545375426947460218e-02	4.601150940359612779e-02
1.230000000000000000e+02	9.249446999999999974e+00	8.553718404393487185e-02	3.941951032396408955e-02
1.240000000000000000e+02	9.246662000000000603e+00	8.560773287704070977e-02	3.282159055172810536e-02
1.250000000000000000e+02	9.242483000000000004e+00	8.566539017256828703e-02	2.621874107471290974e-02
1.260000000000000000e+02	9.236913000000001261e+00	8.571014727056416871e-02	1.961195362117052615e-02
1.270000000000000000e+02	9.229950999999999794e+00	8.574199744864606509e-02	1.300222051082527627e-02
1.280000000000000000e+02	9.221600999999999715e+00	8.576093592301242685e-02	6.390534505829963650e-03
1.290000000000000000e+02	9.211860000000001492e+00	8.576695984916103688e-02	-2.221113383433021753e-04
1.300000000000000000e+02	9.200732999999999606e+00	8.576006832231618249e-02	-6.834723822057442097e-03
1.310000000000000000e+02	9.188219000000000136e+00	8.574026237756460223e-02	-1.344630975068637595e-02
1.320000000000000000e+02	9.174320999999999060e+00	8.570754498969998525e-02	-2.005587608378917031e-02
1.330000000000000000e+02	9.159043000000000490e+00	8.566192107277617596e-02	-2.666243008426210162e-02
1.340000000000000000e+02	9.142386999999999375e+00	8.560339747936909771e-02	-3.326497946744515904e-02
1.350000000000000000e+02	9.124351000000000766e+00	8.553198299954753447e-02	-3.986253255015939634e-02
1.360000000000000000e+02	9.104943999999999704e+00	8.544768835955285358e-02	-4.645409839965574522e-02
1.370000000000000000e+02	9.073260000000001213e+00	8.535052622018797497e-02	-5.303868698244931790e-02
1.380000000000000000e+02	9.062015999999999849e+00	8.524051117491575347e-02	-5.961530931301978892e-02
1.390000000000000000e+02	9.026237999999999317e+00	8.511765974766710707e-02	-6.618297760235451743e-02
1.400000000000000000e+02	9.013629000000001668e+00	8.498199039035912727e-02	-7.274070540631066839e-02
1.410000000000000000e+02	8.987398999999999916e+00	8.483352348012369870e-02	-7.928750777377663317e-02
1.420000000000000000e+02	8.959814999999998975e+00	8.467228131624687792e-02	-8.582240139460907413e-02
1.430000000000000000e+02	8.930883000000001459e+00	8.449828811681965590e-02	-9.234440474732223680e-02
1.440000000000000000e+02	8.884959000000002050e+00	8.431157001510040938e-02	-9.885253824651070442e-02
1.450000000000000000e+02	8.868983000000000061e+00	8.411215505558983230e-02	-1.053458243899791091e-01
1.460000000000000000e+02	8.836030000000000939e+00	8.390007318981866635e-02	-1.118232879055606199e-01
1.470000000000000000e+02	8.801745000000000374e+00	8.367535627184913283e-02	-1.182839558976001154e-01
1.480000000000000000e+02	8.766132999999999953e+00	8.343803805349048197e-02	-1.247268579930795734e-01
1.490000000000000000e+02	8.729200999999999766e+00	8.318815417922967304e-02	-1.311510264873655129e-01
1.500000000000000000e+02	8.690955999999999904e+00	8.292574218087754578e-02	-1.375554964895556731e-01
1.510000000000000000e+02	8.651400999999999897e+00	8.265084147193177411e-02	-1.439393060674021563e-01
1.520000000000000000e+02	8.589628000000001151e+00	8.236349334165701808e-02	-1.503014963917909119e-01
1.530000000000000000e+02	8.568390000000000839e+00	8.206374094888341242e-02	-1.566411118807555514e-01
1.540000000000000000e+02	8.502742000000001354e+00	8.175162931552419632e-02	-1.629572003430019567e-01
1.550000000000000000e+02	8.480219000000001728e+00	8.142720531981365029e-02	-1.692488131209256563e-01
1.560000000000000000e+02	8.434214000000000766e+00	8.109051768926604786e-02	-1.755150052330963495e-01
1.570000000000000000e+02	8.386936000000002167e+00	8.074161699335694053e-02	-1.817548355161917595e-01
1.580000000000000000e+02	8.338398999999999006e+00	8.038055563592778896e-02	-1.879673667663578907e-01
1.590000000000000000e+02	8.288606000000001472e+00	8.000738784731510622e-02	-1.941516658799735395e-01
1.600000000000000000e+02	8.211576000000000874e+00	7.962216967620509844e-02	-2.003068039937999645e-01
1.610000000000000000e+02	8.185280999999999807e+00	7.922495898121546809e-02	-2.064318566244938147e-01
1.620000000000000000e+02	8.131765999999998940e+00	7.881581542220510161e-02	-2.125259038074609752e-01
1.630000000000000000e+02	8.077026000000000039e+00	7.839480045131341779e-02	-2.185880302350329263e-01
1.640000000000000000e+02	7.992637000000000214e+00	7.796197730373038981e-02	-2.246173253939434677e-01
1.650000000000000000e+02	7.963905000000000456e+00	7.751741098819885101e-02	-2.306128837020844646e-01
1.660000000000000000e+02	7.905540000000000234e+00	7.706116827725031926e-02	-2.365738046445222675e-01
1.670000000000000000e+02	7.845986000000000793e+00	7.659331769717603322e-02	-2.424991929087514930e-01
1.680000000000000000e+02	7.785252000000000727e+00	7.611392951773447713e-02	-2.483881585191692054e-01
1.690000000000000000e+02	7.723344000000000875e+00	7.562307574159701784e-02	-2.542398169707461020e-01
1.700000000000000000e+02	7.660271000000000718e+00	7.512083009353340279e-02	-2.600532893618768271e-01
1.710000000000000000e+02	7.596047000000000438e+00	7.460726800933849268e-02	-2.658277025263874327e-01
1.720000000000000000e+02	7.530679000000000123e+00	7.408246662450201914e-02	-2.715621891646837205e-01
1.730000000000000000e+02	7.464177000000000284e+00	7.354650476262303282e-02	-2.772558879740164017e-01
1.740000000000000000e+02	7.396549000000000262e+00	7.299946292357095690e-02	-2.829079437778455053e-01
1.750000000000000000e+02	7.293022000000000560e+00	7.244142327139456439e-02	-2.885175076542865202e-01
1.760000000000000000e+02	7.257962000000000913e+00	7.187246962198133582e-02	-2.940837370636155690e-01
1.770000000000000000e+02	7.187026000000000359e+00	7.129268743046851542e-02	-2.996057959748154031e-01
1.780000000000000000e+02	7.078594000000000719e+00	7.070216377840796151e-02	-3.050828549911462906e-01
1.790000000000000000e+02	7.041914000000000229e+00	7.010098736068680336e-02	-3.105140914747180902e-01
1.800000000000000000e+02	6.967763000000000595e+00	6.948924847220576406e-02	-3.158986896700475278e-01
1.810000000000000000e+02	6.854572000000000109e+00	6.886703899431706466e-02	-3.212358408265834075e-01
1.820000000000000000e+02	6.777819000000000038e+00	6.823445238102411603e-02	-3.265247433201778904e-01
1.830000000000000000e+02	6.739058000000000881e+00	6.759158364494514959e-02	-3.317646027734874603e-01
1.840000000000000000e+02	6.660777000000000392e+00	6.693852934304241054e-02	-3.369546321752872609e-01
1.850000000000000000e+02	6.581495000000000317e+00	6.627538756211967530e-02	-3.420940519986772066e-01
1.860000000000000000e+02	6.501220000000000887e+00	6.560225790408998059e-02	-3.471820903181639384e-01
1.870000000000000000e+02	6.419967000000000645e+00	6.491924147101560405e-02	-3.522179829256030792e-01
1.880000000000000000e+02	6.337746000000000102e+00	6.422644084992287783e-02	-3.572009734449799745e-01
1.890000000000000000e+02	6.254571000000000325e+00	6.352396009739390281e-02	-3.621303134460157058e-01
1.900000000000000000e+02	6.170456000000000607e+00	6.281190472393764768e-02	-3.670052625565782822e-01
1.910000000000000000e+02	6.085410000000000430e+00	6.209038167814245890e-02	-3.718250885738854650e-01
1.920000000000000000e+02	5.999446000000000723e+00	6.135949933061277117e-02	-3.765890675744785754e-01
1.930000000000000000e+02	5.868813000000000279e+00	6.061936745769222479e-02	-3.812964840229535746e-01
1.940000000000000000e+02	5.824826000000000725e+00	5.987009722497541736e-02	-3.859466308794332612e-01
1.950000000000000000e+02	5.736191000000000706e+00	5.911180117061133610e-02	-3.905388097057616581e-01
1.960000000000000000e+02	5.646693000000000850e+00	5.834459318840040654e-02	-3.950723307704072096e-01
1.970000000000000000e+02	5.556346000000000451e+00	5.756858851068794025e-02	-3.995465131520596347e-01
1.980000000000000000e+02	5.465162000000000297e+00	5.678390369105658364e-02	-4.039606848419008411e-01
1.990000000000000000e+02	5.373155000000000570e+00	5.599065658682046004e-02	-4.083141828445392973e-01
2.000000000000000000e+02	5.280339000000000560e+00	5.518896634132313544e-02	-4.126063532775900988e-01
2.010000000000000000e+02	5.186726000000000170e+00	5.437895336604277319e-02	-4.168365514698860186e-01
2.020000000000000000e+02	5.092333000000000887e+00	5.356073932250673270e-02	-4.210041420583046645e-01
2.030000000000000000e+02	4.997173000000000087e+00	5.273444710401823526e-02	-4.251084990831989763e-01
2.040000000000000000e+02	4.901261000000000756e+00	5.190020081719824013e-02	-4.291490060824141306e-01
2.050000000000000000e+02	4.804611000000000409e+00	5.105812576334503583e-02	-4.331250561838779767e-01
2.060000000000000000e+02	4.707237000000000116e+00	5.020834841961428763e-02	-4.370360521967518452e-01
2.070000000000000000e+02	4.609154000000000195e+00	4.935099642002255260e-02	-4.408814067011269100e-01
2.080000000000000000e+02	4.510378000000000220e+00	4.848619853627704479e-02	-4.446605421362525012e-01
2.090000000000000000e+02	4.410922000000000232e+00	4.761408465843462029e-02	-4.483728908872839369e-01
2.100000000000000000e+02	4.310802000000000689e+00	4.673478577539245948e-02	-4.520178953705371594e-01
2.110000000000000000e+02	4.210032000000000885e+00	4.584843395521406156e-02	-4.555950081172359112e-01
2.120000000000000000e+02	4.108628000000000391e+00	4.495516232529308404e-02	-4.591036918557393487e-01
2.130000000000000000e+02	4.006605000000000416e+00	4.405510505235783747e-02	-4.625434195922393799e-01
2.140000000000000000e+02	3.903980000000000672e+00	4.314839732231991187e-02	-4.659136746899133485e-01
2.150000000000000000e+02	3.800768000000000590e+00	4.223517531996976576e-02	-4.692139509465209080e-01
2.160000000000000000e+02	3.696981000000000517e+00	4.131557620852201879e-02	-4.724437526704347579e-01
2.170000000000000000e+02	3.592639000000000582e+00	4.038973810901397982e-02	-4.756025947550918120e-01
2.180000000000000000e+02	3.487755000000000383e+00	3.945780007956041502e-02	-4.786900027518541934e-01
2.190000000000000000e+02	3.382347000000000659e+00	3.851990209446724822e-02	-4.817055129412708414e-01
2.200000000000000000e+02	3.276427000000000422e+00	3.757618502320790588e-02	-4.846486724027264659e-01
2.210000000000000000e+02	3.170016000000000389e+00	3.662679060926528340e-02	-4.875190390824684084e-01
2.220000000000000000e+02	3.063127000000000599e+00	3.567186144884204602e-02	-4.903161818600026423e-01
2.230000000000000000e+02	2.955777000000000321e+00	3.471154096944325390e-02	-4.930396806128463094e-01
2.240000000000000000e+02	2.847981000000000318e+00	3.374597340833405262e-02	-4.956891262796284114e-01
2.250000000000000000e+02	2.685490000000000599e+00	3.277530379087548185e-02	-4.982641209215307176e-01
2.260000000000000000e+02	2.576651000000000469e+00	3.179967790874217021e-02	-5.007642777820561220e-01
2.270000000000000000e+02	2.522087000000000412e+00	3.081924229802500761e-02	-5.031892213451183427e-01
2.280000000000000000e+02	2.412674000000000429e+00	2.983414421722162951e-02	-5.055385873914437500e-01
2.290000000000000000e+02	2.302897000000000638e+00	2.884453162511876889e-02	-5.078120230532756629e-01
2.300000000000000000e+02	2.192774000000000445e+00	2.785055315856923425e-02	-5.100091868673745088e-01
2.310000000000000000e+02	2.082321000000000311e+00	2.685235811016721888e-02	-5.121297488263036879e-01
2.320000000000000000e+02	1.971554000000000473e+00	2.585009640582481075e-02	-5.141733904279964795e-01
2.330000000000000000e+02	1.860491000000000561e+00	2.484391858225364416e-02	-5.161398047235941089e-01
2.340000000000000000e+02	1.749147000000000451e+00	2.383397576435488177e-02	-5.180286963635477582e-01
2.350000000000000000e+02	1.637539000000000522e+00	2.282041964252045502e-02	-5.198397816419803030e-01
2.360000000000000000e+02	1.525686000000000542e+00	2.180340244984975417e-02	-5.215727885392971164e-01
2.370000000000000000e+02	1.413602000000000469e+00	2.078307693928476557e-02	-5.232274567630430528e-01
2.380000000000000000e+02	1.301305000000000378e+00	1.975959636066683053e-02	-5.248035377869978424e-01
2.390000000000000000e+02	1.188813000000000564e+00	1.873311443771906795e-02	-5.263007948885033427e-01
2.400000000000000000e+02	1.076141000000000458e+00	1.770378534495766279e-02	-5.277190031840189866e-01
2.410000000000000000e+02	9.633078000000004915e-01	1.667176368453508056e-02	-5.290579496628987632e-01
2.420000000000000000e+02	8.503293000000005097e-01	1.563720446301939890e-02	-5.303174332193841822e-01
2.430000000000000000e+02	7.372226000000005053e-01	1.460026306811289427e-02	-5.314972646828104441e-01
2.440000000000000000e+02	6.240049000000005286e-01	1.356109524531306197e-02	-5.325972668460189352e-01
2.450000000000000000e+02	4.540076000000004552e-01	1.251985707452020306e-02	-5.336172744919731592e-01
2.460000000000000000e+02	3.973048000000004576e-01	1.147670494659481025e-02	-5.345571344185741092e-01
2.470000000000000000e+02	2.838565000000004557e-01	1.043179553986790797e-02	-5.354167054616706389e-01
2.480000000000000000e+02	1.703653000000004691e-01	9.385285796608576134e-03	-5.361958585162617252e-01
2.490000000000000000e+02	5.684864000000047768e-02	8.337332899451623675e-03	-5.368944765558878451e-01
2.500000000000000000e+02	-5.667663999999952851e-02	7.288094247789366452e-03	-5.375124546502080269e-01
2.510000000000000000e+02	-1.701932999999995200e-01	6.237727434130500848e-03	-5.380496999807601322e-01
2.520000000000000000e+02	-2.836844999999995065e-01	5.186390220430273784e-03	-5.385061318549014819e-01
2.530000000000000000e+02	-3.971327999999995084e-01	4.134240514395235572e-03	-5.388816817179290508e-01
2.540000000000000000e+02	-5.105211999999995642e-01	3.081436345765739288e-03	-5.391762931633763412e-01
2.550000000000000000e+02	-6.238328999999995794e-01	2.028135842580464955e-03	-5.393899219414848289e-01
2.560000000000000000e+02	-7.370505999999995561e-01	9.744972074261726508e-04	-5.395225359658506470e-01
2.570000000000000000e+02	-8.501572999999995606e-01	-7.932130632408050316e-05	-5.395741153182440630e-01
2.580000000000000000e+02	-9.631357999999995423e-01	-1.133161418280010388e-03	-5.395446522516003096e-01
2.590000000000000000e+02	-1.075968999999999509e+00	-2.186864844807232151e-03	-5.394341511911839859e-01
2.600000000000000000e+02	-1.188640999999999615e+00	-3.240273322801219026e-03	-5.392426287339240343e-01
2.610000000000000000e+02	-1.301132999999999429e+00	-4.293228633457830956e-03	-5.389701136459208453e-01
2.620000000000000000e+02	-1.413429999999999520e+00	-5.345572626037194131e-03	-5.386166468581261579e-01
2.630000000000000000e+02	-1.525513999999999593e+00	-6.397147241617696066e-03	-5.381822814601946448e-01
2.640000000000000000e+02	-1.637366999999999573e+00	-7.447794536835848113e-03	-5.376670826925106228e-01
2.650000000000000000e+02	-1.748974999999999502e+00	-8.497356707608795523e-03	-5.370711279363886703e-01
2.660000000000000000e+02	-1.860318999999999612e+00	-9.545676112836243288e-03	-5.363945067024514790e-01
2.670000000000000000e+02	-1.971381999999999524e+00	-1.059259529807753293e-02	-5.356373206171857193e-01
2.680000000000000000e+02	-2.137415999999999539e+00	-1.163795701920089347e-02	-5.347996834076778061e-01
2.690000000000000000e+02	-2.247705999999999538e+00	-1.268160426600089749e-02	-5.338817208845322293e-01
2.700000000000000000e+02	-2.302724999999999689e+00	-1.372338028578115078e-02	-5.328835709229760020e-01
2.710000000000000000e+02	-2.412501999999999480e+00	-1.476312860689795933e-02	-5.318053834421488935e-01
2.720000000000000000e+02	-2.576478999999999520e+00	-1.580069306226179748e-02	-5.306473203825875506e-01
2.730000000000000000e+02	-2.630947999999999620e+00	-1.683591781279335231e-02	-5.294095556819014003e-01
2.740000000000000000e+02	-2.739583999999999353e+00	-1.786864737082999657e-02	-5.280922752486479910e-01
2.750000000000000000e+02	-2.847808999999999369e+00	-1.889872662347942545e-02	-5.266956769344104394e-01
2.760000000000000000e+02	-2.955604999999999372e+00	-1.992600085591740913e-02	-5.252199705040803135e-01
2.770000000000000000e+02	-3.062954999999999650e+00	-2.095031577462535405e-02	-5.236653776043517228e-01
2.780000000000000000e+02	-3.169843999999999440e+00	-2.197151753056464027e-02	-5.220321317304307263e-01
2.790000000000000000e+02	-3.276254999999999473e+00	-2.298945274228449479e-02	-5.203204781909649412e-01
2.800000000000000000e+02	-3.382174999999999709e+00	-2.400396851895932743e-02	-5.185306740711986828e-01
2.810000000000000000e+02	-3.487582999999999434e+00	-2.501491248335234799e-02	-5.166629881943604063e-01
2.820000000000000000e+02	-3.592466999999999633e+00	-2.602213279470240101e-02	-5.147177010812850062e-01
2.830000000000000000e+02	-3.696808999999999568e+00	-2.702547817152991042e-02	-5.126951049082812961e-01
2.840000000000000000e+02	-3.800595999999999641e+00	-2.802479791435874557e-02	-5.105955034632481127e-01
2.850000000000000000e+02	-3.903807999999999723e+00	-2.901994192835108399e-02	-5.084192121000452591e-01
2.860000000000000000e+02	-4.006432999999999467e+00	-3.001076074585106238e-02	-5.061665576911297260e-01
2.870000000000000000e+02	-4.159234999999999793e+00	-3.099710554883442631e-02	-5.038378785784589642e-01
2.880000000000000000e+02	-4.209859999999999935e+00	-3.197882819126042497e-02	-5.014335245226743121e-01
2.890000000000000000e+02	-4.310629999999999740e+00	-3.295578122132310911e-02	-4.989538566505667405e-01
2.900000000000000000e+02	-4.410749999999999282e+00	-3.392781790359804955e-02	-4.963992474008376288e-01
2.910000000000000000e+02	-4.510205999999999271e+00	-3.489479224108145428e-02	-4.937700804681592892e-01
2.920000000000000000e+02	-4.608981999999999246e+00	-3.585655899711867600e-02	-4.910667507455448999e-01
2.930000000000000000e+02	-4.707064999999999166e+00	-3.681297371721824890e-02	-4.882896642650369490e-01
2.940000000000000000e+02	-4.804438999999999460e+00	-3.776389275074839430e-02	-4.854392381367227949e-01
2.950000000000000000e+02	-4.901088999999999807e+00	-3.870917327251312962e-02	-4.825159004860852252e-01
2.960000000000000000e+02	-4.997000999999999138e+00	-3.964867330420408092e-02	-4.795200903896998934e-01
2.970000000000000000e+02	-5.092160999999999937e+00	-4.058225173572510558e-02	-4.764522578092873495e-01
2.980000000000000000e+02	-5.186553999999999220e+00	-4.150976834638680363e-02	-4.733128635241296012e-01
2.990000000000000000e+02	-5.280166999999999611e+00	-4.243108382596713635e-02	-4.701023790618627518e-01
3.000000000000000000e+02	-5.372982999999999620e+00	-4.334605979563533468e-02	-4.668212866276554851e-01
3.010000000000000000e+02	-5.464989999999999348e+00	-4.425455882873614855e-02	-4.634700790317822783e-01
3.020000000000000000e+02	-5.556173999999999502e+00	-4.515644447143082885e-02	-4.600492596156051661e-01
3.030000000000000000e+02	-5.646520999999999901e+00	-4.605158126319203876e-02	-4.565593421759741033e-01
3.040000000000000000e+02	-5.736018999999999757e+00	-4.693983475714971071e-02	-4.530008508880551399e-01
3.050000000000000000e+02	-5.824653999999999776e+00	-4.782107154028458762e-02	-4.493743202266012871e-01
3.060000000000000000e+02	-5.912408999999999359e+00	-4.869515925346627749e-02	-4.456802948856764535e-01
3.070000000000000000e+02	-6.042368999999999879e+00	-4.956196661133340647e-02	-4.419193296968432216e-01
3.080000000000000000e+02	-6.127874999999999517e+00	-5.042136342201219285e-02	-4.380919895458293967e-01
3.090000000000000000e+02	-6.212457999999999814e+00	-5.127322060667091619e-02	-4.341988492876834305e-01
3.100000000000000000e+02	-6.254398999999999376e+00	-5.211741021890705511e-02	-4.302404936604336538e-01
3.110000000000000000e+02	-6.337573999999999153e+00	-5.295380546396460941e-02	-4.262175171972615306e-01
3.120000000000000000e+02	-6.419794999999999696e+00	-5.378228071777826913e-02	-4.221305241372048100e-01
3.130000000000000000e+02	-6.501047999999999938e+00	-5.460271154584160624e-02	-4.179801283344029561e-01
3.140000000000000000e+02	-6.581322999999999368e+00	-5.541497472189699930e-02	-4.137669531658977329e-01
3.150000000000000000e+02	-6.660604999999999443e+00	-5.621894824644373817e-02	-4.094916314380037115e-01
3.160000000000000000e+02	-6.738885999999999932e+00	-5.701451136506188039e-02	-4.051548052912635201e-01
3.170000000000000000e+02	-6.816150999999999627e+00	-5.780154458654943733e-02	-4.007571261039991062e-01
3.180000000000000000e+02	-6.930120999999999754e+00	-5.857992970086942086e-02	-3.962992543944770518e-01
3.190000000000000000e+02	-6.967590999999999646e+00	-5.934954979690464788e-02	-3.917818597217014864e-01
3.200000000000000000e+02	-7.041741999999999280e+00	-6.011028928001753424e-02	-3.872056205848470878e-01
3.210000000000000000e+02	-7.114833999999999214e+00	-6.086203388941199832e-02	-3.825712243213512109e-01
3.220000000000000000e+02	-7.186853999999999409e+00	-6.160467071529504568e-02	-3.778793670036781904e-01
3.230000000000000000e+02	-7.257789999999999964e+00	-6.233808821583559229e-02	-3.731307533347703598e-01
3.240000000000000000e+02	-7.327635999999999150e+00	-6.306217623391768834e-02	-3.683260965422044397e-01
3.250000000000000000e+02	-7.396376999999999313e+00	-6.377682601368565851e-02	-3.634661182710673399e-01
3.260000000000000000e+02	-7.464004999999999335e+00	-6.448193021687907700e-02	-3.585515484755659177e-01
3.270000000000000000e+02	-7.530506999999999174e+00	-6.517738293895458668e-02	-3.535831253093912330e-01
3.280000000000000000e+02	-7.595874999999999488e+00	-6.586307972499243213e-02	-3.485615950148492348e-01
3.290000000000000000e+02	-7.660098999999999769e+00	-6.653891758538525714e-02	-3.434877118107782512e-01
3.300000000000000000e+02	-7.723171999999999926e+00	-6.720479501130682820e-02	-3.383622377792673275e-01
3.310000000000000000e+02	-7.815594999999999182e+00	-6.786061198995854693e-02	-3.331859427511923433e-01
3.320000000000000000e+02	-7.845813999999999844e+00	-6.850627001959075368e-02	-3.279596041905920578e-01
3.330000000000000000e+02	-7.934698999999999280e+00	-6.914167212429761511e-02	-3.226840070778944081e-01
3.340000000000000000e+02	-7.992464999999999264e+00	-6.976672286858262573e-02	-3.173599437920130995e-01
3.350000000000000000e+02	-8.020896999999997945e+00	-7.038132837169254474e-02	-3.119882139913379704e-01
3.360000000000000000e+02	-8.076854000000000866e+00	-7.098539632171826930e-02	-3.065696244936252923e-01
3.370000000000000000e+02	-8.131593999999999767e+00	-7.157883598945957715e-02	-3.011049891548188695e-01
3.380000000000000000e+02	-8.185109000000000634e+00	-7.216155824205243430e-02	-2.955951287468100985e-01
3.390000000000000000e+02	-8.237390999999998797e+00	-7.273347555635666095e-02	-2.900408708341595809e-01
3.400000000000000000e+02	-8.288433999999998747e+00	-7.329450203210138848e-02	-2.844430496498013272e-01
3.410000000000000000e+02	-8.338226999999999833e+00	-7.384455340478712770e-02	-2.788025059697428198e-01
3.420000000000000000e+02	-8.386763999999999442e+00	-7.438354705834218650e-02	-2.731200869867811964e-01
3.430000000000000000e+02	-8.434041999999998040e+00	-7.491140203753111904e-02	-2.673966461832602559e-01
3.440000000000000000e+02	-8.480046999999999002e+00	-7.542803906011406878e-02	-2.616330432028786124e-01
3.450000000000000000e+02	-8.524774999999998215e+00	-7.593338052875481248e-02	-2.558301437215725338e-01
3.460000000000000000e+02	-8.568217999999998113e+00	-7.642735054267547901e-02	-2.499888193174963913e-01
3.470000000000000000e+02	-8.610371999999998138e+00	-7.690987490905668023e-02	-2.441099473401132092e-01
3.480000000000000000e+02	-8.671171000000001072e+00	-7.738088115418119417e-02	-2.381944107784179920e-01
3.490000000000000000e+02	-8.690784000000000731e+00	-7.784029853431906343e-02	-2.322430981283178930e-01
3.500000000000000000e+02	-8.729029000000000593e+00	-7.828805804635320664e-02	-2.262569032591816853e-01
3.510000000000000000e+02	-8.783930999999999045e+00	-7.872409243814358637e-02	-2.202367252795817965e-01
3.520000000000000000e+02	-8.801573000000001201e+00	-7.914833621862805979e-02	-2.141834684022535518e-01
3.530000000000000000e+02	-8.835857999999998214e+00	-7.956072566765907961e-02	-2.080980418082838956e-01
3.540000000000000000e+02	-8.884786999999999324e+00	-7.996119884557431612e-02	-2.019813595105536541e-01
3.550000000000000000e+02	-8.900431000000001092e+00	-8.034969560249964615e-02	-1.958343402164582914e-01
3.560000000000000000e+02	-8.930710999999998734e+00	-8.072615758738357905e-02	-1.896579071899193170e-01
3.570000000000000000e+02	-8.959642999999999802e+00	-8.109052825676149601e-02	-1.834529881127117679e-01
3.580000000000000000e+02	-9.000512000000000512e+00	-8.144275288324814843e-02	-1.772205149451315520e-01
3.590000000000000000e+02	-9.026066000000000145e+00	-8.178277856375758270e-02	-1.709614237860165586e-01
3.600000000000000000e+02	-9.050257999999999470e+00	-8.211055422744915899e-02	-1.646766547321461549e-01
3.610000000000000000e+02	-9.061844000000000676e+00	-8.242603064339809604e-02	-1.583671517370440762e-01
3.620000000000000000e+02	-9.083991999999998512e+00	-8.272916042798980629e-02	-1.520338624691980056e-01
3.630000000000000000e+02	-9.114647999999998973e+00	-8.301989805203691120e-02	-1.456777381697214047e-01
3.640000000000000000e+02	-9.124178999999998041e+00	-8.329819984761743790e-02	-1.392997335094826039e-01
3.650000000000000000e+02	-9.142215000000000202e+00	-8.356402401463366991e-02	-1.329008064457146143e-01
3.660000000000000000e+02	-9.158870999999997764e+00	-8.381733062709043058e-02	-1.264819180781315833e-01
3.670000000000000000e+02	-9.174148999999999887e+00	-8.405808163909181396e-02	-1.200440325045772222e-01
3.680000000000000000e+02	-9.188047000000000963e+00	-8.428624089055551660e-02	-1.135881166762187644e-01
3.690000000000000000e+02	-9.200561000000000433e+00	-8.450177411264411798e-02	-1.071151402523123908e-01
3.700000000000000000e+02	-9.216730999999999341e+00	-8.470464893291196340e-02	-1.006260754545661718e-01
3.710000000000000000e+02	-9.221429000000000542e+00	-8.489483488016756618e-02	-9.412189692111382067e-02
3.720000000000000000e+02	-9.229779000000000622e+00	-8.507230338905022449e-02	-8.760358156012554298e-02
3.730000000000000000e+02	-9.236740999999998536e+00	-8.523702780432045045e-02	-8.107210840308221034e-02
3.740000000000000000e+02	-9.242311000000000831e+00	-8.538898338486351769e-02	-7.452845845772630706e-02
3.750000000000000000e+02	-9.246489999999997877e+00	-8.552814730740551652e-02	-6.797361456071611407e-02
3.760000000000000000e+02	-9.250146000000000868e+00	-8.565449866994130634e-02	-6.140856123000990041e-02
3.770000000000000000e+02	-9.250841000000001202e+00	-8.576801849487397655e-02	-5.483428451699040584e-02
3.780000000000000000e+02	-9.250668999999998476e+00	-8.586868973186520537e-02	-4.825177185836628663e-02
3.790000000000000000e+02	-9.247329999999998051e+00	-8.595649726039612804e-02	-4.166201192786059965e-02
3.800000000000000000e+02	-9.244545999999999708e+00	-8.603142789203849228e-02	-3.506599448771352545e-02
3.810000000000000000e+02	-9.240369000000001165e+00	-8.609347037243543499e-02	-2.846471024002593386e-02
3.820000000000000000e+02	-9.234797999999997842e+00	-8.614261538299186616e-02	-2.185915067795743752e-02
3.830000000000000000e+02	-9.227838999999999459e+00	-8.617885554227412703e-02	-1.525030793680565502e-02
3.840000000000000000e+02	-9.219490999999997882e+00	-8.620218540711863109e-02	-8.639174644993316901e-03
3.850000000000000000e+02	-9.209749999999999659e+00	-8.621260147344941838e-02	-2.026743774977025816e-03
3.860000000000000000e+02	-9.198624999999999829e+00	-8.621010217680448451e-02	4.585991505895695326e-03
3.870000000000000000e+02	-9.186115999999998394e+00	-8.619468789257071772e-02	1.119803798455428108e-02
3.880000000000000000e+02	-9.172222999999998905e+00	-8.616636093592748569e-02	1.780840255138419967e-02
3.890000000000000000e+02	-9.156945999999997809e+00	-8.612512556149903853e-02	2.441609234939048564e-02
3.900000000000000000e+02	-9.140292999999999779e+00	-8.607098796271531183e-02	3.102011492331901987e-02
3.910000000000000000e+02	-9.122260999999998177e+00	-8.600395627088180950e-02	3.761947836872176626e-02
3.920000000000000000e+02	-9.102855999999999170e+00	-8.592404055395824747e-02	4.421319148093932200e-02
3.930000000000000000e+02	-9.082081999999999766e+00	-8.583125281504638826e-02	5.080026390397397729e-02
3.940000000000000000e+02	-9.059940000000000992e+00	-8.572560699058723310e-02	5.737970627923969641e-02
3.950000000000000000e+02	-9.036432999999998827e+00	-8.560711894826776580e-02	6.395053039416223606e-02
3.960000000000000000e+02	-9.011562999999998880e+00	-8.547580648463774800e-02	7.051174933060287697e-02
3.970000000000000000e+02	-8.985337000000001240e+00	-8.533168932243663518e-02	7.706237761309198131e-02
3.980000000000000000e+02	-8.957757999999998333e+00	-8.517478910763132127e-02	8.360143135684587612e-02
3.990000000000000000e+02	-8.928831999999999880e+00	-8.500512940616504476e-02	9.012792841554061185e-02
4.000000000000000000e+02	-8.898558999999998775e+00	-8.482273570041774791e-02	9.664088852882880831e-02
4.010000000000000000e+02	-8.866946999999999690e+00	-8.462763538537874941e-02	1.031393334695731856e-01
4.020000000000000000e+02	-8.833999999999999631e+00	-8.441985776453210522e-02	1.096222871907706065e-01
4.030000000000000000e+02	-8.799721999999999156e+00	-8.419943404545532362e-02	1.160887759721528079e-01
4.040000000000000000e+02	-8.764117999999999853e+00	-8.396639733513203141e-02	1.225378285664376343e-01
4.050000000000000000e+02	-8.727194000000000784e+00	-8.372078263497943762e-02	1.289684763452047245e-01
4.060000000000000000e+02	-8.688956999999998487e+00	-8.346262683559124707e-02	1.353797534443819950e-01
4.070000000000000000e+02	-8.649411000000000627e+00	-8.319196871119673153e-02	1.417706969093169012e-01
4.080000000000000000e+02	-8.608561999999999159e+00	-8.290884891383702715e-02	1.481403468394065503e-01
4.090000000000000000e+02	-8.566417999999998756e+00	-8.261330996725935183e-02	1.544877465322734289e-01
4.100000000000000000e+02	-8.522981999999998948e+00	-8.230539626052989222e-02	1.608119426274604302e-01
4.110000000000000000e+02	-8.478262999999998328e+00	-8.198515404136688667e-02	1.671119852496201208e-01
4.120000000000000000e+02	-8.432269999999999044e+00	-8.165263140919430673e-02	1.733869281511844773e-01
4.130000000000000000e+02	-8.385003999999998570e+00	-8.130787830791737225e-02	1.796358288544898096e-01
4.140000000000000000e+02	-8.336476000000001108e+00	-8.095094651842127398e-02	1.858577487933310290e-01
4.150000000000000000e+02	-8.286691000000001139e+00	-8.058188965079368660e-02	1.920517534539349369e-01
4.160000000000000000e+02	-8.235658999999998287e+00	-8.020076313627283460e-02	1.982169125153183109e-01
4.170000000000000000e+02	-8.183388999999998248e+00	-7.980762421892184655e-02	2.043522999890207970e-01
4.180000000000000000e+02	-8.102672999999999348e+00	-7.940253194703071615e-02	2.104569943581867941e-01
4.190000000000000000e+02	-8.047335000000000349e+00	-7.898554716424767419e-02	2.165300787159717966e-01
4.200000000000000000e+02	-8.019211999999999563e+00	-7.855673250044055422e-02	2.225706409032607302e-01
4.210000000000000000e+02	-7.962059999999999249e+00	-7.811615236228980352e-02	2.285777736456724163e-01
4.220000000000000000e+02	-7.903707999999999956e+00	-7.766387292361508210e-02	2.345505746898272070e-01
4.230000000000000000e+02	-7.844165999999999528e+00	-7.719996211543599107e-02	2.404881469388637505e-01
4.240000000000000000e+02	-7.783441999999999084e+00	-7.672448961576898430e-02	2.463895985871818184e-01
4.250000000000000000e+02	-7.721547999999999412e+00	-7.623752683916208694e-02	2.522540432543860511e-01
4.260000000000000000e+02	-7.658489999999999576e+00	-7.573914692596857290e-02	2.580806001184191012e-01
4.270000000000000000e+02	-7.594278999999999336e+00	-7.522942473136140507e-02	2.638683940478595558e-01
4.280000000000000000e+02	-7.528921999999999670e+00	-7.470843681409042314e-02	2.696165557333617957e-01
4.290000000000000000e+02	-7.462433999999999124e+00	-7.417626142498330577e-02	2.753242218182245793e-01
4.300000000000000000e+02	-7.394819999999999283e+00	-7.363297849519245819e-02	2.809905350280660907e-01
4.310000000000000000e+02	-7.326094999999999580e+00	-7.307866962418980983e-02	2.866146442995816668e-01
4.320000000000000000e+02	-7.256264999999999965e+00	-7.251341806751067376e-02	2.921957049083717672e-01
4.330000000000000000e+02	-7.185342999999999591e+00	-7.193730872424897171e-02	2.977328785958187063e-01
4.340000000000000000e+02	-7.113338999999999857e+00	-7.135042812430573977e-02	3.032253336949877198e-01
4.350000000000000000e+02	-7.040262999999999494e+00	-7.075286441539266336e-02	3.086722452555425988e-01
4.360000000000000000e+02	-6.966125999999999152e+00	-7.014470734979227906e-02	3.140727951676516305e-01
4.370000000000000000e+02	-6.890941999999999901e+00	-6.952604827087777162e-02	3.194261722848626972e-01
4.380000000000000000e+02	-6.814717999999999165e+00	-6.889698009939332346e-02	3.247315725459367086e-01
4.390000000000000000e+02	-6.737469999999999182e+00	-6.825759731949755660e-02	3.299881990956158306e-01
4.400000000000000000e+02	-6.659204999999999153e+00	-6.760799596457260641e-02	3.351952624043070261e-01
4.410000000000000000e+02	-6.579937999999999398e+00	-6.694827360280000694e-02	3.403519803866676408e-01
4.420000000000000000e+02	-6.499681999999999960e+00	-6.627852932250614948e-02	3.454575785190737158e-01
4.430000000000000000e+02	-6.418444999999999290e+00	-6.559886371727971510e-02	3.505112899559488238e-01
4.440000000000000000e+02	-6.336241999999999486e+00	-6.490937887086277447e-02	3.555123556449432121e-01
4.450000000000000000e+02	-6.253083999999999421e+00	-6.421017834181791395e-02	3.604600244409419951e-01
4.460000000000000000e+02	-6.168985999999999414e+00	-6.350136714797437187e-02	3.653535532188829649e-01
4.470000000000000000e+02	-6.083956999999999837e+00	-6.278305175065446164e-02	3.701922069853726960e-01
4.480000000000000000e+02	-5.998012999999999373e+00	-6.205534003868332094e-02	3.749752589890816834e-01
4.490000000000000000e+02	-5.911165999999999698e+00	-6.131834131218462380e-02	3.797019908298976953e-01
4.500000000000000000e+02	-5.823427999999999827e+00	-6.057216626616383076e-02	3.843716925668287376e-01
4.510000000000000000e+02	-5.734813999999999190e+00	-5.981692697388203001e-02	3.889836628246349237e-01
4.520000000000000000e+02	-5.645333999999999186e+00	-5.905273687002314531e-02	3.935372088991708206e-01
4.530000000000000000e+02	-5.555006999999999806e+00	-5.827971073365625226e-02	3.980316468614288894e-01
4.540000000000000000e+02	-5.463839999999999364e+00	-5.749796467099592412e-02	4.024663016602640919e-01
4.550000000000000000e+02	-5.371852999999999767e+00	-5.670761609796381303e-02	4.068405072237827325e-01
4.560000000000000000e+02	-5.279054999999999609e+00	-5.590878372255268097e-02	4.111536065593865974e-01
4.570000000000000000e+02	-5.185462999999999489e+00	-5.510158752699723800e-02	4.154049518524494666e-01
4.580000000000000000e+02	-5.091090999999999589e+00	-5.428614874975295351e-02	4.195939045636175035e-01
4.590000000000000000e+02	-4.995950999999999809e+00	-5.346258986728624762e-02	4.237198355247173143e-01
4.600000000000000000e+02	-4.900058999999999720e+00	-5.263103457567926829e-02	4.277821250332529690e-01
4.610000000000000000e+02	-4.803428999999999505e+00	-5.179160777205090577e-02	4.317801629454841583e-01
4.620000000000000000e+02	-4.706075999999999482e+00	-5.094443553579741657e-02	4.357133487680696082e-01
4.630000000000000000e+02	-4.608012999999999693e+00	-5.008964510965609185e-02	4.395810917482568803e-01
4.640000000000000000e+02	-4.509257999999999100e+00	-4.922736488059355903e-02	4.433828109626128389e-01
4.650000000000000000e+02	-4.409821999999999242e+00	-4.835772436052227646e-02	4.471179354042774667e-01
4.660000000000000000e+02	-4.309722999999999082e+00	-4.748085416684857951e-02	4.507859040687257068e-01
4.670000000000000000e+02	-4.208975999999999829e+00	-4.659688600285417232e-02	4.543861660380295042e-01
4.680000000000000000e+02	-4.107592999999999606e+00	-4.570595263791451396e-02	4.579181805636047264e-01
4.690000000000000000e+02	-4.005590999999999902e+00	-4.480818788755756843e-02	4.613814171474284742e-01
4.700000000000000000e+02	-3.902988999999999375e+00	-4.390372659336500005e-02	4.647753556217192328e-01
4.710000000000000000e+02	-3.799796999999999425e+00	-4.299270460271913119e-02	4.680994862270648760e-01
4.720000000000000000e+02	-3.696030999999999622e+00	-4.207525874839947860e-02	4.713533096889859775e-01
4.730000000000000000e+02	-3.591710999999999654e+00	-4.115152682803068646e-02	4.745363372929257695e-01
4.740000000000000000e+02	-3.486849999999999561e+00	-4.022164758338551277e-02	4.776480909576544254e-01
4.750000000000000000e+02	-3.381462999999999663e+00	-3.928576067954663714e-02	4.806881033070739551e-01
4.760000000000000000e+02	-3.275565999999999534e+00	-3.834400668392921874e-02	4.836559177404175514e-01
4.770000000000000000e+02	-3.169177999999999606e+00	-3.739652704516783360e-02	4.865510885008303421e-01
4.780000000000000000e+02	-3.062309999999999643e+00	-3.644346407187176035e-02	4.893731807423188918e-01
4.790000000000000000e+02	-2.954981999999999331e+00	-3.548496091125043217e-02	4.921217705950653443e-01
4.800000000000000000e+02	-2.847209999999999575e+00	-3.452116152761292717e-02	4.947964452290911086e-01
4.810000000000000000e+02	-2.739009999999999501e+00	-3.355221068074542429e-02	4.973968029162620930e-01
4.820000000000000000e+02	-2.575936999999999699e+00	-3.257825390416846378e-02	4.999224530906273833e-01
4.830000000000000000e+02	-2.521383999999999403e+00	-3.159943748327805058e-02	5.023730164070817628e-01
4.840000000000000000e+02	-2.411994999999999667e+00	-3.061590843337445508e-02	5.047481247983409691e-01
4.850000000000000000e+02	-2.302239999999999398e+00	-2.962781447758073769e-02	5.070474215302249732e-01
4.860000000000000000e+02	-2.192140999999999451e+00	-2.863530402465495894e-02	5.092705612552387295e-01
4.870000000000000000e+02	-2.081710999999999423e+00	-2.763852614670005148e-02	5.114172100644417407e-01
4.880000000000000000e+02	-1.970967999999999609e+00	-2.663763055677345268e-02	5.134870455376000509e-01
4.890000000000000000e+02	-1.859926999999999442e+00	-2.563276758640038386e-02	5.154797567916140633e-01
4.900000000000000000e+02	-1.748606999999999578e+00	-2.462408816299499481e-02	5.173950445272101906e-01
4.910000000000000000e+02	-1.637022999999999451e+00	-2.361174378719124722e-02	5.192326210738965608e-01
4.920000000000000000e+02	-1.525192999999999577e+00	-2.259588651008778704e-02	5.209922104331694559e-01
4.930000000000000000e+02	-1.413132999999999528e+00	-2.157666891041082335e-02	5.226735483199674848e-01
4.940000000000000000e+02	-1.300859999999999461e+00	-2.055424407159668621e-02	5.242763822023664977e-01
4.950000000000000000e+02	-1.188390999999999531e+00	-1.952876555879964199e-02	5.258004713395091345e-01
4.960000000000000000e+02	-1.075742999999999450e+00	-1.850038739582667707e-02	5.272455868177631233e-01
4.970000000000000000e+02	-9.629332999999995479e-01	-1.746926404200332267e-02	5.286115115851041102e-01
4.980000000000000000e+02	-8.499784999999995261e-01	-1.643555036897481267e-02	5.298980404837154712e-01
4.990000000000000000e+02	-7.368955999999995399e-01	-1.539940163744456074e-02	5.311049802808027742e-01
5.000000000000000000e+02	-6.237017999999995288e-01	-1.436097347385428651e-02	5.322321496976166744e-01
5.010000000000000000e+02	-5.104139999999994792e-01	-1.332042184700979633e-02	5.332793794366805784e-01
5.020000000000000000e+02	-3.970491999999995469e-01	-1.227790304465474144e-02	5.342465122072181938e-01
5.030000000000000000e+02	-2.836247999999995106e-01	-1.123357364999641797e-02	5.351334027487790745e-01
5.040000000000000000e+02	-1.701574999999995175e-01	-1.018759051818790735e-02	5.359399178530549479e-01
5.050000000000000000e+02	-5.666469999999952656e-02	-9.140110752768663277e-03	5.366659363838883756e-01
5.060000000000000000e+02	5.683670000000047573e-02	-8.091291682067807203e-03	5.373113492954665338e-01
5.070000000000000000e+02	1.703295000000004666e-01	-7.041290835574339282e-03	5.378760596486995560e-01
5.080000000000000000e+02	2.837968000000004598e-01	-5.990265920276446020e-03	5.383599826257805532e-01
5.090000000000000000e+02	3.972212000000004961e-01	-4.938374796974162595e-03	5.387630455429252008e-01
5.100000000000000000e+02	5.106932000000005134e-01	-3.885775456569604339e-03	5.390851878612883397e-01
5.110000000000000000e+02	6.240049000000005286e-01	-2.832625996336979139e-03	5.393263611960565918e-01
