0.000000000000000000e+00	1.256051000000000029e+00	-7.703854302039006379e-05	8.089853216180160622e-01
1.000000000000000000e+00	1.422952999999999912e+00	1.502976081192863899e-03	8.089294345005683118e-01
2.000000000000000000e+00	1.589639999999999942e+00	3.082763084237408364e-03	8.087522404540720133e-01
3.000000000000000000e+00	1.756088000000000093e+00	4.662085561506095800e-03	8.084537660505182188e-01
4.000000000000000000e+00	2.005256999999999845e+00	6.240706678051991668e-03	8.080340560490810731e-01
5.000000000000000000e+00	2.088166000000000189e+00	7.818389704104099919e-03	8.074931733894052943e-01
6.000000000000000000e+00	2.253746000000000027e+00	9.394898050567330322e-03	8.068311991821681683e-01
7.000000000000000000e+00	2.418985999999999859e+00	1.096999530450135617e-02	8.060482326969166111e-01
8.000000000000000000e+00	2.583860000000000046e+00	1.254344526457305473e-02	8.051443913471798552e-01
9.000000000000000000e+00	2.748349000000000153e+00	1.411501197647723610e-02	8.041198106728624229e-01
1.000000000000000000e+01	2.912421000000000149e+00	1.568445976832030103e-02	8.029746443199191619e-01
1.100000000000000000e+01	3.076055000000000206e+00	1.725155328596156973e-02	8.017090640173135663e-01
1.200000000000000000e+01	3.239227000000000078e+00	1.881605752830693701e-02	8.003232595512663750e-01
1.300000000000000000e+01	3.401908999999999850e+00	2.037773788254961665e-02	7.988174387367942275e-01
1.400000000000000000e+01	3.564080999999999833e+00	2.193636015935263375e-02	7.971918273865463700e-01
1.500000000000000000e+01	3.725712999999999830e+00	2.349169062796780880e-02	7.954466692769418534e-01
1.600000000000000000e+01	3.886786999999999992e+00	2.504349605128599818e-02	7.935822261116125542e-01
1.700000000000000000e+01	4.047274999999999956e+00	2.659154372081329668e-02	7.915987774821584555e-01
1.800000000000000000e+01	4.207154000000000060e+00	2.813560149156794921e-02	7.894966208262196306e-01
1.900000000000000000e+01	4.366397000000000084e+00	2.967543781689278501e-02	7.872760713828733659e-01
2.000000000000000000e+01	4.524983999999999895e+00	3.121082178317792152e-02	7.849374621453598655e-01
2.100000000000000000e+01	4.682890999999999693e+00	3.274152314448853379e-02	7.824811438111479722e-01
2.200000000000000000e+01	4.840090000000000003e+00	3.426731235709246787e-02	7.799074847293433477e-01
2.300000000000000000e+01	4.996561999999999948e+00	3.578796061388263283e-02	7.772168708454516572e-01
2.400000000000000000e+01	5.152280000000000193e+00	3.730323987868885277e-02	7.744097056435019777e-01
2.500000000000000000e+01	5.307222999999999580e+00	3.881292292047409942e-02	7.714864100855406415e-01
2.600000000000000000e+01	5.461367000000000083e+00	4.031678334741010256e-02	7.684474225485034005e-01
2.700000000000000000e+01	5.614688000000000123e+00	4.181459564082696395e-02	7.652931987584767892e-01
2.800000000000000000e+01	5.767165000000000319e+00	4.330613518903191073e-02	7.620242117223577916e-01
2.900000000000000000e+01	5.918772999999999840e+00	4.479117832099207414e-02	7.586409516569212474e-01
3.000000000000000000e+01	6.069487999999999772e+00	4.626950233987610350e-02	7.551439259153068795e-01
3.100000000000000000e+01	6.219288999999999845e+00	4.774088555644976500e-02	7.515336589109379295e-01
3.200000000000000000e+01	6.368154999999999788e+00	4.920510732232048767e-02	7.478106920388786216e-01
3.300000000000000000e+01	6.516060999999999659e+00	5.066194806302563858e-02	7.439755835946475493e-01
3.400000000000000000e+01	6.662987000000000215e+00	5.211118931095998219e-02	7.400289086904958680e-01
3.500000000000000000e+01	6.808907999999999738e+00	5.355261373813700876e-02	7.359712591691628392e-01
3.600000000000000000e+01	6.953803999999999874e+00	5.498600518877937160e-02	7.318032435151240467e-01
3.700000000000000000e+01	7.097653000000000212e+00	5.641114871173363854e-02	7.275254867633426104e-01
3.800000000000000000e+01	7.240433000000000341e+00	5.782783059270429210e-02	7.231386304055388292e-01
3.900000000000000000e+01	7.382121999999999851e+00	5.923583838630227388e-02	7.186433322939931312e-01
4.000000000000000000e+01	7.522700000000000387e+00	6.063496094790331303e-02	7.140402665428936535e-01
4.100000000000000000e+01	7.662148000000000181e+00	6.202498846531109833e-02	7.093301234272465505e-01
4.200000000000000000e+01	7.800436999999999621e+00	6.340571249022070033e-02	7.045136092793626847e-01
4.300000000000000000e+01	7.937553000000000303e+00	6.477692596947744186e-02	6.995914463829360219e-01
4.400000000000000000e+01	8.073472999999999900e+00	6.613842327612656780e-02	6.945643728647296067e-01
4.500000000000000000e+01	8.208180000000000476e+00	6.749000024024899569e-02	6.894331425838871041e-01
4.600000000000000000e+01	8.341647999999999286e+00	6.883145417957862999e-02	6.841985250188834522e-01
4.700000000000000000e+01	8.473862000000000450e+00	7.016258392989656312e-02	6.788613051521341646e-01
4.800000000000000000e+01	8.604798000000000613e+00	7.148318987519765300e-02	6.734222833522796048e-01
4.900000000000000000e+01	8.734441000000000344e+00	7.279307397762482812e-02	6.678822752541621055e-01
5.000000000000000000e+01	8.862766000000000588e+00	7.409203980716691507e-02	6.622421116365126981e-01
5.100000000000000000e+01	8.989755999999999858e+00	7.537989257111515906e-02	6.565026382973686569e-01
5.200000000000000000e+01	9.115394000000000219e+00	7.665643914327439912e-02	6.506647159272367364e-01
5.300000000000000000e+01	9.239656999999999343e+00	7.792148809292415157e-02	6.447292199800250811e-01
5.400000000000000000e+01	9.362531999999999854e+00	7.917484971352557743e-02	6.386970405417597973e-01
5.500000000000000000e+01	9.483992999999999896e+00	8.041633605116985106e-02	6.325690821971078348e-01
5.600000000000000000e+01	9.604029000000000593e+00	8.164576093276368352e-02	6.263462638937256077e-01
5.700000000000000000e+01	9.722616999999999621e+00	8.286293999394782339e-02	6.200295188044542272e-01
5.800000000000000000e+01	9.839741000000000071e+00	8.406769070674424693e-02	6.136197941873801076e-01
5.900000000000000000e+01	9.955382000000000176e+00	8.525983240692815157e-02	6.071180512437851506e-01
6.000000000000000000e+01	1.006953000000000031e+01	8.643918632112017331e-02	6.005252649740046023e-01
6.100000000000000000e+01	1.018215000000000003e+01	8.760557559359535840e-02	5.938424240312167868e-01
6.200000000000000000e+01	1.029325000000000045e+01	8.875882531280435139e-02	5.870705305731839241e-01
6.300000000000000000e+01	1.040278999999999954e+01	8.989876253760306635e-02	5.802106001119697876e-01
6.400000000000000000e+01	1.051077000000000083e+01	9.102521632318702483e-02	5.732636613616526322e-01
6.500000000000000000e+01	1.061716000000000015e+01	9.213801774672607248e-02	5.662307560840600384e-01
6.600000000000000000e+01	1.072194999999999965e+01	9.323699993269612962e-02	5.591129389325464327e-01
6.700000000000000000e+01	1.082512999999999970e+01	9.432199807790378476e-02	5.519112772938371547e-01
6.800000000000000000e+01	1.092667999999999928e+01	9.539284947620013666e-02	5.446268511279636071e-01
6.900000000000000000e+01	1.102659000000000056e+01	9.644939354288019351e-02	5.372607528063124693e-01
7.000000000000000000e+01	1.112482999999999933e+01	9.749147183876412381e-02	5.298140869478136228e-01
7.100000000000000000e+01	1.122139999999999915e+01	9.851892809395680628e-02	5.222879702532924329e-01
7.200000000000000000e+01	1.131628000000000078e+01	9.953160823128200108e-02	5.146835313380085930e-01
7.300000000000000000e+01	1.140944999999999965e+01	1.005293603893877563e-01	5.070019105624095079e-01
7.400000000000000000e+01	1.150090999999999930e+01	1.015120349455194554e-01	4.992442598611224192e-01
7.500000000000000000e+01	1.159063000000000088e+01	1.024794845379573410e-01	4.914117425702096420e-01
7.600000000000000000e+01	1.167861000000000082e+01	1.034315640881146997e-01	4.835055332527157246e-01
7.700000000000000000e+01	1.176482999999999990e+01	1.043681308222940141e-01	4.755268175225294547e-01
7.800000000000000000e+01	1.184928000000000026e+01	1.052890442930971004e-01	4.674767918665899691e-01
7.900000000000000000e+01	1.193194000000000088e+01	1.061941664004866781e-01	4.593566634654614456e-01
8.000000000000000000e+01	1.201280999999999999e+01	1.070833614124958033e-01	4.511676500123044664e-01
8.100000000000000000e+01	1.209187000000000012e+01	1.079564959855822126e-01	4.429109795302710317e-01
8.200000000000000000e+01	1.216910000000000025e+01	1.088134391846245219e-01	4.345878901883504786e-01
8.300000000000000000e+01	1.224451000000000001e+01	1.096540625025572147e-01	4.261996301156937839e-01
8.400000000000000000e+01	1.231807000000000052e+01	1.104782398796415044e-01	4.177474572144442289e-01
8.500000000000000000e+01	1.238977000000000039e+01	1.112858477223693382e-01	4.092326389711027912e-01
8.600000000000000000e+01	1.245960999999999963e+01	1.120767649219973350e-01	4.006564522664559092e-01
8.700000000000000000e+01	1.252757000000000076e+01	1.128508728727083271e-01	3.920201831840947060e-01
8.800000000000000000e+01	1.259365000000000023e+01	1.136080554893974109e-01	3.833251268175541515e-01
8.900000000000000000e+01	1.265783000000000058e+01	1.143481992250801188e-01	3.745725870761008047e-01
9.000000000000000000e+01	1.272010000000000041e+01	1.150711930879197986e-01	3.657638764891991690e-01
9.100000000000000000e+01	1.278045999999999971e+01	1.157769286578720358e-01	3.569003160096846372e-01
9.200000000000000000e+01	1.283888999999999925e+01	1.164653001029432866e-01	3.479832348156737809e-01
9.300000000000000000e+01	1.289539000000000080e+01	1.171362041950613497e-01	3.390139701112410142e-01
9.400000000000000000e+01	1.294994999999999941e+01	1.177895403255555112e-01	3.299938669258917212e-01
9.500000000000000000e+01	1.300256000000000078e+01	1.184252105202438371e-01	3.209242779128615997e-01
9.600000000000000000e+01	1.305320999999999998e+01	1.190431194541252125e-01	3.118065631462734189e-01
9.700000000000000000e+01	1.312548999999999921e+01	1.196431744656744345e-01	3.026420899171800016e-01
9.800000000000000000e+01	1.314860000000000007e+01	1.202252855707376250e-01	2.934322325285259603e-01
9.900000000000000000e+01	1.319332999999999956e+01	1.207893654760262420e-01	2.841783720890572185e-01
1.000000000000000000e+02	1.323606999999999978e+01	1.213353295922076358e-01	2.748818963062100718e-01
1.010000000000000000e+02	1.327682000000000073e+01	1.218630960465899443e-01	2.655441992780110394e-01
1.020000000000000000e+02	1.331556999999999924e+01	1.223725856953998270e-01	2.561666812840179830e-01
1.030000000000000000e+02	1.335232000000000063e+01	1.228637221356507492e-01	2.467507485753344110e-01
1.040000000000000000e+02	1.338705000000000034e+01	1.233364317166004281e-01	2.372978131637283050e-01
1.050000000000000000e+02	1.341976999999999975e+01	1.237906435507954428e-01	2.278092926098872206e-01
1.060000000000000000e+02	1.345046999999999926e+01	1.242262895247015636e-01	2.182866098108408315e-01
1.070000000000000000e+02	1.347913999999999923e+01	1.246433043089179710e-01	2.087311927865836136e-01
1.080000000000000000e+02	1.350577999999999967e+01	1.250416253679741130e-01	1.991444744659294774e-01
1.090000000000000000e+02	1.353039000000000058e+01	1.254211929697074401e-01	1.895278924716294888e-01
1.100000000000000000e+02	1.355296000000000056e+01	1.257819501942209484e-01	1.798828889047865698e-01
1.110000000000000000e+02	1.357348999999999961e+01	1.261238429424187402e-01	1.702109101285981252e-01
1.120000000000000000e+02	1.359197999999999951e+01	1.264468199441187712e-01	1.605134065514596808e-01
1.130000000000000000e+02	1.360840999999999923e+01	1.267508327657413669e-01	1.507918324094617846e-01
1.140000000000000000e+02	1.362279999999999980e+01	1.270358358175722735e-01	1.410476455483130609e-01
1.150000000000000000e+02	1.363513999999999982e+01	1.273017863605992450e-01	1.312823072047219763e-01
1.160000000000000000e+02	1.364541999999999966e+01	1.275486445129212776e-01	1.214972817872698174e-01
1.170000000000000000e+02	1.365366000000000035e+01	1.277763732557291587e-01	1.116940366568083681e-01
1.180000000000000000e+02	1.365982999999999947e+01	1.279849384388569433e-01	1.018740419064147334e-01
1.190000000000000000e+02	1.366394999999999982e+01	1.281743087859030239e-01	9.203877014093628239e-02
1.200000000000000000e+02	1.366600000000000037e+01	1.283444558989203232e-01	8.218969625615912822e-02
1.210000000000000000e+02	1.366600000000000037e+01	1.284953542626748879e-01	7.232829721763303632e-02
1.220000000000000000e+02	1.366394999999999982e+01	1.286269812484721609e-01	6.245605183918586517e-02
1.230000000000000000e+02	1.365982999999999947e+01	1.287393171175503503e-01	5.257444056116083314e-02
1.240000000000000000e+02	1.365366000000000035e+01	1.288323450240404233e-01	4.268494522840999422e-02
1.250000000000000000e+02	1.364541999999999966e+01	1.289060510174923346e-01	3.278904886807700036e-02
1.260000000000000000e+02	1.363513999999999982e+01	1.289604240449670758e-01	2.288823546720256466e-02
1.270000000000000000e+02	1.362279999999999980e+01	1.289954559526940991e-01	1.298398975018601534e-02
1.280000000000000000e+02	1.360840999999999923e+01	1.290111414872941176e-01	3.077796956136273718e-03
1.290000000000000000e+02	1.359197999999999951e+01	1.290074782965668632e-01	-6.828857383854389056e-03
1.300000000000000000e+02	1.357348999999999961e+01	1.289844669298438329e-01	-1.673448766948033850e-02
1.310000000000000000e+02	1.355296000000000056e+01	1.289421108379059100e-01	-2.663760845400297075e-02
1.320000000000000000e+02	1.353039000000000058e+01	1.288804163724658891e-01	-3.653673466700807504e-02
1.330000000000000000e+02	1.350577999999999967e+01	1.287993927852159604e-01	-4.643038183710673089e-02
1.340000000000000000e+02	1.346505999999999936e+01	1.286990522264403747e-01	-5.631706631454642953e-02
1.350000000000000000e+02	1.345046999999999926e+01	1.285794097431933181e-01	-6.619530549369896655e-02
1.360000000000000000e+02	1.340366999999999997e+01	1.284404832770425220e-01	-7.606361803539167521e-02
1.370000000000000000e+02	1.338705000000000034e+01	1.282822936613786657e-01	-8.592052408904889138e-02
1.380000000000000000e+02	1.335232000000000063e+01	1.281048646182913475e-01	-9.576454551461008324e-02
1.390000000000000000e+02	1.331556999999999924e+01	1.279082227550115691e-01	-1.055942061041914709e-01
1.400000000000000000e+02	1.327682000000000073e+01	1.276923975599217609e-01	-1.154080318034579472e-01
1.410000000000000000e+02	1.323606999999999978e+01	1.274574213981338466e-01	-1.252045509326720485e-01
1.420000000000000000e+02	1.319332999999999956e+01	1.272033295066355152e-01	-1.349822944073868214e-01
1.430000000000000000e+02	1.314860000000000007e+01	1.269301599890063637e-01	-1.447397959587494454e-01
1.440000000000000000e+02	1.310188999999999915e+01	1.266379538097036905e-01	-1.544755923533826514e-01
1.450000000000000000e+02	1.305320999999999998e+01	1.263267547879195762e-01	-1.641882236128111017e-01
1.460000000000000000e+02	1.300256000000000078e+01	1.259966095910097228e-01	-1.738762332323993409e-01
1.470000000000000000e+02	1.294994999999999941e+01	1.256475677274952185e-01	-1.835381683997692193e-01
1.480000000000000000e+02	1.289539000000000080e+01	1.252796815396382824e-01	-1.931725802126631752e-01
1.490000000000000000e+02	1.280991999999999997e+01	1.248930061955930010e-01	-2.027780238962215986e-01
1.500000000000000000e+02	1.278045999999999971e+01	1.244875996811322938e-01	-2.123530590196407719e-01
1.510000000000000000e+02	1.272010000000000041e+01	1.240635227909525073e-01	-2.218962497121800270e-01
1.520000000000000000e+02	1.265783000000000058e+01	1.236208391195564443e-01	-2.314061648784843661e-01
1.530000000000000000e+02	1.259365000000000023e+01	1.231596150517169364e-01	-2.408813784131912938e-01
1.540000000000000000e+02	1.252757000000000076e+01	1.226799197525216406e-01	-2.503204694147896370e-01
1.550000000000000000e+02	1.245960999999999963e+01	1.221818251570011699e-01	-2.597220223986975163e-01
1.560000000000000000e+02	1.238977000000000039e+01	1.216654059593416937e-01	-2.690846275095279960e-01
1.570000000000000000e+02	1.231807000000000052e+01	1.211307396016837179e-01	-2.784068807325112416e-01
1.580000000000000000e+02	1.224451000000000001e+01	1.205779062625090547e-01	-2.876873841040399338e-01
1.590000000000000000e+02	1.216910000000000025e+01	1.200069888446171074e-01	-2.969247459213077978e-01
1.600000000000000000e+02	1.205255999999999972e+01	1.194180729626928422e-01	-3.061175809510093271e-01
1.610000000000000000e+02	1.197259999999999991e+01	1.188112469304680452e-01	-3.152645106370688399e-01
1.620000000000000000e+02	1.193194000000000088e+01	1.181866017474777902e-01	-3.243641633073686137e-01
1.630000000000000000e+02	1.184928000000000026e+01	1.175442310854141054e-01	-3.334151743794448453e-01
1.640000000000000000e+02	1.176482999999999990e+01	1.168842312740791534e-01	-3.424161865651196290e-01
1.650000000000000000e+02	1.167861000000000082e+01	1.162067012869393429e-01	-3.513658500740413082e-01
1.660000000000000000e+02	1.154598999999999975e+01	1.155117427262835755e-01	-3.602628228160957846e-01
1.670000000000000000e+02	1.150090999999999930e+01	1.147994598079868367e-01	-3.691057706026695806e-01
1.680000000000000000e+02	1.140944999999999965e+01	1.140699593458820160e-01	-3.778933673467216314e-01
1.690000000000000000e+02	1.131628000000000078e+01	1.133233507357420955e-01	-3.866242952616457118e-01
1.700000000000000000e+02	1.122139999999999915e+01	1.125597459388752719e-01	-3.952972450588826958e-01
1.710000000000000000e+02	1.112482999999999933e+01	1.117792594653351096e-01	-4.039109161442642759e-01
1.720000000000000000e+02	1.102659000000000056e+01	1.109820083567488180e-01	-4.124640168130469520e-01
1.730000000000000000e+02	1.092667999999999928e+01	1.101681121687655140e-01	-4.209552644436183044e-01
1.740000000000000000e+02	1.082512999999999970e+01	1.093376929531278546e-01	-4.293833856898368051e-01
1.750000000000000000e+02	1.066976000000000013e+01	1.084908752393689835e-01	-4.377471166719844042e-01
1.760000000000000000e+02	1.061716000000000015e+01	1.076277860161383298e-01	-4.460452031662957006e-01
1.770000000000000000e+02	1.051077000000000083e+01	1.067485547121581335e-01	-4.542764007930432668e-01
1.780000000000000000e+02	1.040278999999999954e+01	1.058533131768146923e-01	-4.624394752031426581e-01
1.790000000000000000e+02	1.029325000000000045e+01	1.049421956603858591e-01	-4.705332022632570110e-01
1.800000000000000000e+02	1.018215000000000003e+01	1.040153387939092289e-01	-4.785563682393660923e-01
1.810000000000000000e+02	1.006953000000000031e+01	1.030728815686926536e-01	-4.865077699787797583e-01
1.820000000000000000e+02	9.897747999999999990e+00	1.021149653154714843e-01	-4.943862150905600217e-01
1.830000000000000000e+02	9.839741000000000071e+00	1.011417336832143021e-01	-5.021905221243342377e-01
1.840000000000000000e+02	9.722616999999999621e+00	1.001533326175815669e-01	-5.099195207474632729e-01
1.850000000000000000e+02	9.604029000000000593e+00	9.914991033903948481e-02	-5.175720519205463388e-01
1.860000000000000000e+02	9.483992999999999896e+00	9.813161732063306608e-02	-5.251469680712277377e-01
1.870000000000000000e+02	9.362531999999999854e+00	9.709860626542093920e-02	-5.326431332662897589e-01
1.880000000000000000e+02	9.239656999999999343e+00	9.605103208357636257e-02	-5.400594233819940859e-01
1.890000000000000000e+02	9.115394000000000219e+00	9.498905186915655718e-02	-5.473947262726577279e-01
1.900000000000000000e+02	8.989755999999999858e+00	9.391282487654530053e-02	-5.546479419374280573e-01
1.910000000000000000e+02	8.862766000000000588e+00	9.282251249657073877e-02	-5.618179826852405245e-01
1.920000000000000000e+02	8.734441000000000344e+00	9.171827823230364884e-02	-5.689037732979271844e-01
1.930000000000000000e+02	8.539493000000000222e+00	9.060028767453820464e-02	-5.759042511914578277e-01
1.940000000000000000e+02	8.407911999999999608e+00	8.946870847696032636e-02	-5.828183665752828535e-01
1.950000000000000000e+02	8.341647999999999286e+00	8.832371033100600011e-02	-5.896450826097620057e-01
1.960000000000000000e+02	8.140981999999999275e+00	8.716546494041477189e-02	-5.963833755616464449e-01
1.970000000000000000e+02	8.073472999999999900e+00	8.599414599548067806e-02	-6.030322349575996110e-01
1.980000000000000000e+02	7.869144000000000361e+00	8.480992914700609397e-02	-6.095906637357262348e-01
1.990000000000000000e+02	7.800436999999999621e+00	8.361299197996073518e-02	-6.160576783950925117e-01
2.000000000000000000e+02	7.662148000000000181e+00	8.240351398685147322e-02	-6.224323091432104604e-01
2.010000000000000000e+02	7.522700000000000387e+00	8.118167654080525597e-02	-6.287136000414697001e-01
2.020000000000000000e+02	7.382121999999999851e+00	7.994766286837080849e-02	-6.349006091484882264e-01
2.030000000000000000e+02	7.169178999999999746e+00	7.870165802204168171e-02	-6.409924086613666416e-01
2.040000000000000000e+02	7.097653000000000212e+00	7.744384885250604755e-02	-6.469880850548209716e-01
2.050000000000000000e+02	6.953803999999999874e+00	7.617442398062641840e-02	-6.528867392181753049e-01
2.060000000000000000e+02	6.808907999999999738e+00	7.489357376915430076e-02	-6.586874865901911624e-01
2.070000000000000000e+02	6.662987000000000215e+00	7.360149029418311395e-02	-6.643894572917177221e-01
2.080000000000000000e+02	6.516060999999999659e+00	7.229836731634493863e-02	-6.699917962561372509e-01
2.090000000000000000e+02	6.368154999999999788e+00	7.098440025175367651e-02	-6.754936633575918670e-01
2.100000000000000000e+02	6.219288999999999845e+00	6.965978614270097735e-02	-6.808942335369679855e-01
2.110000000000000000e+02	6.069487999999999772e+00	6.832472362810738942e-02	-6.861926969256224584e-01
2.120000000000000000e+02	5.843078000000000216e+00	6.697941291373489536e-02	-6.913882589668298717e-01
2.130000000000000000e+02	5.691033000000000008e+00	6.562405574216363668e-02	-6.964801405349352326e-01
2.140000000000000000e+02	5.614688000000000123e+00	6.425885536253914121e-02	-7.014675780521897330e-01
2.150000000000000000e+02	5.461367000000000083e+00	6.288401650009259325e-02	-7.063498236032588196e-01
2.160000000000000000e+02	5.307222999999999580e+00	6.149974532544076611e-02	-7.111261450473774781e-01
2.170000000000000000e+02	5.074517000000000166e+00	6.010624942366821905e-02	-7.157958261281437418e-01
2.180000000000000000e+02	4.996561999999999948e+00	5.870373776319837145e-02	-7.203581665809266621e-01
2.190000000000000000e+02	4.761580000000000368e+00	5.729242066445614651e-02	-7.248124822378796406e-01
2.200000000000000000e+02	4.682890999999999693e+00	5.587250976832881105e-02	-7.291581051305364713e-01
2.210000000000000000e+02	4.445774000000000115e+00	5.444421800442788423e-02	-7.333943835899813246e-01
2.220000000000000000e+02	4.366397000000000084e+00	5.300775955915870696e-02	-7.375206823445711324e-01
2.230000000000000000e+02	4.207154000000000060e+00	5.156334984360065599e-02	-7.415363826152030491e-01
2.240000000000000000e+02	4.047274999999999956e+00	5.011120546120452490e-02	-7.454408822081040054e-01
2.250000000000000000e+02	3.886786999999999992e+00	4.865154417531031283e-02	-7.492335956051379142e-01
2.260000000000000000e+02	3.725712999999999830e+00	4.718458487649187377e-02	-7.529139540516081031e-01
2.270000000000000000e+02	3.564080999999999833e+00	4.571054754973171569e-02	-7.564814056415487542e-01
2.280000000000000000e+02	3.401908999999999850e+00	4.422965324143248583e-02	-7.599354154004880346e-01
2.290000000000000000e+02	3.239227000000000078e+00	4.274212402626848678e-02	-7.632754653656731447e-01
2.300000000000000000e+02	3.076055000000000206e+00	4.124818297388380822e-02	-7.665010546637436306e-01
2.310000000000000000e+02	2.912421000000000149e+00	3.974805411544041905e-02	-7.696116995858426346e-01
2.320000000000000000e+02	2.748349000000000153e+00	3.824196241002290192e-02	-7.726069336601534276e-01
2.330000000000000000e+02	2.583860000000000046e+00	3.673013371090320944e-02	-7.754863077218517864e-01
2.340000000000000000e+02	2.418985999999999859e+00	3.521279473167217289e-02	-7.782493899804623361e-01
2.350000000000000000e+02	2.253746000000000027e+00	3.369017301224114941e-02	-7.808957660846100879e-01
2.360000000000000000e+02	2.088166000000000189e+00	3.216249688472055251e-02	-7.834250391841561800e-01
2.370000000000000000e+02	1.922271999999999981e+00	3.062999543917884968e-02	-7.858368299897099396e-01
2.380000000000000000e+02	1.672895999999999939e+00	2.909289848928862943e-02	-7.881307768295066074e-01
2.390000000000000000e+02	1.589639999999999942e+00	2.755143653786336702e-02	-7.903065357036437311e-01
2.400000000000000000e+02	1.422952999999999912e+00	2.600584074229167486e-02	-7.923637803356673448e-01
2.410000000000000000e+02	1.256051000000000029e+00	2.445634287987257655e-02	-7.943022022215003863e-01
2.420000000000000000e+02	1.088961000000000068e+00	2.290317531305863241e-02	-7.961215106757058013e-01
2.430000000000000000e+02	9.217060999999999726e-01	2.134657095461045540e-02	-7.978214328750778961e-01
2.440000000000000000e+02	6.705714999999999870e-01	1.978676323266962203e-02	-7.994017138995546112e-01
2.450000000000000000e+02	5.868054000000000325e-01	1.822398605575335784e-02	-8.008621167704454979e-01
2.460000000000000000e+02	3.353867999999999849e-01	1.665847377767810597e-02	-8.022024224859686248e-01
2.470000000000000000e+02	2.515511000000000275e-01	1.509046116241541911e-02	-8.034224300540927510e-01
2.480000000000000000e+02	8.385459000000000662e-02	1.352018334888724360e-02	-8.045219565226773284e-01
2.490000000000000000e+02	-8.385459000000000662e-02	1.194787581570406869e-02	-8.055008370069085544e-01
2.500000000000000000e+02	-3.353867999999999849e-01	1.037377434585304813e-02	-8.063589247140248162e-01
2.510000000000000000e+02	-4.192097000000000184e-01	8.798114991339561763e-03	-8.070960909653305260e-01
2.520000000000000000e+02	-5.868054000000000325e-01	7.221134037789357293e-03	-8.077122252154920190e-01
2.530000000000000000e+02	-7.543125999999999998e-01	5.643067969014728576e-03	-8.082072350691156259e-01
2.540000000000000000e+02	-9.217060999999999726e-01	4.064153431551911430e-03	-8.085810462946021460e-01
2.550000000000000000e+02	-1.088961000000000068e+00	2.484627199173138155e-03	-8.088336028352801632e-01
2.560000000000000000e+02	-1.256051000000000029e+00	9.047261373805423916e-04	-8.089648668178109903e-01
2.570000000000000000e+02	-1.422952999999999912e+00	-6.753128321145543053e-04	-8.089748185578686801e-01
2.580000000000000000e+02	-1.589639999999999942e+00	-2.255252766920213658e-03	-8.088634565630918871e-01
2.590000000000000000e+02	-1.756088000000000093e+00	-3.834856739495550934e-03	-8.086307975333076881e-01
2.600000000000000000e+02	-2.005256999999999845e+00	-5.413887872680754089e-03	-8.082768763580270299e-01
2.610000000000000000e+02	-2.088166000000000189e+00	-6.992109375218685807e-03	-8.078017461112129149e-01
2.620000000000000000e+02	-2.253746000000000027e+00	-8.569284577264520836e-03	-8.072054780433216559e-01
2.630000000000000000e+02	-2.501471000000000000e+00	-1.014517696587625799e-02	-8.064881615706173124e-01
2.640000000000000000e+02	-2.583860000000000046e+00	-1.171955022048262220e-02	-8.056499042617639716e-01
2.650000000000000000e+02	-2.748349000000000153e+00	-1.329216824832120565e-02	-8.046908318216938749e-01
2.660000000000000000e+02	-2.912421000000000149e+00	-1.486279521984335862e-02	-8.036110880727576067e-01
2.670000000000000000e+02	-3.076055000000000206e+00	-1.643119560407868551e-02	-8.024108349331553480e-01
2.680000000000000000e+02	-3.320629999999999971e+00	-1.799713420395568711e-02	-8.010902523926565211e-01
2.690000000000000000e+02	-3.401908999999999850e+00	-1.956037619157144705e-02	-7.996495384856087130e-01
2.700000000000000000e+02	-3.564080999999999833e+00	-2.112068714340679942e-02	-7.980889092612394320e-01
2.710000000000000000e+02	-3.725712999999999830e+00	-2.267783307548001948e-02	-7.964085987512586895e-01
2.720000000000000000e+02	-3.886786999999999992e+00	-2.423158047843547089e-02	-7.946088589347624076e-01
2.730000000000000000e+02	-4.047274999999999956e+00	-2.578169635256016834e-02	-7.926899597004467557e-01
2.740000000000000000e+02	-4.207154000000000060e+00	-2.732794824272484491e-02	-7.906521888061350811e-01
2.750000000000000000e+02	-4.445774000000000115e+00	-2.887010427324241540e-02	-7.884958518356257606e-01
2.760000000000000000e+02	-4.524983999999999895e+00	-3.040793318264049458e-02	-7.862212721528670789e-01
2.770000000000000000e+02	-4.682890999999999693e+00	-3.194120435834085087e-02	-7.838287908534657955e-01
2.780000000000000000e+02	-4.840090000000000003e+00	-3.346968787124251360e-02	-7.813187667135361725e-01
2.790000000000000000e+02	-4.996561999999999948e+00	-3.499315451020140744e-02	-7.786915761358980115e-01
2.800000000000000000e+02	-5.152280000000000193e+00	-3.651137581640334639e-02	-7.759476130936316940e-01
2.810000000000000000e+02	-5.384398000000000017e+00	-3.802412411762313288e-02	-7.730872890709976630e-01
2.820000000000000000e+02	-5.461367000000000083e+00	-3.953117256236678145e-02	-7.701110330017301164e-01
2.830000000000000000e+02	-5.614688000000000123e+00	-4.103229515388963355e-02	-7.670192912047151257e-01
2.840000000000000000e+02	-5.767165000000000319e+00	-4.252726678408728228e-02	-7.638125273170595086e-01
2.850000000000000000e+02	-5.918772999999999840e+00	-4.401586326725223652e-02	-7.604912222245647779e-01
2.860000000000000000e+02	-6.069487999999999772e+00	-4.549786137369330602e-02	-7.570558739896129374e-01
2.870000000000000000e+02	-6.219288999999999845e+00	-4.697303886321057415e-02	-7.535069977764780047e-01
2.880000000000000000e+02	-6.368154999999999788e+00	-4.844117451842296779e-02	-7.498451257740708087e-01
2.890000000000000000e+02	-6.589648000000000394e+00	-4.990204817794156172e-02	-7.460708071161336052e-01
2.900000000000000000e+02	-6.662987000000000215e+00	-5.135544076938535624e-02	-7.421846077988900614e-01
2.910000000000000000e+02	-6.808907999999999738e+00	-5.280113434223290825e-02	-7.381871105961709256e-01
2.920000000000000000e+02	-6.953803999999999874e+00	-5.423891210050661021e-02	-7.340789149720190476e-01
2.930000000000000000e+02	-7.097653000000000212e+00	-5.566855843528289299e-02	-7.298606369907957303e-01
2.940000000000000000e+02	-7.240433000000000341e+00	-5.708985895702541058e-02	-7.255329092247940759e-01
2.950000000000000000e+02	-7.382121999999999851e+00	-5.850260052773437885e-02	-7.210963806593806424e-01
2.960000000000000000e+02	-7.522700000000000387e+00	-5.990657129290916788e-02	-7.165517165956712953e-01
2.970000000000000000e+02	-7.662148000000000181e+00	-6.130156071331751416e-02	-7.118995985507649005e-01
2.980000000000000000e+02	-7.869144000000000361e+00	-6.268735959656841772e-02	-7.071407241555417444e-01
2.990000000000000000e+02	-7.937553000000000303e+00	-6.406376012848216672e-02	-7.022758070500477734e-01
3.000000000000000000e+02	-8.073472999999999900e+00	-6.543055590425447821e-02	-6.973055767764764212e-01
3.010000000000000000e+02	-8.208180000000000476e+00	-6.678754195940861393e-02	-6.922307786697673437e-01
3.020000000000000000e+02	-8.407911999999999608e+00	-6.813451480053213383e-02	-6.870521737458353817e-01
3.030000000000000000e+02	-8.473862000000000450e+00	-6.947127243579241662e-02	-6.817705385874498480e-01
3.040000000000000000e+02	-8.604798000000000613e+00	-7.079761440522766569e-02	-6.763866652277767955e-01
3.050000000000000000e+02	-8.734441000000000344e+00	-7.211334181080748806e-02	-6.709013610316072462e-01
3.060000000000000000e+02	-8.862766000000000588e+00	-7.341825734625995192e-02	-6.653154485742838187e-01
3.070000000000000000e+02	-8.989755999999999858e+00	-7.471216532665928001e-02	-6.596297655183485098e-01
3.080000000000000000e+02	-9.177699000000000495e+00	-7.599487171777109806e-02	-6.538451644879257341e-01
3.090000000000000000e+02	-9.239656999999999343e+00	-7.726618416514936805e-02	-6.479625129408641548e-01
3.100000000000000000e+02	-9.362531999999999854e+00	-7.852591202298224438e-02	-6.419826930386517416e-01
3.110000000000000000e+02	-9.483992999999999896e+00	-7.977386638268085806e-02	-6.359066015141282557e-01
3.120000000000000000e+02	-9.663505000000000678e+00	-8.100986010120848901e-02	-6.297351495370097085e-01
3.130000000000000000e+02	-9.722616999999999621e+00	-8.223370782914399268e-02	-6.234692625772509933e-01
3.140000000000000000e+02	-9.839741000000000071e+00	-8.344522603847730202e-02	-6.171098802662616789e-01
3.150000000000000000e+02	-9.955382000000000176e+00	-8.464423305013078769e-02	-6.106579562559995011e-01
3.160000000000000000e+02	-1.006953000000000031e+01	-8.583054906120415883e-02	-6.041144580759605365e-01
3.170000000000000000e+02	-1.018215000000000003e+01	-8.700399617193746438e-02	-5.974803669880888179e-01
3.180000000000000000e+02	-1.029325000000000045e+01	-8.816439841238910002e-02	-5.907566778396260432e-01
3.190000000000000000e+02	-1.040278999999999954e+01	-8.931158176882397770e-02	-5.839443989139257996e-01
3.200000000000000000e+02	-1.051077000000000083e+01	-9.044537420980891529e-02	-5.770445517792489598e-01
3.210000000000000000e+02	-1.061716000000000015e+01	-9.156560571201013965e-02	-5.700581711355727776e-01
3.220000000000000000e+02	-1.072194999999999965e+01	-9.267210828569019676e-02	-5.629863046594241194e-01
3.230000000000000000e+02	-1.087611000000000061e+01	-9.376471599989948114e-02	-5.558300128467733581e-01
3.240000000000000000e+02	-1.092667999999999928e+01	-9.484326500735937304e-02	-5.485903688539990330e-01
3.250000000000000000e+02	-1.102659000000000056e+01	-9.590759356903262589e-02	-5.412684583369610225e-01
3.260000000000000000e+02	-1.117332999999999998e+01	-9.695754207837779803e-02	-5.338653792881926652e-01
3.270000000000000000e+02	-1.122139999999999915e+01	-9.799295308528378767e-02	-5.263822418722485796e-01
3.280000000000000000e+02	-1.131628000000000078e+01	-9.901367131968104307e-02	-5.188201682592223918e-01
3.290000000000000000e+02	-1.145539999999999914e+01	-1.000195437148259370e-01	-5.111802924564673445e-01
3.300000000000000000e+02	-1.150090999999999930e+01	-1.010104194302542807e-01	-5.034637601385418826e-01
3.310000000000000000e+02	-1.159063000000000088e+01	-1.019861498744018269e-01	-4.956717284754018626e-01
3.320000000000000000e+02	-1.167861000000000082e+01	-1.029465887268867091e-01	-4.878053659588734159e-01
3.330000000000000000e+02	-1.176482999999999990e+01	-1.038915919604517651e-01	-4.798658522274248384e-01
3.340000000000000000e+02	-1.184928000000000026e+01	-1.048210178625626071e-01	-4.718543778892709817e-01
3.350000000000000000e+02	-1.193194000000000088e+01	-1.057347270566591779e-01	-4.637721443438259095e-01
3.360000000000000000e+02	-1.201280999999999999e+01	-1.066325825230563795e-01	-4.556203636015436209e-01
3.370000000000000000e+02	-1.209187000000000012e+01	-1.075144496194916505e-01	-4.474002581021643277e-01
3.380000000000000000e+02	-1.216910000000000025e+01	-1.083801961013156623e-01	-4.391130605313995350e-01
3.390000000000000000e+02	-1.224451000000000001e+01	-1.092296921413240807e-01	-4.307600136360753007e-01
3.400000000000000000e+02	-1.231807000000000052e+01	-1.100628103492261728e-01	-4.223423700377724188e-01
3.410000000000000000e+02	-1.238977000000000039e+01	-1.108794257907483038e-01	-4.138613920449824568e-01
3.420000000000000000e+02	-1.249383000000000088e+01	-1.116794160063689506e-01	-4.053183514638146745e-01
3.430000000000000000e+02	-1.252757000000000076e+01	-1.124626610296829698e-01	-3.967145294072720874e-01
3.440000000000000000e+02	-1.259365000000000023e+01	-1.132290434053914996e-01	-3.880512161031386964e-01
3.450000000000000000e+02	-1.265783000000000058e+01	-1.139784482069157029e-01	-3.793297107004961477e-01
3.460000000000000000e+02	-1.272010000000000041e+01	-1.147107630536308986e-01	-3.705513210749054598e-01
3.470000000000000000e+02	-1.278045999999999971e+01	-1.154258781277194695e-01	-3.617173636322749686e-01
3.480000000000000000e+02	-1.286739000000000033e+01	-1.161236861906388834e-01	-3.528291631114545690e-01
3.490000000000000000e+02	-1.289539000000000080e+01	-1.168040825992033432e-01	-3.438880523855768478e-01
3.500000000000000000e+02	-1.294994999999999941e+01	-1.174669653212757348e-01	-3.348953722621823559e-01
3.510000000000000000e+02	-1.300256000000000078e+01	-1.181122349510688035e-01	-3.258524712821481151e-01
3.520000000000000000e+02	-1.305320999999999998e+01	-1.187397947240517448e-01	-3.167607055174637143e-01
3.530000000000000000e+02	-1.310188999999999915e+01	-1.193495505314610405e-01	-3.076214383678732567e-01
3.540000000000000000e+02	-1.314860000000000007e+01	-1.199414109344129481e-01	-2.984360403564228492e-01
3.550000000000000000e+02	-1.319332999999999956e+01	-1.205152871776158235e-01	-2.892058889239335073e-01
3.560000000000000000e+02	-1.325670000000000037e+01	-1.210710932026797249e-01	-2.799323682224427179e-01
3.570000000000000000e+02	-1.327682000000000073e+01	-1.216087456610217693e-01	-2.706168689076358103e-01
3.580000000000000000e+02	-1.331556999999999924e+01	-1.221281639263649271e-01	-2.612607879303064928e-01
3.590000000000000000e+02	-1.335232000000000063e+01	-1.226292701068289609e-01	-2.518655283268660394e-01
3.600000000000000000e+02	-1.338705000000000034e+01	-1.231119890566109432e-01	-2.424324990089469223e-01
3.610000000000000000e+02	-1.341976999999999975e+01	-1.235762483872541451e-01	-2.329631145521212365e-01
3.620000000000000000e+02	-1.345046999999999926e+01	-1.240219784785032558e-01	-2.234587949837740228e-01
3.630000000000000000e+02	-1.347913999999999923e+01	-1.244491124887449202e-01	-2.139209655701519719e-01
3.640000000000000000e+02	-1.351834000000000024e+01	-1.248575863650310258e-01	-2.043510566026336128e-01
3.650000000000000000e+02	-1.353039000000000058e+01	-1.252473388526842424e-01	-1.947505031832414690e-01
3.660000000000000000e+02	-1.355296000000000056e+01	-1.256183115044835763e-01	-1.851207450094373153e-01
3.670000000000000000e+02	-1.357348999999999961e+01	-1.259704486894293041e-01	-1.754632261582211306e-01
3.680000000000000000e+02	-1.359197999999999951e+01	-1.263036976010853685e-01	-1.657793948695804043e-01
3.690000000000000000e+02	-1.360840999999999923e+01	-1.266180082654980721e-01	-1.560707033293107782e-01
3.700000000000000000e+02	-1.362922999999999973e+01	-1.269133335486902492e-01	-1.463386074512493806e-01
3.710000000000000000e+02	-1.363513999999999982e+01	-1.271896291637295284e-01	-1.365845666589420859e-01
3.720000000000000000e+02	-1.364541999999999966e+01	-1.274468536773695482e-01	-1.268100436667911335e-01
3.730000000000000000e+02	-1.365366000000000035e+01	-1.276849685162632364e-01	-1.170165042607056727e-01
3.740000000000000000e+02	-1.365982999999999947e+01	-1.279039379727472669e-01	-1.072054170782952565e-01
3.750000000000000000e+02	-1.366394999999999982e+01	-1.281037292101969149e-01	-9.737825338862912683e-02
3.760000000000000000e+02	-1.366600000000000037e+01	-1.282843122679500347e-01	-8.753648687160762998e-02
3.770000000000000000e+02	-1.366522999999999932e+01	-1.284456600658000491e-01	-7.768159339696811827e-02
3.780000000000000000e+02	-1.366555999999999926e+01	-1.285877484080569233e-01	-6.781505080296652832e-02
3.790000000000000000e+02	-1.366144000000000069e+01	-1.287105559871755400e-01	-5.793833867475672167e-02
3.800000000000000000e+02	-1.365526999999999980e+01	-1.288140643869508661e-01	-4.805293812251505703e-02
3.810000000000000000e+02	-1.364704000000000050e+01	-1.288982580852797988e-01	-3.816033155933180182e-02
3.820000000000000000e+02	-1.363674999999999926e+01	-1.289631244564887202e-01	-2.826200247891167208e-02
3.830000000000000000e+02	-1.362442000000000064e+01	-1.290086537732269834e-01	-1.835943523310496622e-02
3.840000000000000000e+02	-1.361003000000000007e+01	-1.290348392079254947e-01	-8.454114809317334056e-03
3.850000000000000000e+02	-1.359359000000000073e+01	-1.290416768338206455e-01	1.452473392179454625e-03
3.860000000000000000e+02	-1.357510000000000083e+01	-1.290291656255431463e-01	1.135884378099860474e-02
3.870000000000000000e+02	-1.355457000000000001e+01	-1.289973074592717650e-01	2.126351079941432229e-02
3.880000000000000000e+02	-1.353199000000000041e+01	-1.289461071124520797e-01	3.116498914514011578e-02
3.890000000000000000e+02	-1.350737999999999950e+01	-1.288755722630799405e-01	4.106179399406163083e-02
3.900000000000000000e+02	-1.348074000000000083e+01	-1.287857134885500576e-01	5.095244122290207289e-02
3.910000000000000000e+02	-1.345205999999999946e+01	-1.286765442640699919e-01	6.083544763177819309e-02
3.920000000000000000e+02	-1.342135999999999996e+01	-1.285480809606392438e-01	7.070933116662506124e-02
3.930000000000000000e+02	-1.338864000000000054e+01	-1.284003428425942728e-01	8.057261114144177727e-02
3.940000000000000000e+02	-1.335389999999999944e+01	-1.282333520647197245e-01	9.042380846033629127e-02
3.950000000000000000e+02	-1.331714999999999982e+01	-1.280471336689260886e-01	1.002614458393275981e-01
3.960000000000000000e+02	-1.327839999999999954e+01	-1.278417155804942307e-01	1.100840480278832689e-01
3.970000000000000000e+02	-1.323764000000000074e+01	-1.276171286038880193e-01	1.198901420301448362e-01
3.980000000000000000e+02	-1.319488999999999912e+01	-1.273734064181346048e-01	1.296782573258196680e-01
3.990000000000000000e+02	-1.315015999999999963e+01	-1.271105855717741262e-01	1.394469260906968378e-01
4.000000000000000000e+02	-1.310344000000000086e+01	-1.268287054773788447e-01	1.491946834167663383e-01
4.010000000000000000e+02	-1.305475000000000030e+01	-1.265278084056427610e-01	1.589200675318933886e-01
4.020000000000000000e+02	-1.300409999999999933e+01	-1.262079394790427411e-01	1.686216200190270575e-01
4.030000000000000000e+02	-1.295148000000000010e+01	-1.258691466650720958e-01	1.782978860349015149e-01
4.040000000000000000e+02	-1.289691999999999972e+01	-1.255114807690471956e-01	1.879474145282081232e-01
4.050000000000000000e+02	-1.284041000000000032e+01	-1.251349954264887598e-01	1.975687584571922950e-01
4.060000000000000000e+02	-1.278196999999999939e+01	-1.247397470950787207e-01	2.071604750066528278e-01
4.070000000000000000e+02	-1.272161000000000008e+01	-1.243257950461939265e-01	2.167211258043035549e-01
4.080000000000000000e+02	-1.265933000000000064e+01	-1.238932013560175988e-01	2.262492771364755795e-01
4.090000000000000000e+02	-1.259514000000000067e+01	-1.234420308962305840e-01	2.357435001631140170e-01
4.100000000000000000e+02	-1.252905999999999942e+01	-1.229723513242830385e-01	2.452023711320479027e-01
4.110000000000000000e+02	-1.246109000000000044e+01	-1.224842330732487938e-01	2.546244715924932400e-01
4.120000000000000000e+02	-1.239123999999999981e+01	-1.219777493412629310e-01	2.640083886077674857e-01
4.130000000000000000e+02	-1.231953000000000031e+01	-1.214529760805451442e-01	2.733527149671710621e-01
4.140000000000000000e+02	-1.224596000000000018e+01	-1.209099919860099348e-01	2.826560493970132204e-01
4.150000000000000000e+02	-1.217054000000000080e+01	-1.203488784834656350e-01	2.919169967707445634e-01
4.160000000000000000e+02	-1.209329999999999927e+01	-1.197697197174036193e-01	3.011341683181738560e-01
4.170000000000000000e+02	-1.201422999999999952e+01	-1.191726025383800930e-01	3.103061818337251587e-01
4.180000000000000000e+02	-1.193335000000000079e+01	-1.185576164899920237e-01	3.194316618837144128e-01
4.190000000000000000e+02	-1.185068000000000055e+01	-1.179248537954492582e-01	3.285092400126066181e-01
4.200000000000000000e+02	-1.176622000000000057e+01	-1.172744093437445706e-01	3.375375549482333426e-01
4.210000000000000000e+02	-1.167999000000000009e+01	-1.166063806754242538e-01	3.465152528059259884e-01
4.220000000000000000e+02	-1.159200000000000053e+01	-1.159208679679608611e-01	3.554409872915455515e-01
4.230000000000000000e+02	-1.150226999999999933e+01	-1.152179740207308484e-01	3.643134199033701837e-01
4.240000000000000000e+02	-1.141080000000000005e+01	-1.144978042395984191e-01	3.731312201328202405e-01
4.250000000000000000e+02	-1.131761999999999979e+01	-1.137604666211091686e-01	3.818930656639790144e-01
4.260000000000000000e+02	-1.122273000000000032e+01	-1.130060717362947748e-01	3.905976425718880596e-01
4.270000000000000000e+02	-1.112615000000000087e+01	-1.122347327140920253e-01	3.992436455195804146e-01
4.280000000000000000e+02	-1.102788999999999930e+01	-1.114465652243776528e-01	4.078297779538330725e-01
4.290000000000000000e+02	-1.092797999999999981e+01	-1.106416874606227785e-01	4.163547522995947880e-01
4.300000000000000000e+02	-1.082642000000000060e+01	-1.098202201221685076e-01	4.248172901530722911e-01
4.310000000000000000e+02	-1.072321999999999953e+01	-1.089822863961260879e-01	4.332161224734367710e-01
4.320000000000000000e+02	-1.061842000000000041e+01	-1.081280119389034372e-01	4.415499897731329781e-01
4.330000000000000000e+02	-1.051201000000000008e+01	-1.072575248573619661e-01	4.498176423067491991e-01
4.340000000000000000e+02	-1.040401999999999916e+01	-1.063709556896056257e-01	4.580178402584297315e-01
4.350000000000000000e+02	-1.029446000000000083e+01	-1.054684373854056084e-01	4.661493539277959397e-01
4.360000000000000000e+02	-1.018336000000000041e+01	-1.045501052862628649e-01	4.742109639143547994e-01
4.370000000000000000e+02	-1.007071999999999967e+01	-1.036160971051126173e-01	4.822014613003577921e-01
4.380000000000000000e+02	-9.956562999999999164e+00	-1.026665529056727116e-01	4.901196478320911099e-01
4.390000000000000000e+02	-9.840904999999999347e+00	-1.017016150814401138e-01	4.979643360995635870e-01
4.400000000000000000e+02	-9.723767000000000493e+00	-1.007214283343370459e-01	5.057343497145738720e-01
4.410000000000000000e+02	-9.605166999999999788e+00	-9.972613965301185823e-02	5.134285234871185377e-01
4.420000000000000000e+02	-9.485117000000000687e+00	-9.871589829079643885e-02	5.210457036001259201e-01
4.430000000000000000e+02	-9.363638999999999157e+00	-9.769085574332463107e-02	5.285847477824794360e-01
4.440000000000000000e+02	-9.240750999999999493e+00	-9.665116572581333720e-02	5.360445254803156701e-01
4.450000000000000000e+02	-9.116474000000000188e+00	-9.559698415001184613e-02	5.434239180265603153e-01
4.460000000000000000e+02	-8.990821999999999647e+00	-9.452846910082117471e-02	5.507218188086840938e-01
4.470000000000000000e+02	-8.863815999999999917e+00	-9.344578081258790581e-02	5.579371334346476807e-01
4.480000000000000000e+02	-8.735473999999999961e+00	-9.234908164507509010e-02	5.650687798970208675e-01
4.490000000000000000e+02	-8.605817999999999302e+00	-9.123853605911504128e-02	5.721156887352365494e-01
4.500000000000000000e+02	-8.474866000000000454e+00	-9.011431059194673077e-02	5.790768031959695472e-01
4.510000000000000000e+02	-8.342636999999999858e+00	-8.897657383224219507e-02	5.859510793916038462e-01
4.520000000000000000e+02	-8.209153000000000588e+00	-8.782549639482443993e-02	5.927374864567774848e-01
4.530000000000000000e+02	-8.074431000000000580e+00	-8.666125089508248946e-02	5.994350067029687867e-01
4.540000000000000000e+02	-7.938493000000000244e+00	-8.548401192308584251e-02	6.060426357711096168e-01
4.550000000000000000e+02	-7.801362000000000130e+00	-8.429395601740320709e-02	6.125593827821973480e-01
4.560000000000000000e+02	-7.663053999999999810e+00	-8.309126163862845527e-02	6.189842704858895539e-01
4.570000000000000000e+02	-7.523592999999999975e+00	-8.187610914261887751e-02	6.253163354070502278e-01
4.580000000000000000e+02	-7.382996000000000336e+00	-8.064868075344899800e-02	6.315546279902337634e-01
4.590000000000000000e+02	-7.241291000000000366e+00	-7.940916053608455816e-02	6.376982127420778301e-01
4.600000000000000000e+02	-7.098494999999999777e+00	-7.815773436877970770e-02	6.437461683715929306e-01
4.610000000000000000e+02	-6.954627999999999588e+00	-7.689458991520295439e-02	6.496975879283167776e-01
4.620000000000000000e+02	-6.809714999999999741e+00	-7.561991659629517526e-02	6.555515789383219438e-01
4.630000000000000000e+02	-6.663775000000000226e+00	-7.433390556186421361e-02	6.613072635380486952e-01
4.640000000000000000e+02	-6.442993000000000414e+00	-7.303674966191973927e-02	6.669637786059524620e-01
4.650000000000000000e+02	-6.368909999999999627e+00	-7.172864341775368746e-02	6.725202758919355261e-01
4.660000000000000000e+02	-6.220028000000000112e+00	-7.040978299276987040e-02	6.779759221445508244e-01
4.670000000000000000e+02	-6.070208000000000048e+00	-6.908036616306753586e-02	6.833298992359552182e-01
4.680000000000000000e+02	-5.919471999999999845e+00	-6.774059228778245290e-02	6.885814042845979088e-01
4.690000000000000000e+02	-5.767847999999999864e+00	-6.639066227919139529e-02	6.937296497756190172e-01
4.700000000000000000e+02	-5.615353999999999957e+00	-6.503077857258318661e-02	6.987738636789457836e-01
4.710000000000000000e+02	-5.462015000000000065e+00	-6.366114509590187209e-02	7.037132895650645148e-01
4.720000000000000000e+02	-5.307851999999999570e+00	-6.228196723916517435e-02	7.085471867184570671e-01
4.730000000000000000e+02	-5.152890000000000192e+00	-6.089345182366465159e-02	7.132748302486769942e-01
4.740000000000000000e+02	-4.997152999999999956e+00	-5.949580707095058346e-02	7.178955111990542592e-01
4.750000000000000000e+02	-4.840664000000000300e+00	-5.808924257160746896e-02	7.224085366530096364e-01
4.760000000000000000e+02	-4.683444999999999858e+00	-5.667396925382333500e-02	7.268132298379657019e-01
4.770000000000000000e+02	-4.525520000000000209e+00	-5.525019935175928820e-02	7.311089302268346524e-01
4.780000000000000000e+02	-4.366914000000000406e+00	-5.381814637372280691e-02	7.352949936370711814e-01
4.790000000000000000e+02	-4.207652000000000392e+00	-5.237802507015038717e-02	7.393707923272729854e-01
4.800000000000000000e+02	-4.047753000000000156e+00	-5.093005140140303977e-02	7.433357150913184608e-01
4.810000000000000000e+02	-3.887248000000000037e+00	-4.947444250538132055e-02	7.471891673500219433e-01
4.820000000000000000e+02	-3.726154999999999884e+00	-4.801141666496314131e-02	7.509305712402973843e-01
4.830000000000000000e+02	-3.564502000000000059e+00	-4.654119327527051625e-02	7.545593657018131450e-01
4.840000000000000000e+02	-3.402311000000000085e+00	-4.506399281076849811e-02	7.580750065611304711e-01
4.850000000000000000e+02	-3.239609999999999879e+00	-4.358003679220325693e-02	7.614769666133066606e-01
4.860000000000000000e+02	-3.076419000000000015e+00	-4.208954775338270143e-02	7.647647357009548230e-01
4.870000000000000000e+02	-2.912764999999999826e+00	-4.059274920780568674e-02	7.679378207907459064e-01
4.880000000000000000e+02	-2.748673999999999840e+00	-3.908986561514340985e-02	7.709957460473463309e-01
4.890000000000000000e+02	-2.584166000000000185e+00	-3.758112234757985531e-02	7.739380529047716895e-01
4.900000000000000000e+02	-2.419271000000000171e+00	-3.606674565601481613e-02	7.767643001351550724e-01
4.910000000000000000e+02	-2.254011999999999905e+00	-3.454696263613576956e-02	7.794740639149119188e-01
4.920000000000000000e+02	-2.088413000000000075e+00	-3.302200119436200787e-02	7.820669378882979528e-01
4.930000000000000000e+02	-1.922500000000000098e+00	-3.149209001366824745e-02	7.845425332283453290e-01
4.940000000000000000e+02	-1.756296000000000079e+00	-2.995745851929115453e-02	7.869004786951718788e-01
4.950000000000000000e+02	-1.589828999999999937e+00	-2.841833684432521628e-02	7.891404206916508013e-01
4.960000000000000000e+02	-1.423121999999999998e+00	-2.687495579521135061e-02	7.912620233164375794e-01
4.970000000000000000e+02	-1.256199999999999983e+00	-2.532754681712566167e-02	7.932649684143406876e-01
4.980000000000000000e+02	-1.089089999999999892e+00	-2.377634195927171706e-02	7.951489556240326495e-01
4.990000000000000000e+02	-9.218153000000000041e-01	-2.222157384008295253e-02	7.969137024230917854e-01
5.000000000000000000e+02	-7.544018999999999586e-01	-2.066347561233857280e-02	7.985589441703694336e-01
5.010000000000000000e+02	-5.868748000000000298e-01	-1.910228092820043244e-02	8.000844341456754272e-01
5.020000000000000000e+02	-3.354266000000000192e-01	-1.753822390417439023e-02	8.014899435867761657e-01
5.030000000000000000e+02	-2.515809999999999991e-01	-1.597153908600267361e-02	8.027752617237000621e-01
5.040000000000000000e+02	-8.386451999999999796e-02	-1.440246141349075734e-02	8.039401958103441492e-01
5.050000000000000000e+02	8.386451999999999796e-02	-1.283122618527629023e-02	8.049845711533784032e-01
5.060000000000000000e+02	2.515809999999999991e-01	-1.125806902354351512e-02	8.059082311384428987e-01
5.070000000000000000e+02	4.192595000000000072e-01	-9.683225838689862516e-03	8.067110372536334673e-01
5.080000000000000000e+02	5.868748000000000298e-01	-8.106932793948175286e-03	8.073928691102731925e-01
5.090000000000000000e+02	7.543125999999999998e-01	-6.529426269972170120e-03	8.079536244609654139e-01
5.100000000000000000e+02	9.217060999999999726e-01	-4.950942829388603646e-03	8.083932192149272389e-01
5.110000000000000000e+02	1.088961000000000068e+00	-3.371719181322833069e-03	8.087115874505993451e-01
