0.000000000000000000e+00	1.178360000000000074e+00	-3.314263720939705522e-03	9.658625877752972100e-01
1.000000000000000000e+00	1.374305000000000110e+00	-1.427598639992032001e-03	9.660583626918695099e-01
2.000000000000000000e+00	1.570043000000000077e+00	4.593076398728694783e-04	9.661095723864653317e-01
3.000000000000000000e+00	1.765544000000000002e+00	2.346172753700942470e-03	9.660162091958407471e-01
4.000000000000000000e+00	1.960460000000000091e+00	4.232714342698395971e-03	9.657782870912743345e-01
5.000000000000000000e+00	2.155368000000000173e+00	6.118650096485120024e-03	9.653958416764759631e-01
6.000000000000000000e+00	2.349952000000000041e+00	8.003697795340847590e-03	9.648689301822594988e-01
7.000000000000000000e+00	2.544181000000000026e+00	9.887575352437762144e-03	9.641976314579783214e-01
8.000000000000000000e+00	2.738029000000000046e+00	1.177000085605319456e-02	9.633820459597257635e-01
9.000000000000000000e+00	2.931462999999999930e+00	1.365069261175615861e-02	9.624222957353026908e-01
1.000000000000000000e+01	3.124455000000000204e+00	1.552936918456132055e-02	9.613185244059532231e-01
1.100000000000000000e+01	3.316978000000000204e+00	1.740574944104418195e-02	9.600708971448735918e-01
1.200000000000000000e+01	3.509001000000000037e+00	1.927955259141111294e-02	9.586796006524940239e-01
1.300000000000000000e+01	3.700493999999999950e+00	2.115049823151799249e-02	9.571448431285400904e-01
1.400000000000000000e+01	3.891433000000000142e+00	2.301830638483107899e-02	9.554668542408777387e-01
1.500000000000000000e+01	4.081781999999999577e+00	2.488269754432396313e-02	9.536458850911432306e-01
1.600000000000000000e+01	4.271519999999999762e+00	2.674339271430422812e-02	9.516822081771687536e-01
1.700000000000000000e+01	4.460612000000000243e+00	2.860011345216356693e-02	9.495761173522037080e-01
1.800000000000000000e+01	4.649034999999999584e+00	3.045258191004518097e-02	9.473279277809411036e-01
1.900000000000000000e+01	4.836755000000000138e+00	3.230052087642214936e-02	9.449379758923559525e-01
2.000000000000000000e+01	5.023748000000000324e+00	3.414365381758057566e-02	9.424066193293594296e-01
2.100000000000000000e+01	5.209984000000000393e+00	3.598170491900131579e-02	9.397342368952801284e-01
2.200000000000000000e+01	5.395434999999999981e+00	3.781439912663408370e-02	9.369212284971780713e-01
2.300000000000000000e+01	5.580072999999999617e+00	3.964146218805770366e-02	9.339680150860014685e-01
2.400000000000000000e+01	5.763874000000000386e+00	4.146262069352053131e-02	9.308750385935926630e-01
2.500000000000000000e+01	5.946804000000000201e+00	4.327760211685462155e-02	9.276427618665565866e-01
2.600000000000000000e+01	6.128839000000000148e+00	4.508613485625775907e-02	9.242716685969978307e-01
2.700000000000000000e+01	6.309950999999999866e+00	4.688794827493714817e-02	9.207622632501386573e-01
2.800000000000000000e+01	6.490114000000000161e+00	4.868277274160871110e-02	9.171150709888290509e-01
2.900000000000000000e+01	6.669297000000000253e+00	5.047033967084587486e-02	9.133306375949590272e-01
3.000000000000000000e+01	6.847477999999999732e+00	5.225038156327191374e-02	9.094095293877847430e-01
3.100000000000000000e+01	7.024625999999999593e+00	5.402263204558965803e-02	9.053523331391827300e-01
3.200000000000000000e+01	7.200717000000000034e+00	5.578682591044284433e-02	9.011596559858429112e-01
3.300000000000000000e+01	7.375725000000000087e+00	5.754269915610286945e-02	8.968321253384131664e-01
3.400000000000000000e+01	7.549622000000000277e+00	5.928998902597517467e-02	8.923703887876114349e-01
3.500000000000000000e+01	7.722380000000000244e+00	6.102843404791932075e-02	8.877751140073170122e-01
3.600000000000000000e+01	7.893976000000000326e+00	6.275777407337676528e-02	8.830469886546575831e-01
3.700000000000000000e+01	8.064384000000000441e+00	6.447775031630074982e-02	8.781867202671046480e-01
3.800000000000000000e+01	8.233575999999999340e+00	6.618810539188207942e-02	8.731950361565941066e-01
3.900000000000000000e+01	8.401529000000000025e+00	6.788858335506532671e-02	8.680726833006893184e-01
4.000000000000000000e+01	8.568217000000000638e+00	6.957892973884963195e-02	8.628204282307987416e-01
4.100000000000000000e+01	8.733613999999999322e+00	7.125889159236824255e-02	8.574390569174697996e-01
4.200000000000000000e+01	8.897695999999999827e+00	7.292821751874117853e-02	8.519293746527722977e-01
4.300000000000000000e+01	9.060437999999999548e+00	7.458665771269534783e-02	8.462922059297910415e-01
4.400000000000000000e+01	9.221814999999999429e+00	7.623396399794654665e-02	8.405283943192451979e-01
4.500000000000000000e+01	9.381804000000000698e+00	7.786988986433764082e-02	8.346388023432527170e-01
4.600000000000000000e+01	9.540380000000000749e+00	7.949419050472746051e-02	8.286243113462582466e-01
4.700000000000000000e+01	9.697520000000000806e+00	8.110662285162469065e-02	8.224858213631454085e-01
4.800000000000000000e+01	9.853196999999999761e+00	8.270694561356173313e-02	8.162242509845517580e-01
4.900000000000000000e+01	1.000738999999999912e+01	8.429491931120247639e-02	8.098405372194059648e-01
5.000000000000000000e+01	1.016008000000000067e+01	8.587030631317915663e-02	8.033356353547104201e-01
5.100000000000000000e+01	1.031123999999999974e+01	8.743287087165246829e-02	7.967105188125879200e-01
5.200000000000000000e+01	1.046083999999999925e+01	8.898237915758994143e-02	7.899661790046140775e-01
5.300000000000000000e+01	1.060886999999999958e+01	9.051859929575717389e-02	7.831036251834584405e-01
5.400000000000000000e+01	1.075530999999999970e+01	9.204130139941660294e-02	7.761238842918551928e-01
5.500000000000000000e+01	1.090011999999999937e+01	9.355025760472882035e-02	7.690280008089271924e-01
5.600000000000000000e+01	1.104329000000000072e+01	9.504524210485111591e-02	7.618170365938857769e-01
5.700000000000000000e+01	1.118479999999999919e+01	9.652603118372812818e-02	7.544920707271285387e-01
5.800000000000000000e+01	1.132461999999999946e+01	9.799240324956982884e-02	7.470541993487620491e-01
5.900000000000000000e+01	1.146274000000000015e+01	9.944413886801140023e-02	7.395045354945699589e-01
6.000000000000000000e+01	1.159913000000000061e+01	1.008810207949503573e-01	7.318442089294538988e-01
6.100000000000000000e+01	1.173376999999999981e+01	1.023028340090559735e-01	7.240743659783697161e-01
6.200000000000000000e+01	1.186664999999999992e+01	1.037093657439459443e-01	7.161961693547878038e-01
6.300000000000000000e+01	1.199774000000000029e+01	1.051004055200257525e-01	7.082107979866975045e-01
6.400000000000000000e+01	1.212701999999999991e+01	1.064757451759857226e-01	7.001194468401891191e-01
6.500000000000000000e+01	1.225447999999999915e+01	1.078351788999512145e-01	6.919233267406326160e-01
6.600000000000000000e+01	1.238008999999999915e+01	1.091785032602811262e-01	6.836236641914853474e-01
6.700000000000000000e+01	1.250384000000000029e+01	1.105055172360104726e-01	6.752217011907514221e-01
6.800000000000000000e+01	1.262570000000000014e+01	1.118160222469319065e-01	6.667186950451252647e-01
6.900000000000000000e+01	1.274567000000000050e+01	1.131098221833121836e-01	6.581159181818413417e-01
7.000000000000000000e+01	1.286370999999999931e+01	1.143867234352388684e-01	6.494146579582632528e-01
7.100000000000000000e+01	1.297982000000000014e+01	1.156465349215929916e-01	6.406162164692378314e-01
7.200000000000000000e+01	1.309397000000000055e+01	1.168890681186433161e-01	6.317219103522434542e-01
7.300000000000000000e+01	1.320614999999999917e+01	1.181141370882577285e-01	6.227330705903634245e-01
7.400000000000000000e+01	1.331634000000000029e+01	1.193215585057279260e-01	6.136510423131114056e-01
7.500000000000000000e+01	1.342453000000000074e+01	1.205111516872029581e-01	6.044771845951402156e-01
7.600000000000000000e+01	1.353068999999999988e+01	1.216827386167274871e-01	5.952128702528640680e-01
7.700000000000000000e+01	1.363481999999999950e+01	1.228361439728809096e-01	5.858594856390241246e-01
7.800000000000000000e+01	1.373689000000000071e+01	1.239711951550132168e-01	5.764184304352291122e-01
7.900000000000000000e+01	1.383689999999999998e+01	1.250877223090737234e-01	5.668911174424996480e-01
8.000000000000000000e+01	1.393482000000000021e+01	1.261855583530287761e-01	5.572789723698520215e-01
8.100000000000000000e+01	1.403064000000000000e+01	1.272645390018646294e-01	5.475834336209477460e-01
8.200000000000000000e+01	1.412434999999999974e+01	1.283245027921718351e-01	5.378059520788445180e-01
8.300000000000000000e+01	1.421593000000000018e+01	1.293652911063071786e-01	5.279479908888805584e-01
8.400000000000000000e+01	1.430536999999999992e+01	1.303867481961301644e-01	5.180110252397217563e-01
8.500000000000000000e+01	1.439265999999999934e+01	1.313887212063095944e-01	5.079965421426096972e-01
8.600000000000000000e+01	1.447777999999999921e+01	1.323710601971977430e-01	4.979060402088367754e-01
8.700000000000000000e+01	1.456071999999999989e+01	1.333336181672677978e-01	4.877410294254893031e-01
8.800000000000000000e+01	1.464146000000000036e+01	1.342762510751119298e-01	4.775030309294847064e-01
8.900000000000000000e+01	1.472000000000000064e+01	1.351988178609962732e-01	4.671935767799436645e-01
9.000000000000000000e+01	1.479632999999999932e+01	1.361011804679696235e-01	4.568142097289242809e-01
9.100000000000000000e+01	1.487041999999999931e+01	1.369832038625231063e-01	4.463664829905588660e-01
9.200000000000000000e+01	1.494228000000000023e+01	1.378447560547968465e-01	4.358519600086245283e-01
9.300000000000000000e+01	1.501187999999999967e+01	1.386857081183318630e-01	4.252722142225811020e-01
9.400000000000000000e+01	1.507923000000000080e+01	1.395059342093629973e-01	4.146288288321167137e-01
9.500000000000000000e+01	1.514431000000000083e+01	1.403053115856507382e-01	4.039233965602287979e-01
9.600000000000000000e+01	1.520710000000000051e+01	1.410837206248489462e-01	3.931575194148838048e-01
9.700000000000000000e+01	1.526760999999999946e+01	1.418410448424056725e-01	3.823328084492842449e-01
9.800000000000000000e+01	1.532581000000000060e+01	1.425771709089943828e-01	3.714508835207847581e-01
9.900000000000000000e+01	1.538170999999999999e+01	1.432919886674731413e-01	3.605133730484884058e-01
1.000000000000000000e+02	1.543529000000000018e+01	1.439853911493688687e-01	3.495219137695642631e-01
1.010000000000000000e+02	1.548653999999999975e+01	1.446572745908847046e-01	3.384781504943172314e-01
1.020000000000000000e+02	1.553547000000000011e+01	1.453075384484276145e-01	3.273837358600530933e-01
1.030000000000000000e+02	1.558205000000000062e+01	1.459360854136541874e-01	3.162403300837690057e-01
1.040000000000000000e+02	1.562628999999999913e+01	1.465428214280322661e-01	3.050496007137124543e-01
1.050000000000000000e+02	1.566816999999999993e+01	1.471276556969163818e-01	2.938132223798416987e-01
1.060000000000000000e+02	1.570770000000000088e+01	1.476905007031344697e-01	2.825328765432263411e-01
1.070000000000000000e+02	1.574485999999999919e+01	1.482312722200845312e-01	2.712102512444270475e-01
1.080000000000000000e+02	1.577964000000000055e+01	1.487498893243384968e-01	2.598470408508883334e-01
1.090000000000000000e+02	1.581206000000000067e+01	1.492462744077521219e-01	2.484449458033876346e-01
1.100000000000000000e+02	1.584209000000000067e+01	1.497203531890784478e-01	2.370056723615722172e-01
1.110000000000000000e+02	1.586973000000000056e+01	1.501720547250837423e-01	2.255309323486285877e-01
1.120000000000000000e+02	1.589498999999999995e+01	1.506013114211636472e-01	2.140224428951160440e-01
1.130000000000000000e+02	1.591784999999999961e+01	1.510080590414583090e-01	2.024819261820095528e-01
1.140000000000000000e+02	1.593830999999999953e+01	1.513922367184650786e-01	1.909111091829830686e-01
1.150000000000000000e+02	1.595637999999999934e+01	1.517537869621467528e-01	1.793117234059795617e-01
1.160000000000000000e+02	1.597203000000000017e+01	1.520926556685348319e-01	1.676855046340988697e-01
1.170000000000000000e+02	1.598529000000000089e+01	1.524087921278258206e-01	1.560341926658482259e-01
1.180000000000000000e+02	1.599614000000000047e+01	1.527021490319696029e-01	1.443595310547917399e-01
1.190000000000000000e+02	1.600458000000000069e+01	1.529726824817489172e-01	1.326632668486359135e-01
1.200000000000000000e+02	1.601060999999999979e+01	1.532203519933485747e-01	1.209471503277954330e-01
1.210000000000000000e+02	1.601423000000000130e+01	1.534451205044136402e-01	1.092129347434718512e-01
1.220000000000000000e+02	1.601542999999999850e+01	1.536469543795956072e-01	9.746237605529095571e-02
1.230000000000000000e+02	1.601423000000000130e+01	1.538258234155857884e-01	8.569723266853168653e-02
1.240000000000000000e+02	1.601060999999999979e+01	1.539817008456349501e-01	7.391926517099221827e-02
1.250000000000000000e+02	1.600458000000000069e+01	1.541145633435589968e-01	6.213023606952623734e-02
1.260000000000000000e+02	1.599614000000000047e+01	1.542243910272293739e-01	5.033190952629534171e-02
1.270000000000000000e+02	1.598529000000000089e+01	1.543111674615485207e-01	3.852605109477035689e-02
1.280000000000000000e+02	1.597203000000000017e+01	1.543748796609091534e-01	2.671442745552782619e-02
1.290000000000000000e+02	1.595637999999999934e+01	1.544155180911375713e-01	1.489880615187470954e-02
1.300000000000000000e+02	1.593830999999999953e+01	1.544330766709203773e-01	3.080955325346044181e-03
1.310000000000000000e+02	1.591784999999999961e+01	1.544275527727144437e-01	-8.737356548886880334e-03
1.320000000000000000e+02	1.589498999999999995e+01	1.543989472231402094e-01	-2.055436092666042963e-02
1.330000000000000000e+02	1.586973000000000056e+01	1.543472643028579172e-01	-3.236828945946963049e-02
1.340000000000000000e+02	1.584209000000000067e+01	1.542725117459270157e-01	-4.417737425909332855e-02
1.350000000000000000e+02	1.581206000000000067e+01	1.541747007386489177e-01	-5.597984816214706533e-02
1.360000000000000000e+02	1.577964000000000055e+01	1.540538459178928954e-01	-6.777394499453084920e-02
1.370000000000000000e+02	1.574485999999999919e+01	1.539099653689058045e-01	-7.955789983572554569e-02
1.380000000000000000e+02	1.570770000000000088e+01	1.537430806226058044e-01	-9.132994928290504022e-02
1.390000000000000000e+02	1.566816999999999993e+01	1.535532166523602415e-01	-1.030883317148178907e-01
1.400000000000000000e+02	1.562628999999999913e+01	1.533404018702486382e-01	-1.148312875554057533e-01
1.410000000000000000e+02	1.558205000000000062e+01	1.531046681228108719e-01	-1.265570595371124096e-01
1.420000000000000000e+02	1.553547000000000011e+01	1.528460506862816815e-01	-1.382638929638505265e-01
1.430000000000000000e+02	1.548653999999999975e+01	1.525645882613116122e-01	-1.499500359735813637e-01
1.440000000000000000e+02	1.543529000000000018e+01	1.522603229671757596e-01	-1.616137398004706127e-01
1.450000000000000000e+02	1.538170999999999999e+01	1.519333003354708389e-01	-1.732532590365827851e-01
1.460000000000000000e+02	1.532581000000000060e+01	1.515835693033016907e-01	-1.848668518930700055e-01
1.470000000000000000e+02	1.526760999999999946e+01	1.512111822059580279e-01	-1.964527804608228456e-01
1.480000000000000000e+02	1.520710000000000051e+01	1.508161947690827842e-01	-2.080093109705367094e-01
1.490000000000000000e+02	1.514431000000000083e+01	1.503986661003331171e-01	-2.195347140521626828e-01
1.500000000000000000e+02	1.507923000000000080e+01	1.499586586805352340e-01	-2.310272649936961076e-01
1.510000000000000000e+02	1.501187999999999967e+01	1.494962383543345652e-01	-2.424852439992720432e-01
1.520000000000000000e+02	1.494228000000000023e+01	1.490114743203423409e-01	-2.539069364465210699e-01
1.530000000000000000e+02	1.487041999999999931e+01	1.485044391207805403e-01	-2.652906331431549303e-01
1.540000000000000000e+02	1.479632999999999932e+01	1.479752086306262981e-01	-2.766346305827356855e-01
1.550000000000000000e+02	1.472000000000000064e+01	1.474238620462576255e-01	-2.879372311995974654e-01
1.560000000000000000e+02	1.464146000000000036e+01	1.468504818736021678e-01	-2.991967436228768484e-01
1.570000000000000000e+02	1.456071999999999989e+01	1.462551539157905811e-01	-3.104114829296168998e-01
1.580000000000000000e+02	1.447777999999999921e+01	1.456379672603166642e-01	-3.215797708969073132e-01
1.590000000000000000e+02	1.439265999999999934e+01	1.449990142657058001e-01	-3.326999362530196902e-01
1.600000000000000000e+02	1.430536999999999992e+01	1.443383905476941509e-01	-3.437703149275058156e-01
1.610000000000000000e+02	1.421593000000000018e+01	1.436561949649202419e-01	-3.547892503002144649e-01
1.620000000000000000e+02	1.412434999999999974e+01	1.429525296041311844e-01	-3.657550934491972106e-01
1.630000000000000000e+02	1.403064000000000000e+01	1.422274997649062844e-01	-3.766662033974586543e-01
1.640000000000000000e+02	1.393482000000000021e+01	1.414812139438991756e-01	-3.875209473585210507e-01
1.650000000000000000e+02	1.383689999999999998e+01	1.407137838186021950e-01	-3.983177009807603586e-01
1.660000000000000000e+02	1.373689000000000071e+01	1.399253242306343903e-01	-4.090548485904817455e-01
1.670000000000000000e+02	1.363481999999999950e+01	1.391159531685559336e-01	-4.197307834336969079e-01
1.680000000000000000e+02	1.353068999999999988e+01	1.382857917502121337e-01	-4.303439079165645165e-01
1.690000000000000000e+02	1.342453000000000074e+01	1.374349642046085729e-01	-4.408926338444615900e-01
1.700000000000000000e+02	1.331634000000000029e+01	1.365635978533209227e-01	-4.513753826596493268e-01
1.710000000000000000e+02	1.320614999999999917e+01	1.356718230914421286e-01	-4.617905856774929818e-01
1.720000000000000000e+02	1.309397000000000055e+01	1.347597733680695187e-01	-4.721366843212084774e-01
1.730000000000000000e+02	1.297982000000000014e+01	1.338275851663347504e-01	-4.824121303550937823e-01
1.740000000000000000e+02	1.286370999999999931e+01	1.328753979829798981e-01	-4.926153861162152481e-01
1.750000000000000000e+02	1.274567000000000050e+01	1.319033543074826786e-01	-5.027449247445077152e-01
1.760000000000000000e+02	1.262570000000000014e+01	1.309115996007336191e-01	-5.127992304112630739e-01
1.770000000000000000e+02	1.250384000000000029e+01	1.299002822732686635e-01	-5.227767985459632616e-01
1.780000000000000000e+02	1.238008999999999915e+01	1.288695536630602712e-01	-5.326761360614337137e-01
1.790000000000000000e+02	1.225447999999999915e+01	1.278195680128706435e-01	-5.424957615772720843e-01
1.800000000000000000e+02	1.212701999999999991e+01	1.267504824471702429e-01	-5.522342056415308065e-01
1.810000000000000000e+02	1.199774000000000029e+01	1.256624569486247123e-01	-5.618900109506125284e-01
1.820000000000000000e+02	1.186664999999999992e+01	1.245556543341546640e-01	-5.714617325673454484e-01
1.830000000000000000e+02	1.173376999999999981e+01	1.234302402305708923e-01	-5.809479381372121276e-01
1.840000000000000000e+02	1.159913000000000061e+01	1.222863830497892962e-01	-5.903472081026914786e-01
1.850000000000000000e+02	1.146274000000000015e+01	1.211242539636288584e-01	-5.996581359156901714e-01
1.860000000000000000e+02	1.132461999999999946e+01	1.199440268781969271e-01	-6.088793282480218227e-01
1.870000000000000000e+02	1.118479999999999919e+01	1.187458784078650326e-01	-6.180094051999120985e-01
1.880000000000000000e+02	1.104329000000000072e+01	1.175299878488396399e-01	-6.270470005064932018e-01
1.890000000000000000e+02	1.090011999999999937e+01	1.162965371523311670e-01	-6.359907617422577708e-01
1.900000000000000000e+02	1.075530999999999970e+01	1.150457108973264447e-01	-6.448393505234411016e-01
1.910000000000000000e+02	1.060886999999999958e+01	1.137776962629672151e-01	-6.535914427083029388e-01
1.920000000000000000e+02	1.046083999999999925e+01	1.124926830005399669e-01	-6.622457285952781936e-01
1.930000000000000000e+02	1.031123999999999974e+01	1.111908634050804978e-01	-6.708009131189669461e-01
1.940000000000000000e+02	1.016008000000000067e+01	1.098724322865983066e-01	-6.792557160439324226e-01
1.950000000000000000e+02	1.000738999999999912e+01	1.085375869409243021e-01	-6.876088721562815254e-01
1.960000000000000000e+02	9.853196999999999761e+00	1.071865271201863506e-01	-6.958591314529982697e-01
1.970000000000000000e+02	9.697520000000000806e+00	1.058194550029178810e-01	-7.040052593289979344e-01
1.980000000000000000e+02	9.540380000000000749e+00	1.044365751638026418e-01	-7.120460367618793862e-01
1.990000000000000000e+02	9.381804000000000698e+00	1.030380945430615369e-01	-7.199802604943453810e-01
2.000000000000000000e+02	9.221814999999999429e+00	1.016242224154849105e-01	-7.278067432142634186e-01
2.010000000000000000e+02	9.060437999999999548e+00	1.001951703591159176e-01	-7.355243137323395075e-01
2.020000000000000000e+02	8.897695999999999827e+00	9.875115222358907263e-02	-7.431318171573803033e-01
2.030000000000000000e+02	8.733613999999999322e+00	9.729238409812877852e-02	-7.506281150691164195e-01
2.040000000000000000e+02	8.568217000000000638e+00	9.581908427921272120e-02	-7.580120856885613767e-01
2.050000000000000000e+02	8.401529000000000025e+00	9.433147323790518068e-02	-7.652826240458777685e-01
2.060000000000000000e+02	8.233575999999999340e+00	9.282977358686474167e-02	-7.724386421457305474e-01
2.070000000000000000e+02	8.064384000000000441e+00	9.131421004703130229e-02	-7.794790691301010099e-01
2.080000000000000000e+02	7.893976000000000326e+00	8.978500941399827906e-02	-7.864028514385319468e-01
2.090000000000000000e+02	7.722380000000000244e+00	8.824240052407360257e-02	-7.932089529657890825e-01
2.100000000000000000e+02	7.549622000000000277e+00	8.668661422003576256e-02	-7.998963552169071622e-01
2.110000000000000000e+02	7.375725000000000087e+00	8.511788331658928786e-02	-8.064640574596039224e-01
2.120000000000000000e+02	7.200717000000000034e+00	8.353644256552572589e-02	-8.129110768740314130e-01
2.130000000000000000e+02	7.024625999999999593e+00	8.194252862059396569e-02	-8.192364486998515716e-01
2.140000000000000000e+02	6.847477999999999732e+00	8.033638000208660757e-02	-8.254392263806061836e-01
2.150000000000000000e+02	6.669297000000000253e+00	7.871823706114640384e-02	-8.315184817053645761e-01
2.160000000000000000e+02	6.490114000000000161e+00	7.708834194379947380e-02	-8.374733049476239533e-01
2.170000000000000000e+02	6.309950999999999866e+00	7.544693855471919230e-02	-8.433028050014459431e-01
2.180000000000000000e+02	6.128839000000000148e+00	7.379427252072741361e-02	-8.490061095148049297e-01
2.190000000000000000e+02	5.946804000000000201e+00	7.213059115403754051e-02	-8.545823650201319621e-01
2.200000000000000000e+02	5.763874000000000386e+00	7.045614341524597535e-02	-8.600307370620292602e-01
2.210000000000000000e+02	5.580072999999999617e+00	6.877117987607636596e-02	-8.653504103221428823e-01
2.220000000000000000e+02	5.395434999999999981e+00	6.707595268188283610e-02	-8.705405887411719057e-01
2.230000000000000000e+02	5.209984000000000393e+00	6.537071551391814006e-02	-8.756004956379914717e-01
2.240000000000000000e+02	5.023748000000000324e+00	6.365572355137145977e-02	-8.805293738258810343e-01
2.250000000000000000e+02	4.836755000000000138e+00	6.193123343318243657e-02	-8.853264857258318354e-01
2.260000000000000000e+02	4.649034999999999584e+00	6.019750321963628775e-02	-8.899911134769225018e-01
2.270000000000000000e+02	4.460612000000000243e+00	5.845479235374690524e-02	-8.945225590437418939e-01
2.280000000000000000e+02	4.271519999999999762e+00	5.670336162243246741e-02	-8.989201443208466591e-01
2.290000000000000000e+02	4.081781999999999577e+00	5.494347311749019774e-02	-9.031832112342359498e-01
2.300000000000000000e+02	3.891433000000000142e+00	5.317539019637557846e-02	-9.073111218398287603e-01
2.310000000000000000e+02	3.700493999999999950e+00	5.139937744279276383e-02	-9.113032584189278973e-01
2.320000000000000000e+02	3.509001000000000037e+00	4.961570062710089768e-02	-9.151590235706588139e-01
2.330000000000000000e+02	3.316978000000000204e+00	4.782462666654292011e-02	-9.188778403013674323e-01
2.340000000000000000e+02	3.124455000000000204e+00	4.602642358530321942e-02	-9.224591521109630765e-01
2.350000000000000000e+02	2.931462999999999930e+00	4.422136047439911150e-02	-9.259024230761965235e-01
2.360000000000000000e+02	2.738029000000000046e+00	4.240970745141298126e-02	-9.292071379308572965e-01
2.370000000000000000e+02	2.544181000000000026e+00	4.059173562007044322e-02	-9.323728021428813184e-01
2.380000000000000000e+02	2.349952000000000041e+00	3.876771702967156397e-02	-9.353989419883537160e-01
2.390000000000000000e+02	2.155368000000000173e+00	3.693792463438000384e-02	-9.382851046223992242e-01
2.400000000000000000e+02	1.960460000000000091e+00	3.510263225237699597e-02	-9.410308581469485345e-01
2.410000000000000000e+02	1.765255999999999936e+00	3.326211452488581771e-02	-9.436357916753688180e-01
2.420000000000000000e+02	1.569785999999999904e+00	3.141664687507358944e-02	-9.460995153939506519e-01
2.430000000000000000e+02	1.374081000000000108e+00	2.956650546683552497e-02	-9.484216606202418021e-01
2.440000000000000000e+02	1.178168000000000104e+00	2.771196716346868358e-02	-9.506018798582180906e-01
2.450000000000000000e+02	9.820778999999999481e-01	2.585330948624062555e-02	-9.526398468502844663e-01
2.460000000000000000e+02	7.858399000000000356e-01	2.399081057286035074e-02	-9.545352566260977278e-01
2.470000000000000000e+02	5.894833000000000434e-01	2.212474913585631142e-02	-9.562878255482030188e-01
2.480000000000000000e+02	3.930384000000000100e-01	2.025540442086848011e-02	-9.578972913544794299e-01
2.490000000000000000e+02	1.965339000000000114e-01	1.838305616486117511e-02	-9.593634131973854950e-01
2.500000000000000000e+02	-1.996856000000000123e-17	1.650798455426174052e-02	-9.606859716800009164e-01
2.510000000000000000e+02	-1.965339000000000114e-01	1.463047018303234581e-02	-9.618647688888577463e-01
2.520000000000000000e+02	-3.930384000000000100e-01	1.275079401068039513e-02	-9.628996284235578074e-01
2.530000000000000000e+02	-5.894833000000000434e-01	1.086923732021493130e-02	-9.637903954231687997e-01
2.540000000000000000e+02	-7.858399000000000356e-01	8.986081676053926312e-03	-9.645369365893997626e-01
2.550000000000000000e+02	-9.820778999999999481e-01	7.101608881889881139e-03	-9.651391402065471192e-01
2.560000000000000000e+02	-1.178168000000000104e+00	5.216100938519216759e-03	-9.655969161582133031e-01
2.570000000000000000e+02	-1.374081000000000108e+00	3.329840001642832715e-03	-9.659101959407917493e-01
2.580000000000000000e+02	-1.569785999999999904e+00	1.443108339642891740e-03	-9.660789326737180271e-01
2.590000000000000000e+02	-1.765255999999999936e+00	-4.438117086572716547e-04	-9.661031011064852292e-01
2.600000000000000000e+02	-1.960460000000000091e+00	-2.330637776243162616e-03	-9.659826976224228368e-01
2.610000000000000000e+02	-2.155368000000000173e+00	-4.217087510164044262e-03	-9.657177402392377319e-01
2.620000000000000000e+02	-2.349952000000000041e+00	-6.102878613785332404e-03	-9.653082686063180207e-01
2.630000000000000000e+02	-2.544181000000000026e+00	-7.987728889032987348e-03	-9.647543439987996683e-01
2.640000000000000000e+02	-2.738029000000000046e+00	-9.871356278622454503e-03	-9.640560493083967231e-01
2.650000000000000000e+02	-2.931462999999999930e+00	-1.175347890826723696e-02	-9.632134890309981268e-01
2.660000000000000000e+02	-3.124455000000000204e+00	-1.363381512885967345e-02	-9.622267892510290022e-01
2.670000000000000000e+02	-3.316978000000000204e+00	-1.551208355861840096e-02	-9.610960976225836339e-01
2.680000000000000000e+02	-3.509001000000000037e+00	-1.738800312519517624e-02	-9.598215833473302538e-01
2.690000000000000000e+02	-3.700493999999999950e+00	-1.926129310773596476e-02	-9.584034371491898519e-01
2.700000000000000000e+02	-3.891433000000000142e+00	-2.113167317888946239e-02	-9.568418712457965603e-01
2.710000000000000000e+02	-4.081781999999999577e+00	-2.299886344675609873e-02	-9.551371193167395024e-01
2.720000000000000000e+02	-4.271519999999999762e+00	-2.486258449677255719e-02	-9.532894364685946531e-01
2.730000000000000000e+02	-4.460612000000000243e+00	-2.672255743352447421e-02	-9.512990991967493759e-01
2.740000000000000000e+02	-4.649034999999999584e+00	-2.857850392248184254e-02	-9.491664053440259652e-01
2.750000000000000000e+02	-4.836755000000000138e+00	-3.043014623164980170e-02	-9.468916740561120760e-01
2.760000000000000000e+02	-5.023748000000000324e+00	-3.227720727312996529e-02	-9.444752457338013718e-01
2.770000000000000000e+02	-5.209984000000000393e+00	-3.411941064458490214e-02	-9.419174819820552713e-01
2.780000000000000000e+02	-5.395434999999999981e+00	-3.595648067060051162e-02	-9.392187655558901227e-01
2.790000000000000000e+02	-5.580072999999999617e+00	-3.778814244393886163e-02	-9.363795003031006869e-01
2.800000000000000000e+02	-5.763874000000000386e+00	-3.961412186667681579e-02	-9.334001111038257026e-01
2.810000000000000000e+02	-5.946804000000000201e+00	-4.143414569122309821e-02	-9.302810438069682997e-01
2.820000000000000000e+02	-6.128839000000000148e+00	-4.324794156120852912e-02	-9.270227651634757038e-01
2.830000000000000000e+02	-6.309950999999999866e+00	-4.505523805224225659e-02	-9.236257627564936623e-01
2.840000000000000000e+02	-6.490114000000000161e+00	-4.685576471252907160e-02	-9.200905449284019211e-01
2.850000000000000000e+02	-6.669297000000000253e+00	-4.864925210334120759e-02	-9.164176407047434081e-01
2.860000000000000000e+02	-6.847477999999999732e+00	-5.043543183933793528e-02	-9.126075997150593366e-01
2.870000000000000000e+02	-7.024625999999999593e+00	-5.221403662872821372e-02	-9.086609921106391097e-01
2.880000000000000000e+02	-7.200717000000000034e+00	-5.398480031326924333e-02	-9.045784084792016788e-01
2.890000000000000000e+02	-7.375725000000000087e+00	-5.574745790809584184e-02	-9.003604597565159073e-01
2.900000000000000000e+02	-7.549622000000000277e+00	-5.750174564137355143e-02	-8.960077771349785891e-01
2.910000000000000000e+02	-7.722380000000000244e+00	-5.924740099377084901e-02	-8.915210119691597823e-01
2.920000000000000000e+02	-7.893976000000000326e+00	-6.098416273774361768e-02	-8.869008356783312230e-01
2.930000000000000000e+02	-8.064384000000000441e+00	-6.271177097662657129e-02	-8.821479396459914746e-01
2.940000000000000000e+02	-8.233575999999999340e+00	-6.442996718352503316e-02	-8.772630351164056872e-01
2.950000000000000000e+02	-8.401529000000000025e+00	-6.613849424000214916e-02	-8.722468530881707371e-01
2.960000000000000000e+02	-8.568217000000000638e+00	-6.783709647455547775e-02	-8.671001442048256180e-01
2.970000000000000000e+02	-8.733613999999999322e+00	-6.952551970087636479e-02	-8.618236786425220730e-01
2.980000000000000000e+02	-8.897695999999999827e+00	-7.120351125588778030e-02	-8.564182459947722315e-01
2.990000000000000000e+02	-9.060437999999999548e+00	-7.287082003755382398e-02	-8.508846551542897929e-01
3.000000000000000000e+02	-9.221814999999999429e+00	-7.452719654245594516e-02	-8.452237341919437430e-01
3.010000000000000000e+02	-9.381804000000000698e+00	-7.617239290312936839e-02	-8.394363302328430310e-01
3.020000000000000000e+02	-9.540380000000000749e+00	-7.780616292515535326e-02	-8.335233093295679740e-01
3.030000000000000000e+02	-9.697520000000000806e+00	-7.942826212400271035e-02	-8.274855563325718144e-01
3.040000000000000000e+02	-9.853196999999999761e+00	-8.103844776161363284e-02	-8.213239747577653072e-01
3.050000000000000000e+02	-1.000738999999999912e+01	-8.263647888272790398e-02	-8.150394866513135383e-01
3.060000000000000000e+02	-1.016008000000000067e+01	-8.422211635094066506e-02	-8.086330324516548540e-01
3.070000000000000000e+02	-1.031123999999999974e+01	-8.579512288448770674e-02	-8.021055708487707658e-01
3.080000000000000000e+02	-1.046083999999999925e+01	-8.735526309175362103e-02	-7.954580786407215998e-01
3.090000000000000000e+02	-1.060886999999999958e+01	-8.890230350649641622e-02	-7.886915505874765309e-01
3.100000000000000000e+02	-1.075530999999999970e+01	-9.043601262278480601e-02	-7.818069992620518827e-01
3.110000000000000000e+02	-1.090011999999999937e+01	-9.195616092964165045e-02	-7.748054548989845580e-01
3.120000000000000000e+02	-1.104329000000000072e+01	-9.346252094538887167e-02	-7.676879652401652487e-01
3.130000000000000000e+02	-1.118479999999999919e+01	-9.495486725168895970e-02	-7.604555953780480770e-01
3.140000000000000000e+02	-1.132461999999999946e+01	-9.643297652727750302e-02	-7.531094275962664231e-01
3.150000000000000000e+02	-1.146274000000000015e+01	-9.789662758138203968e-02	-7.456505612076740341e-01
3.160000000000000000e+02	-1.159913000000000061e+01	-9.934560138682192731e-02	-7.380801123898405036e-01
3.170000000000000000e+02	-1.173376999999999981e+01	-1.007796811127844999e-01	-7.303992140180206594e-01
3.180000000000000000e+02	-1.186664999999999992e+01	-1.021986521572726403e-01	-7.226090154956267275e-01
3.190000000000000000e+02	-1.199774000000000029e+01	-1.036023021792189386e-01	-7.147106825822249210e-01
3.200000000000000000e+02	-1.212701999999999991e+01	-1.049904211302610108e-01	-7.067053972190886491e-01
3.210000000000000000e+02	-1.225447999999999915e+01	-1.063628012861742439e-01	-6.985943573523258898e-01
3.220000000000000000e+02	-1.238008999999999915e+01	-1.077192372779566393e-01	-6.903787767536128106e-01
3.230000000000000000e+02	-1.250384000000000029e+01	-1.090595261225609930e-01	-6.820598848385617252e-01
3.240000000000000000e+02	-1.262570000000000014e+01	-1.103834672532701400e-01	-6.736389264827437051e-01
3.250000000000000000e+02	-1.274567000000000050e+01	-1.116908625497107649e-01	-6.651171618354019266e-01
3.260000000000000000e+02	-1.286370999999999931e+01	-1.129815163675010614e-01	-6.564958661308747390e-01
3.270000000000000000e+02	-1.297982000000000014e+01	-1.142552355675276049e-01	-6.477763294977669783e-01
3.280000000000000000e+02	-1.309397000000000055e+01	-1.155118295448476357e-01	-6.389598567658878459e-01
3.290000000000000000e+02	-1.320614999999999917e+01	-1.167511102572120901e-01	-6.300477672709903221e-01
3.300000000000000000e+02	-1.331634000000000029e+01	-1.179728922532050084e-01	-6.210413946573405397e-01
3.310000000000000000e+02	-1.342453000000000074e+01	-1.191769926999951823e-01	-6.119420866781455359e-01
3.320000000000000000e+02	-1.353068999999999988e+01	-1.203632314106964779e-01	-6.027512049938679173e-01
3.330000000000000000e+02	-1.363481999999999950e+01	-1.215314308713312391e-01	-5.934701249684632973e-01
3.340000000000000000e+02	-1.373689000000000071e+01	-1.226814162673946079e-01	-5.841002354635637106e-01
3.350000000000000000e+02	-1.383689999999999998e+01	-1.238130155100144320e-01	-5.746429386306419751e-01
3.360000000000000000e+02	-1.393482000000000021e+01	-1.249260592617034565e-01	-5.650996497011882003e-01
3.370000000000000000e+02	-1.403064000000000000e+01	-1.260203809616996795e-01	-5.554717967749274177e-01
3.380000000000000000e+02	-1.412434999999999974e+01	-1.270958168508911634e-01	-5.457608206061144163e-01
3.390000000000000000e+02	-1.421593000000000018e+01	-1.281522059963219884e-01	-5.359681743879289861e-01
3.400000000000000000e+02	-1.430536999999999992e+01	-1.291893903152744882e-01	-5.260953235350185331e-01
3.410000000000000000e+02	-1.439265999999999934e+01	-1.302072145989258412e-01	-5.161437454642040512e-01
3.420000000000000000e+02	-1.447777999999999921e+01	-1.312055265355739631e-01	-5.061149293733938626e-01
3.430000000000000000e+02	-1.456071999999999989e+01	-1.321841767334302475e-01	-4.960103760187326571e-01
3.440000000000000000e+02	-1.464146000000000036e+01	-1.331430187429751000e-01	-4.858315974900230816e-01
3.450000000000000000e+02	-1.472000000000000064e+01	-1.340819090788733514e-01	-4.755801169844488530e-01
3.460000000000000000e+02	-1.479632999999999932e+01	-1.350007072414460274e-01	-4.652574685786380893e-01
3.470000000000000000e+02	-1.487041999999999931e+01	-1.358992757376954463e-01	-4.548651969990942789e-01
3.480000000000000000e+02	-1.494228000000000023e+01	-1.367774801018799835e-01	-4.444048573910409083e-01
3.490000000000000000e+02	-1.501187999999999967e+01	-1.376351889156363639e-01	-4.338780150857000084e-01
3.500000000000000000e+02	-1.507923000000000080e+01	-1.384722738276456255e-01	-4.232862453660497515e-01
3.510000000000000000e+02	-1.514431000000000083e+01	-1.392886095728401719e-01	-4.126311332310919622e-01
3.520000000000000000e+02	-1.520710000000000051e+01	-1.400840739911489441e-01	-4.019142731586661799e-01
3.530000000000000000e+02	-1.526760999999999946e+01	-1.408585480457780204e-01	-3.911372688668455777e-01
3.540000000000000000e+02	-1.532581000000000060e+01	-1.416119158410239220e-01	-3.803017330739464907e-01
3.550000000000000000e+02	-1.538170999999999999e+01	-1.423440646396165465e-01	-3.694092872571988484e-01
3.560000000000000000e+02	-1.543529000000000018e+01	-1.430548848795897554e-01	-3.584615614100980507e-01
3.570000000000000000e+02	-1.548653999999999975e+01	-1.437442701906767595e-01	-3.474601937984864164e-01
3.580000000000000000e+02	-1.553547000000000011e+01	-1.444121174102278304e-01	-3.364068307153957327e-01
3.590000000000000000e+02	-1.558205000000000062e+01	-1.450583265986478965e-01	-3.253031262346887664e-01
3.600000000000000000e+02	-1.562628999999999913e+01	-1.456828010543520791e-01	-3.141507419635373721e-01
3.610000000000000000e+02	-1.566816999999999993e+01	-1.462854473282365064e-01	-3.029513467937687277e-01
3.620000000000000000e+02	-1.570770000000000088e+01	-1.468661752376623497e-01	-2.917066166521301573e-01
3.630000000000000000e+02	-1.574485999999999919e+01	-1.474248978799513610e-01	-2.804182342494928593e-01
3.640000000000000000e+02	-1.577964000000000055e+01	-1.479615316453901097e-01	-2.690878888290440529e-01
3.650000000000000000e+02	-1.581206000000000067e+01	-1.484759962297419467e-01	-2.577172759135017421e-01
3.660000000000000000e+02	-1.584209000000000067e+01	-1.489682146462638912e-01	-2.463080970513889245e-01
3.670000000000000000e+02	-1.586973000000000056e+01	-1.494381132372273879e-01	-2.348620595624063279e-01
3.680000000000000000e+02	-1.589498999999999995e+01	-1.498856216849406842e-01	-2.233808762819427252e-01
3.690000000000000000e+02	-1.591784999999999961e+01	-1.503106730222717458e-01	-2.118662653047550526e-01
3.700000000000000000e+02	-1.593830999999999953e+01	-1.507132036426690191e-01	-2.003199497278703445e-01
3.710000000000000000e+02	-1.595637999999999934e+01	-1.510931533096802337e-01	-1.887436573927305516e-01
3.720000000000000000e+02	-1.597203000000000017e+01	-1.514504651659662471e-01	-1.771391206266315632e-01
3.730000000000000000e+02	-1.598529000000000089e+01	-1.517850857418094890e-01	-1.655080759834900439e-01
3.740000000000000000e+02	-1.599614000000000047e+01	-1.520969649631153664e-01	-1.538522639839781103e-01
3.750000000000000000e+02	-1.600458000000000069e+01	-1.523860561589055751e-01	-1.421734288550647041e-01
3.760000000000000000e+02	-1.601060999999999979e+01	-1.526523160683022629e-01	-1.304733182689986337e-01
3.770000000000000000e+02	-1.601423000000000130e+01	-1.528957048470015734e-01	-1.187536830817842864e-01
3.780000000000000000e+02	-1.601542999999999850e+01	-1.531161860732362934e-01	-1.070162770711722139e-01
3.790000000000000000e+02	-1.601423000000000130e+01	-1.533137267532260761e-01	-9.526285667421732772e-02
3.800000000000000000e+02	-1.601532999999999873e+01	-1.534882973261147976e-01	-8.349518072443759542e-02
3.810000000000000000e+02	-1.600719000000000136e+01	-1.536398716683942123e-01	-7.171501018861467514e-02
3.820000000000000000e+02	-1.600327000000000055e+01	-1.537684270978131318e-01	-5.992410790327502845e-02
3.830000000000000000e+02	-1.599361999999999995e+01	-1.538739443767717374e-01	-4.812423831089212428e-02
3.840000000000000000e+02	-1.598156999999999961e+01	-1.539564077152003330e-01	-3.631716719584417163e-02
3.850000000000000000e+02	-1.595898000000000039e+01	-1.540158047729223434e-01	-2.450466142017945423e-02
3.860000000000000000e+02	-1.595024000000000086e+01	-1.540521266615007823e-01	-1.268848865921189985e-02
3.870000000000000000e+02	-1.593097999999999992e+01	-1.540653679455685210e-01	-8.704171369992676818e-04
3.880000000000000000e+02	-1.589757999999999960e+01	-1.540555266436416104e-01	1.094778463826171291e-02
3.890000000000000000e+02	-1.587232000000000021e+01	-1.540226042284156827e-01	2.276434813888266948e-02
3.900000000000000000e+02	-1.585880000000000045e+01	-1.539666056265458216e-01	3.457750508233299602e-02
3.910000000000000000e+02	-1.582995000000000019e+01	-1.538875392179090140e-01	4.638548769585685433e-02
3.920000000000000000e+02	-1.579873000000000083e+01	-1.537854168343504024e-01	5.818652898100531989e-02
3.930000000000000000e+02	-1.576511999999999958e+01	-1.536602537579125904e-01	6.997886297806123201e-02
3.940000000000000000e+02	-1.572913999999999923e+01	-1.535120687185487776e-01	8.176072503030432093e-02
3.950000000000000000e+02	-1.567073000000000071e+01	-1.533408838913199179e-01	9.353035204808214653e-02
3.960000000000000000e+02	-1.565008000000000088e+01	-1.531467248930764580e-01	1.052859827726467384e-01
3.970000000000000000e+02	-1.560701000000000072e+01	-1.529296207786247641e-01	1.170258580397160048e-01
3.980000000000000000e+02	-1.556159000000000070e+01	-1.526896040363792950e-01	1.287482210427264850e-01
3.990000000000000000e+02	-1.548906999999999989e+01	-1.524267105835009073e-01	1.404513175957243232e-01
4.000000000000000000e+02	-1.543781000000000070e+01	-1.521409797605220715e-01	1.521333963958727831e-01
4.010000000000000000e+02	-1.541130000000000067e+01	-1.518324543254597758e-01	1.637927092855241684e-01
4.020000000000000000e+02	-1.535655000000000037e+01	-1.515011804474169221e-01	1.754275115138216878e-01
4.030000000000000000e+02	-1.529949000000000048e+01	-1.511472076996735192e-01	1.870360619977917971e-01
4.040000000000000000e+02	-1.520958000000000077e+01	-1.507705890522682834e-01	1.986166235828872861e-01
4.050000000000000000e+02	-1.517847000000000079e+01	-1.503713808640719796e-01	2.101674633029421979e-01
4.060000000000000000e+02	-1.508169000000000004e+01	-1.499496428743534171e-01	2.216868526395035510e-01
4.070000000000000000e+02	-1.504829999999999934e+01	-1.495054381938402122e-01	2.331730677804896013e-01
4.080000000000000000e+02	-1.497981000000000051e+01	-1.490388332952742867e-01	2.446243898781519654e-01
4.090000000000000000e+02	-1.490906000000000020e+01	-1.485498980034646865e-01	2.560391053062907041e-01
4.100000000000000000e+02	-1.483606999999999942e+01	-1.480387054848388007e-01	2.674155059166889448e-01
4.110000000000000000e+02	-1.472241000000000000e+01	-1.475053322364932029e-01	2.787518892947274951e-01
4.120000000000000000e+02	-1.468341000000000030e+01	-1.469498580747465866e-01	2.900465590141412253e-01
4.130000000000000000e+02	-1.460374000000000017e+01	-1.463723661231952911e-01	3.012978248908825818e-01
4.140000000000000000e+02	-1.448014000000000046e+01	-1.457729428002746963e-01	3.125040032360435482e-01
4.150000000000000000e+02	-1.439500999999999920e+01	-1.451516778063270396e-01	3.236634171078133781e-01
4.160000000000000000e+02	-1.435163000000000011e+01	-1.445086641101782643e-01	3.347743965624228601e-01
4.170000000000000000e+02	-1.426323999999999970e+01	-1.438439979352257037e-01	3.458352789040419761e-01
4.180000000000000000e+02	-1.412664999999999971e+01	-1.431577787450389050e-01	3.568444089335929825e-01
4.190000000000000000e+02	-1.403293000000000035e+01	-1.424501092284753689e-01	3.678001391964416111e-01
4.200000000000000000e+02	-1.393708999999999953e+01	-1.417210952843138416e-01	3.787008302289290307e-01
4.210000000000000000e+02	-1.383915000000000006e+01	-1.409708460054069357e-01	3.895448508037109292e-01
4.220000000000000000e+02	-1.373912999999999940e+01	-1.401994736623562721e-01	4.003305781738573654e-01
4.230000000000000000e+02	-1.363704000000000072e+01	-1.394070936867116139e-01	4.110563983156905188e-01
4.240000000000000000e+02	-1.353289999999999971e+01	-1.385938246536973228e-01	4.217207061703138748e-01
4.250000000000000000e+02	-1.342671999999999954e+01	-1.377597882644681360e-01	4.323219058837999840e-01
4.260000000000000000e+02	-1.331851999999999947e+01	-1.369051093278972897e-01	4.428584110460012657e-01
4.270000000000000000e+02	-1.320831000000000088e+01	-1.360299157418997096e-01	4.533286449279463337e-01
4.280000000000000000e+02	-1.309610999999999947e+01	-1.351343384742924036e-01	4.637310407177920868e-01
4.290000000000000000e+02	-1.298193999999999981e+01	-1.342185115431964171e-01	4.740640417552836050e-01
4.300000000000000000e+02	-1.286580999999999975e+01	-1.332825719969813472e-01	4.843261017647026989e-01
4.310000000000000000e+02	-1.274774999999999991e+01	-1.323266598937570537e-01	4.945156850862583164e-01
4.320000000000000000e+02	-1.262776999999999994e+01	-1.313509182804145914e-01	5.046312669058901079e-01
4.330000000000000000e+02	-1.250587999999999944e+01	-1.303554931712201936e-01	5.146713334834476239e-01
4.340000000000000000e+02	-1.238211000000000084e+01	-1.293405335259649180e-01	5.246343823792135597e-01
4.350000000000000000e+02	-1.225647999999999982e+01	-1.283061912276737548e-01	5.345189226787343539e-01
4.360000000000000000e+02	-1.212900999999999918e+01	-1.272526210598770025e-01	5.443234752159300527e-01
4.370000000000000000e+02	-1.199970000000000070e+01	-1.261799806834481008e-01	5.540465727944396956e-01
4.380000000000000000e+02	-1.186858999999999931e+01	-1.250884306130102541e-01	5.636867604071805760e-01
4.390000000000000000e+02	-1.173568999999999996e+01	-1.239781341929165059e-01	5.732425954540822932e-01
4.400000000000000000e+02	-1.160102000000000011e+01	-1.228492575728060837e-01	5.827126479579631813e-01
4.410000000000000000e+02	-1.146461000000000041e+01	-1.217019696827410374e-01	5.920955007785189128e-01
4.420000000000000000e+02	-1.132647000000000048e+01	-1.205364422079269471e-01	6.013897498243878648e-01
4.430000000000000000e+02	-1.118661999999999956e+01	-1.193528495630207659e-01	6.105940042632699294e-01
4.440000000000000000e+02	-1.104509000000000007e+01	-1.181513688660312533e-01	6.197068867300509210e-01
4.450000000000000000e+02	-1.090189999999999948e+01	-1.169321799118138439e-01	6.287270335329213644e-01
4.460000000000000000e+02	-1.075705999999999918e+01	-1.156954651451654326e-01	6.376530948574444801e-01
4.470000000000000000e+02	-1.061059999999999981e+01	-1.144414096335226311e-01	6.464837349685482737e-01
4.480000000000000000e+02	-1.046255000000000024e+01	-1.131702010392673236e-01	6.552176324104105332e-01
4.490000000000000000e+02	-1.031292000000000009e+01	-1.118820295916442414e-01	6.638534802042069805e-01
4.500000000000000000e+02	-1.016173999999999999e+01	-1.105770880582938182e-01	6.723899860436960418e-01
4.510000000000000000e+02	-1.000902999999999921e+01	-1.092555717164061524e-01	6.808258724886007140e-01
4.520000000000000000e+02	-9.854806999999999206e+00	-1.079176783234984394e-01	6.891598771557735370e-01
4.530000000000000000e+02	-9.699101000000000639e+00	-1.065636080878218928e-01	6.973907529081047052e-01
4.540000000000000000e+02	-9.541935999999999751e+00	-1.051935636384015577e-01	7.055172680411481156e-01
4.550000000000000000e+02	-9.383335000000000647e+00	-1.038077499947141213e-01	7.135382064674402613e-01
4.560000000000000000e+02	-9.223321000000000325e+00	-1.024063745360078159e-01	7.214523678984801069e-01
4.570000000000000000e+02	-9.061916000000000082e+00	-1.009896469702694366e-01	7.292585680243450774e-01
4.580000000000000000e+02	-8.899148999999999532e+00	-9.955777930284226418e-02	7.369556386909189571e-01
4.590000000000000000e+02	-8.735039000000000442e+00	-9.811098580470130337e-02	7.445424280746962831e-01
4.600000000000000000e+02	-8.569613999999999621e+00	-9.664948298038839036e-02	7.520178008551477999e-01
4.610000000000000000e+02	-8.402898999999999674e+00	-9.517348953561367841e-02	7.593806383846151142e-01
4.620000000000000000e+02	-8.234920999999999935e+00	-9.368322634452740105e-02	7.666298388557096777e-01
4.630000000000000000e+02	-8.065699999999999648e+00	-9.217891641666742242e-02	7.737643174661922307e-01
4.640000000000000000e+02	-7.895265000000000200e+00	-9.066078486358723765e-02	7.807830065813063936e-01
4.650000000000000000e+02	-7.723640999999999757e+00	-8.912905886516872545e-02	7.876848558935467537e-01
4.660000000000000000e+02	-7.550853000000000037e+00	-8.758396763562668885e-02	7.944688325798285877e-01
4.670000000000000000e+02	-7.376928000000000374e+00	-8.602574238920783489e-02	8.011339214560455613e-01
4.680000000000000000e+02	-7.201893000000000100e+00	-8.445461630559086830e-02	8.076791251289860973e-01
4.690000000000000000e+02	-7.025773000000000046e+00	-8.287082449499252879e-02	8.141034641455878740e-01
4.700000000000000000e+02	-6.848595000000000432e+00	-8.127460396298462342e-02	8.204059771395069145e-01
4.710000000000000000e+02	-6.670385999999999704e+00	-7.966619357502752186e-02	8.265857209749815082e-01
4.720000000000000000e+02	-6.491172999999999860e+00	-7.804583402072534648e-02	8.326417708879659818e-01
4.730000000000000000e+02	-6.310982000000000092e+00	-7.641376777780765905e-02	8.385732206245185560e-01
4.740000000000000000e+02	-6.129839999999999733e+00	-7.477023907584477713e-02	8.443791825764147552e-01
4.750000000000000000e+02	-5.947775000000000034e+00	-7.311549385969964843e-02	8.500587879139739345e-01
4.760000000000000000e+02	-5.764815999999999718e+00	-7.144977975272374937e-02	8.556111867160757223e-01
4.770000000000000000e+02	-5.580985000000000085e+00	-6.977334601970161532e-02	8.610355480973446163e-01
4.780000000000000000e+02	-5.396316999999999808e+00	-6.808644352954974777e-02	8.663310603324878567e-01
4.790000000000000000e+02	-5.210834000000000188e+00	-6.638932471777567179e-02	8.714969309777653717e-01
4.800000000000000000e+02	-5.024568000000000367e+00	-6.468224354870180659e-02	8.765323869895758069e-01
4.810000000000000000e+02	-4.837545000000000428e+00	-6.296545547746189297e-02	8.814366748401361029e-01
4.820000000000000000e+02	-4.649791999999999703e+00	-6.123921741177312111e-02	8.862090606302437390e-01
4.830000000000000000e+02	-4.461338999999999722e+00	-5.950378767349136927e-02	8.908488301991011049e-01
4.840000000000000000e+02	-4.272217000000000375e+00	-5.775942595995483403e-02	8.953552892311845701e-01
4.850000000000000000e+02	-4.082449999999999690e+00	-5.600639330512178354e-02	8.997277633601461488e-01
4.860000000000000000e+02	-3.892065999999999804e+00	-5.424495204050825553e-02	9.039655982697274439e-01
4.870000000000000000e+02	-3.701099999999999834e+00	-5.247536575593179237e-02	9.080681597916749892e-01
4.880000000000000000e+02	-3.509574000000000193e+00	-5.069789926006613989e-02	9.120348340006407817e-01
4.890000000000000000e+02	-3.317518999999999885e+00	-4.891281854081491048e-02	9.158650273060510161e-01
4.900000000000000000e+02	-3.124966000000000133e+00	-4.712039072550743696e-02	9.195581665409349181e-01
4.910000000000000000e+02	-2.931939999999999991e+00	-4.532088404092485256e-02	9.231136990476954685e-01
4.920000000000000000e+02	-2.738475999999999910e+00	-4.351456777316140001e-02	9.265310927608114699e-01
4.930000000000000000e+02	-2.544596999999999998e+00	-4.170171222732730471e-02	9.298098362864587463e-01
4.940000000000000000e+02	-2.350334999999999841e+00	-3.988258868709924909e-02	9.329494389790362607e-01
4.950000000000000000e+02	-2.155720000000000081e+00	-3.805746937412376324e-02	9.359494310145902718e-01
4.960000000000000000e+02	-1.960779000000000050e+00	-3.622662740728158776e-02	9.388093634611185401e-01
4.970000000000000000e+02	-1.765544000000000002e+00	-3.439033676181641602e-02	9.415288083457523660e-01
4.980000000000000000e+02	-1.570043000000000077e+00	-3.254887222833616894e-02	9.441073587187994720e-01
4.990000000000000000e+02	-1.374305000000000110e+00	-3.070250937169212782e-02	9.465446287146419557e-01
5.000000000000000000e+02	-1.178360000000000074e+00	-2.885152448974219117e-02	9.488402536094788786e-01
5.010000000000000000e+02	-9.822381000000000029e-01	-2.699619457200460107e-02	9.509938898759049408e-01
5.020000000000000000e+02	-7.859680999999999473e-01	-2.513679725820743699e-02	9.530052152343182481e-01
5.030000000000000000e+02	-5.895795999999999815e-01	-2.327361079674223135e-02	9.548739287011465127e-01
5.040000000000000000e+02	-3.931024000000000185e-01	-2.140691400302510011e-02	9.565997506338881351e-01
5.050000000000000000e+02	-1.965659999999999907e-01	-1.953698621777370803e-02	9.581824227729592858e-01
5.060000000000000000e+02	-4.604003999999999781e-14	-1.766410726520551908e-02	9.596217082803406573e-01
5.070000000000000000e+02	1.965659999999999907e-01	-1.578855741116363259e-02	9.609173917750191141e-01
5.080000000000000000e+02	3.931024000000000185e-01	-1.391061732117660973e-02	9.620692793652183550e-01
5.090000000000000000e+02	5.895795999999999815e-01	-1.203056801845855082e-02	9.630771986774134819e-01
5.100000000000000000e+02	7.859680999999999473e-01	-1.014869084185502854e-02	9.639409988821261432e-01
5.110000000000000000e+02	9.822381000000000029e-01	-8.265267403743104674e-03	9.646605507164945914e-01
