0.000000000000000000e+00	1.985169999999998769e+00	1.253210892103474904e-03	1.176065132086461018e+00
1.000000000000000000e+00	2.217283999999998922e+00	3.550100790450086072e-03	1.175920811278177158e+00
2.000000000000000000e+00	2.449063999999999020e+00	5.846537068634957701e-03	1.175600630829868098e+00
3.000000000000000000e+00	2.680476999999998888e+00	8.142176293279457244e-03	1.175104638624705489e+00
4.000000000000000000e+00	2.911485999999998686e+00	1.043667515020476992e-02	1.174432908838611844e+00
5.000000000000000000e+00	3.142057999999998685e+00	1.272969049577473734e-02	1.173585541929166753e+00
6.000000000000000000e+00	3.372156999999998739e+00	1.502087940821318288e-02	1.172562664620583117e+00
7.000000000000000000e+00	3.601748999999998979e+00	1.730989923888806917e-02	1.171364429884756531e+00
8.000000000000000000e+00	3.830797999999998815e+00	1.959640766355479416e-02	1.169991016918387139e+00
9.000000000000000000e+00	4.059271999999999103e+00	2.188006273355097911e-02	1.168442631116181962e+00
1.000000000000000000e+01	4.287133999999999112e+00	2.416052292693509837e-02	1.166719504040136135e+00
1.100000000000000000e+01	4.514352999999998950e+00	2.643744719956126615e-02	1.164821893384904383e+00
1.200000000000000000e+01	4.740889999999998494e+00	2.871049503608262554e-02	1.162750082939261853e+00
1.300000000000000000e+01	4.966715999999999021e+00	3.097932650087556472e-02	1.160504382543663837e+00
1.400000000000000000e+01	5.191790999999998490e+00	3.324360228887730806e-02	1.158085128043907952e+00
1.500000000000000000e+01	5.416088999999998599e+00	3.550298377632922497e-02	1.155492681240909203e+00
1.600000000000000000e+01	5.639569999999999084e+00	3.775713307141811970e-02	1.152727429836591932e+00
1.700000000000000000e+01	5.862202999999999165e+00	4.000571306480825429e-02	1.149789787375909311e+00
1.800000000000000000e+01	6.083951999999999138e+00	4.224838748005616679e-02	1.146680193184997032e+00
1.900000000000000000e+01	6.304786999999999253e+00	4.448482092390102643e-02	1.143399112305471199e+00
2.000000000000000000e+01	6.524672999999999057e+00	4.671467893642292091e-02	1.139947035424882182e+00
2.100000000000000000e+01	6.743575999999999127e+00	4.893762804106148445e-02	1.136324478803332205e+00
2.200000000000000000e+01	6.961463999999998542e+00	5.115333579448758106e-02	1.132531984196266661e+00
2.300000000000000000e+01	7.178302999999998768e+00	5.336147083632029886e-02	1.128570118773456032e+00
2.400000000000000000e+01	7.394063999999999304e+00	5.556170293868216425e-02	1.124439475034174407e+00
2.500000000000000000e+01	7.715606999999998550e+00	5.775370305558490819e-02	1.120140670718591025e+00
2.600000000000000000e+01	7.822213999999998890e+00	5.993714337213844334e-02	1.115674348715387065e+00
2.700000000000000000e+01	8.140248999999998958e+00	6.211169735357578714e-02	1.111041176965610999e+00
2.800000000000000000e+01	8.245651999999997983e+00	6.427703979408655455e-02	1.106241848362788049e+00
2.900000000000000000e+01	8.455526999999998239e+00	6.643284686545164464e-02	1.101277080649297080e+00
3.000000000000000000e+01	8.664128999999999081e+00	6.857879616547196688e-02	1.096147616309031791e+00
3.100000000000000000e+01	8.871424999999998562e+00	7.071456676618380344e-02	1.090854222456362210e+00
3.200000000000000000e+01	9.077384999999999593e+00	7.283983926185387536e-02	1.085397690721412678e+00
3.300000000000000000e+01	9.281981999999999289e+00	7.495429581674661890e-02	1.079778837131671443e+00
3.400000000000000000e+01	9.485177999999999443e+00	7.705762021265664952e-02	1.073998501989955390e+00
3.500000000000000000e+01	9.686946999999998198e+00	7.914949789619944720e-02	1.068057549748740565e+00
3.600000000000000000e+01	9.887259999999999494e+00	8.122961602585296315e-02	1.061956868880883809e+00
3.700000000000000000e+01	1.008607999999999905e+01	8.329766351874326458e-02	1.055697371746750823e+00
3.800000000000000000e+01	1.028338999999999892e+01	8.535333109716715383e-02	1.049279994457771981e+00
3.900000000000000000e+01	1.047913999999999923e+01	8.739631133484485059e-02	1.042705696736446752e+00
4.000000000000000000e+01	1.076980999999999966e+01	8.942629870289568739e-02	1.035975461772815853e+00
4.100000000000000000e+01	1.086588999999999849e+01	9.144298961553024019e-02	1.029090296077425526e+00
4.200000000000000000e+01	1.105682999999999971e+01	9.344608247545173330e-02	1.022051229330803057e+00
4.300000000000000000e+01	1.124609999999999843e+01	9.543527771896001544e-02	1.014859314229466847e+00
4.400000000000000000e+01	1.143367999999999896e+01	9.741027786075157069e-02	1.007515626328495451e+00
4.500000000000000000e+01	1.161953999999999887e+01	9.937078753840859757e-02	1.000021263880678468e+00
4.600000000000000000e+01	1.180364999999999931e+01	1.013165135565705505e-01	9.923773476722704823e-01
4.700000000000000000e+01	1.207646999999999871e+01	1.032471649307818290e-01	9.845850208553783567e-01
4.800000000000000000e+01	1.216650999999999883e+01	1.051624529310085376e-01	9.766454487770016568e-01
4.900000000000000000e+01	1.234519999999999840e+01	1.070620911248183066e-01	9.685598188047541690e-01
5.000000000000000000e+01	1.252202999999999911e+01	1.089457954202163598e-01	9.603293401492921655e-01
5.100000000000000000e+01	1.269698999999999955e+01	1.108132841081317377e-01	9.519552436834771703e-01
5.200000000000000000e+01	1.287002999999999808e+01	1.126642779045469583e-01	9.434387817582972069e-01
5.300000000000000000e+01	1.304112999999999900e+01	1.144984999922651348e-01	9.347812280155777254e-01
5.400000000000000000e+01	1.321026999999999951e+01	1.163156760623081792e-01	9.259838771975070770e-01
5.500000000000000000e+01	1.337741999999999898e+01	1.181155343549397801e-01	9.170480449530077349e-01
5.600000000000000000e+01	1.354254999999999853e+01	1.198978057003074055e-01	9.079750676409792387e-01
5.700000000000000000e+01	1.370564999999999856e+01	1.216622235586965889e-01	8.987663021304466149e-01
5.800000000000000000e+01	1.386667999999999878e+01	1.234085240603922662e-01	8.894231255976379202e-01
5.900000000000000000e+01	1.402562999999999960e+01	1.251364460451405702e-01	8.799469353200279897e-01
6.000000000000000000e+01	1.418245999999999896e+01	1.268457311012054778e-01	8.703391484673744793e-01
6.100000000000000000e+01	1.433715999999999902e+01	1.285361236040145072e-01	8.606012018897791771e-01
6.200000000000000000e+01	1.448969999999999914e+01	1.302073707543875691e-01	8.507345519028061132e-01
6.300000000000000000e+01	1.464005999999999830e+01	1.318592226163429471e-01	8.407406740696892200e-01
6.400000000000000000e+01	1.478820999999999941e+01	1.334914321544757310e-01	8.306210629806604073e-01
6.500000000000000000e+01	1.493413999999999930e+01	1.351037552709018763e-01	8.203772320294331344e-01
6.600000000000000000e+01	1.507781999999999911e+01	1.366959508417632529e-01	8.100107131868734545e-01
6.700000000000000000e+01	1.521922999999999959e+01	1.382677807532879111e-01	7.995230567718928372e-01
6.800000000000000000e+01	1.535834999999999972e+01	1.398190099373999573e-01	7.889158312195967415e-01
6.900000000000000000e+01	1.549514999999999887e+01	1.413494064068744061e-01	7.781906228467246889e-01
7.000000000000000000e+01	1.562962999999999880e+01	1.428587412900306497e-01	7.673490356144155866e-01
7.100000000000000000e+01	1.576173999999999964e+01	1.443467888649607733e-01	7.563926908883341627e-01
7.200000000000000000e+01	1.589148999999999923e+01	1.458133265932859135e-01	7.453232271961951483e-01
7.300000000000000000e+01	1.608161999999999736e+01	1.472581351534374416e-01	7.341422999827202922e-01
7.400000000000000000e+01	1.614378999999999920e+01	1.486809984734563661e-01	7.228515813620658426e-01
7.500000000000000000e+01	1.626629999999999754e+01	1.500817037633071227e-01	7.114527598677560238e-01
7.600000000000000000e+01	1.638635999999999981e+01	1.514600415467003969e-01	6.999475402001632540e-01
7.700000000000000000e+01	1.656181999999999732e+01	1.528158056924204811e-01	6.883376429715685196e-01
7.800000000000000000e+01	1.661906999999999712e+01	1.541487934451522823e-01	6.766248044488425428e-01
7.900000000000000000e+01	1.673166999999999760e+01	1.554588054558035115e-01	6.648107762937864873e-01
8.000000000000000000e+01	1.684175999999999718e+01	1.567456458113173356e-01	6.528973253011695066e-01
8.100000000000000000e+01	1.694932000000000016e+01	1.580091220639716076e-01	6.408862331345046570e-01
8.200000000000000000e+01	1.705430999999999742e+01	1.592490452601591500e-01	6.287792960595979253e-01
8.300000000000000000e+01	1.715674999999999883e+01	1.604652299686461225e-01	6.165783246759185543e-01
8.400000000000000000e+01	1.725659999999999883e+01	1.616574943083032845e-01	6.042851436458199776e-01
8.500000000000000000e+01	1.735384999999999778e+01	1.628256599753065137e-01	5.919015914216619878e-01
8.600000000000000000e+01	1.744848999999999961e+01	1.639695522698020325e-01	5.794295199708696664e-01
8.700000000000000000e+01	1.754049999999999798e+01	1.650890001220331471e-01	5.668707944989689329e-01
8.800000000000000000e+01	1.762987000000000037e+01	1.661838361179236168e-01	5.542272931706457850e-01
8.900000000000000000e+01	1.771659000000000006e+01	1.672538965241146813e-01	5.415009068288636485e-01
9.000000000000000000e+01	1.780063999999999780e+01	1.682990213124512802e-01	5.286935387120889063e-01
9.100000000000000000e+01	1.788200999999999752e+01	1.693190541839146301e-01	5.158071041696586922e-01
9.200000000000000000e+01	1.796067999999999998e+01	1.703138425919965560e-01	5.028435303753400198e-01
9.300000000000000000e+01	1.803664999999999807e+01	1.712832377655131022e-01	4.898047560391206035e-01
9.400000000000000000e+01	1.810990999999999929e+01	1.722270947308532918e-01	4.766927311172717285e-01
9.500000000000000000e+01	1.818043999999999727e+01	1.731452723336599497e-01	4.635094165207333528e-01
9.600000000000000000e+01	1.824822999999999951e+01	1.740376332599395115e-01	4.502567838218568541e-01
9.700000000000000000e+01	1.831327999999999889e+01	1.749040440565974575e-01	4.369368149595561635e-01
9.800000000000000000e+01	1.837556000000000012e+01	1.757443751513960706e-01	4.235515019429081929e-01
9.900000000000000000e+01	1.843507999999999925e+01	1.765585008723322968e-01	4.101028465532452483e-01
1.000000000000000000e+02	1.849183000000000021e+01	1.773462994664318226e-01	3.965928600447889973e-01
1.010000000000000000e+02	1.854579000000000022e+01	1.781076531179576761e-01	3.830235628438649065e-01
1.020000000000000000e+02	1.859695999999999927e+01	1.788424479660291333e-01	3.693969842467476616e-01
1.030000000000000000e+02	1.864532999999999774e+01	1.795505741216501250e-01	3.557151621161772082e-01
1.040000000000000000e+02	1.869088999999999956e+01	1.802319256841429795e-01	3.419801425765962577e-01
1.050000000000000000e+02	1.875394999999999968e+01	1.808864007569859211e-01	3.281939797081514509e-01
1.060000000000000000e+02	1.877355999999999980e+01	1.815139014630518521e-01	3.143587352395030843e-01
1.070000000000000000e+02	1.881065999999999860e+01	1.821143339592458665e-01	3.004764782394941935e-01
1.080000000000000000e+02	1.884491999999999834e+01	1.826876084505396070e-01	2.865492848077181298e-01
1.090000000000000000e+02	1.887635999999999825e+01	1.832336392034000228e-01	2.725792377640388064e-01
1.100000000000000000e+02	1.890493999999999986e+01	1.837523445586110582e-01	2.585684263371018643e-01
1.110000000000000000e+02	1.893067999999999884e+01	1.842436469434856894e-01	2.445189458518901571e-01
1.120000000000000000e+02	1.896395000000000053e+01	1.847074728834670054e-01	2.304328974163673549e-01
1.130000000000000000e+02	1.897360999999999720e+01	1.851437530131164189e-01	2.163123876072544083e-01
1.140000000000000000e+02	1.899079000000000050e+01	1.855524220864872564e-01	2.021595281549916079e-01
1.150000000000000000e+02	1.900510999999999839e+01	1.859334189868823151e-01	1.879764356279261528e-01
1.160000000000000000e+02	1.901656999999999798e+01	1.862866867359939949e-01	1.737652311157802942e-01
1.170000000000000000e+02	1.902516999999999925e+01	1.866121725024252609e-01	1.595280399124389958e-01
1.180000000000000000e+02	1.903089999999999904e+01	1.869098276095907951e-01	1.452669911981121220e-01
1.190000000000000000e+02	1.903377000000000052e+01	1.871796075429965345e-01	1.309842177209148972e-01
1.200000000000000000e+02	1.903377000000000052e+01	1.874214719568968179e-01	1.166818554779123496e-01
1.210000000000000000e+02	1.903089999999999904e+01	1.876353846803280878e-01	1.023620433956819453e-01
1.220000000000000000e+02	1.902516999999999925e+01	1.878213137225183960e-01	8.802692301043388290e-02
1.230000000000000000e+02	1.901656999999999798e+01	1.879792312776715490e-01	7.367863814774397446e-02
1.240000000000000000e+02	1.900510999999999839e+01	1.881091137291254489e-01	5.931933460194409313e-02
1.250000000000000000e+02	1.898255999999999943e+01	1.882109416528841284e-01	4.495115981521548981e-02
1.260000000000000000e+02	1.897360999999999720e+01	1.882846998205223998e-01	3.057626255643969629e-02
1.270000000000000000e+02	1.895357999999999876e+01	1.883303772014635613e-01	1.619679259984682651e-02
1.280000000000000000e+02	1.893067999999999884e+01	1.883479669646286880e-01	1.814900403517612053e-03
1.290000000000000000e+02	1.890493999999999986e+01	1.883374664794585651e-01	-1.256726321222061474e-02
1.300000000000000000e+02	1.887635999999999825e+01	1.882988773163067897e-01	-2.694754738644960027e-02
1.310000000000000000e+02	1.884491999999999834e+01	1.882322052462051531e-01	-4.132380153932187911e-02
1.320000000000000000e+02	1.881065999999999860e+01	1.881374602400004148e-01	-5.569387569368305230e-02
1.330000000000000000e+02	1.877355999999999980e+01	1.880146564668632725e-01	-7.005562079660003494e-02
1.340000000000000000e+02	1.873362999999999801e+01	1.878638122921692799e-01	-8.440688904075532850e-02
1.350000000000000000e+02	1.869088999999999956e+01	1.876849502747523768e-01	-9.874553418565058804e-02
1.360000000000000000e+02	1.864532999999999774e+01	1.874780971635310600e-01	-1.130694118785801894e-01
1.370000000000000000e+02	1.859695999999999927e+01	1.872432838935082500e-01	-1.273763799753194481e-01
1.380000000000000000e+02	1.854579000000000022e+01	1.869805455811447414e-01	-1.416642988604828457e-01
1.390000000000000000e+02	1.849183000000000021e+01	1.866899215191077654e-01	-1.559310317675065838e-01
1.400000000000000000e+02	1.843507999999999925e+01	1.863714551703944400e-01	-1.701744450982010659e-01
1.410000000000000000e+02	1.837556000000000012e+01	1.860251941618321914e-01	-1.843924087418337687e-01
1.420000000000000000e+02	1.831327999999999889e+01	1.856511902769558131e-01	-1.985827963936876162e-01
1.430000000000000000e+02	1.824822999999999951e+01	1.852494994482634383e-01	-2.127434858730502809e-01
1.440000000000000000e+02	1.818043999999999727e+01	1.848201817488517307e-01	-2.268723594405894217e-01
1.450000000000000000e+02	1.810990999999999929e+01	1.843633013834318490e-01	-2.409673041150597883e-01
1.460000000000000000e+02	1.803664999999999807e+01	1.838789266787277110e-01	-2.550262119893027535e-01
1.470000000000000000e+02	1.796067999999999998e+01	1.833671300732576115e-01	-2.690469805454832053e-01
1.480000000000000000e+02	1.788200999999999752e+01	1.828279881065010271e-01	-2.830275129695237202e-01
1.490000000000000000e+02	1.780063999999999780e+01	1.822615814074521057e-01	-2.969657184646840031e-01
1.500000000000000000e+02	1.771659000000000006e+01	1.816679946825615066e-01	-3.108595125642397150e-01
1.510000000000000000e+02	1.762987000000000037e+01	1.810473167030685615e-01	-3.247068174432174992e-01
1.520000000000000000e+02	1.754049999999999798e+01	1.803996402917254771e-01	-3.385055622291329169e-01
1.530000000000000000e+02	1.744848999999999961e+01	1.797250623089155230e-01	-3.522536833116927113e-01
1.540000000000000000e+02	1.735384999999999778e+01	1.790236836381677021e-01	-3.659491246514067764e-01
1.550000000000000000e+02	1.725659999999999883e+01	1.782956091710694579e-01	-3.795898380870719180e-01
1.560000000000000000e+02	1.715674999999999883e+01	1.775409477915799727e-01	-3.931737836420747811e-01
1.570000000000000000e+02	1.705430999999999742e+01	1.767598123597467208e-01	-4.066989298294707011e-01
1.580000000000000000e+02	1.694932000000000016e+01	1.759523196948270252e-01	-4.201632539557956236e-01
1.590000000000000000e+02	1.684175999999999718e+01	1.751185905578176993e-01	-4.335647424235591352e-01
1.600000000000000000e+02	1.673166999999999760e+01	1.742587496333952435e-01	-4.469013910323808569e-01
1.610000000000000000e+02	1.661906999999999712e+01	1.733729255112691214e-01	-4.601712052787180207e-01
1.620000000000000000e+02	1.650394999999999968e+01	1.724612506669510326e-01	-4.733722006541464244e-01
1.630000000000000000e+02	1.638635999999999981e+01	1.715238614419432317e-01	-4.865024029421438634e-01
1.640000000000000000e+02	1.626629999999999754e+01	1.705608980233485894e-01	-4.995598485133346811e-01
1.650000000000000000e+02	1.614378999999999920e+01	1.695725044229053902e-01	-5.125425846191531409e-01
1.660000000000000000e+02	1.601885000000000048e+01	1.685588284554503657e-01	-5.254486696838778226e-01
1.670000000000000000e+02	1.589148999999999923e+01	1.675200217168129613e-01	-5.382761735949942450e-01
1.680000000000000000e+02	1.576173999999999964e+01	1.664562395611441370e-01	-5.510231779918446371e-01
1.690000000000000000e+02	1.562962999999999880e+01	1.653676410776827310e-01	-5.636877765525218908e-01
1.700000000000000000e+02	1.549514999999999887e+01	1.642543890669639906e-01	-5.762680752789582916e-01
1.710000000000000000e+02	1.535834999999999972e+01	1.631166500164724642e-01	-5.887621927801754973e-01
1.720000000000000000e+02	1.521922999999999959e+01	1.619545940757437241e-01	-6.011682605536472490e-01
1.730000000000000000e+02	1.507781999999999911e+01	1.607683950309182486e-01	-6.134844232647362894e-01
1.740000000000000000e+02	1.493413999999999930e+01	1.595582302787519058e-01	-6.257088390241584142e-01
1.750000000000000000e+02	1.478820999999999941e+01	1.583242808000860369e-01	-6.378396796634393517e-01
1.760000000000000000e+02	1.464005999999999830e+01	1.570667311327814120e-01	-6.498751310083196175e-01
1.770000000000000000e+02	1.448969999999999914e+01	1.557857693441209723e-01	-6.618133931500626010e-01
1.780000000000000000e+02	1.433715999999999902e+01	1.544815870026838567e-01	-6.736526807146342444e-01
1.790000000000000000e+02	1.418245999999999896e+01	1.531543791496964568e-01	-6.853912231297053514e-01
1.800000000000000000e+02	1.402562999999999960e+01	1.518043442698636114e-01	-6.970272648894435541e-01
1.810000000000000000e+02	1.386667999999999878e+01	1.504316842616854333e-01	-7.085590658170478617e-01
1.820000000000000000e+02	1.370564999999999856e+01	1.490366044072631291e-01	-7.199849013249939311e-01
1.830000000000000000e+02	1.354254999999999853e+01	1.476193133415987235e-01	-7.313030626729493111e-01
1.840000000000000000e+02	1.337741999999999898e+01	1.461800230213940177e-01	-7.425118572233129211e-01
1.850000000000000000e+02	1.321026999999999951e+01	1.447189486933519731e-01	-7.536096086943522288e-01
1.860000000000000000e+02	1.304112999999999900e+01	1.432363088619866276e-01	-7.645946574108913874e-01
1.870000000000000000e+02	1.287002999999999808e+01	1.417323252569454850e-01	-7.754653605525182458e-01
1.880000000000000000e+02	1.269698999999999955e+01	1.402072227998498177e-01	-7.862200923992661572e-01
1.890000000000000000e+02	1.252202999999999911e+01	1.386612295706576292e-01	-7.968572445747434951e-01
1.900000000000000000e+02	1.234519999999999840e+01	1.370945767735537446e-01	-8.073752262866675800e-01
1.910000000000000000e+02	1.216650999999999883e+01	1.355074987023735800e-01	-8.177724645647664881e-01
1.920000000000000000e+02	1.198597999999999963e+01	1.339002327055641151e-01	-8.280474044960192126e-01
1.930000000000000000e+02	1.180364999999999931e+01	1.322730191506882313e-01	-8.381985094571945405e-01
1.940000000000000000e+02	1.161953999999999887e+01	1.306261013884777999e-01	-8.482242613446515644e-01
1.950000000000000000e+02	1.143367999999999896e+01	1.289597257164402655e-01	-8.581231608013751844e-01
1.960000000000000000e+02	1.124609999999999843e+01	1.272741413420249434e-01	-8.678937274412040770e-01
1.970000000000000000e+02	1.105682999999999971e+01	1.255696003453534715e-01	-8.775345000702257092e-01
1.980000000000000000e+02	1.086588999999999849e+01	1.238463576415215484e-01	-8.870440369052959850e-01
1.990000000000000000e+02	1.067331999999999859e+01	1.221046709424760540e-01	-8.964209157896598779e-01
2.000000000000000000e+02	1.047913999999999923e+01	1.203448007184738933e-01	-9.056637344056368555e-01
2.010000000000000000e+02	1.018492999999999959e+01	1.185670101591287801e-01	-9.147711104843367913e-01
2.020000000000000000e+02	1.008607999999999905e+01	1.167715651340510835e-01	-9.237416820123796057e-01
2.030000000000000000e+02	9.887259999999999494e+00	1.149587341530866613e-01	-9.325741074355848870e-01
2.040000000000000000e+02	9.586242999999999626e+00	1.131287883261610783e-01	-9.412670658596035134e-01
2.050000000000000000e+02	9.485177999999999443e+00	1.112820013227352467e-01	-9.498192572474558615e-01
2.060000000000000000e+02	9.281981999999999289e+00	1.094186493308777347e-01	-9.582294026139548393e-01
2.070000000000000000e+02	9.077384999999999593e+00	1.075390110159606255e-01	-9.664962442169784396e-01
2.080000000000000000e+02	8.871424999999998562e+00	1.056433674789851868e-01	-9.746185457455653900e-01
2.090000000000000000e+02	8.664128999999999081e+00	1.037320022145429704e-01	-9.825950925048065887e-01
2.100000000000000000e+02	8.350746999999998366e+00	1.018052010684189906e-01	-9.904246915975027932e-01
2.110000000000000000e+02	8.140248999999998958e+00	9.986325219484314120e-02	-9.981061721025650257e-01
2.120000000000000000e+02	8.034537999999999514e+00	9.790644601339695829e-02	-1.005638385250123612e+00
2.130000000000000000e+02	7.822213999999998890e+00	9.593507516558101578e-02	-1.013020204593329199e+00
2.140000000000000000e+02	7.608710999999998670e+00	9.394943447104997514e-02	-1.020250526176813777e+00
2.150000000000000000e+02	7.394063999999999304e+00	9.194982088352254834e-02	-1.027328268701786840e+00
2.160000000000000000e+02	7.178302999999998768e+00	8.993653344637166092e-02	-1.034252373687744475e+00
2.170000000000000000e+02	6.961463999999998542e+00	8.790987324790247581e-02	-1.041021805630766073e+00
2.180000000000000000e+02	6.743575999999999127e+00	8.587014337632412064e-02	-1.047635552158374894e+00
2.190000000000000000e+02	6.524672999999999057e+00	8.381764887442315348e-02	-1.054092624180937632e+00
2.200000000000000000e+02	6.304786999999999253e+00	8.175269669394404082e-02	-1.060392056039584530e+00
2.210000000000000000e+02	6.083951999999999138e+00	7.967559564968403063e-02	-1.066532905650624086e+00
2.220000000000000000e+02	5.862202999999999165e+00	7.758665637331028930e-02	-1.072514254646432130e+00
2.230000000000000000e+02	5.639569999999999084e+00	7.548619126690432612e-02	-1.078335208512793075e+00
2.240000000000000000e+02	5.416088999999998599e+00	7.337451445624237900e-02	-1.083994896722677126e+00
2.250000000000000000e+02	5.191790999999998490e+00	7.125194174381727086e-02	-1.089492472866426809e+00
2.260000000000000000e+02	4.966715999999999021e+00	6.911879056161050749e-02	-1.094827114778337718e+00
2.270000000000000000e+02	4.740889999999998494e+00	6.697537992361993209e-02	-1.099998024659615270e+00
2.280000000000000000e+02	4.514352999999998950e+00	6.482203037815065239e-02	-1.105004429197684379e+00
2.290000000000000000e+02	4.287133999999999112e+00	6.265906395987744237e-02	-1.109845579681840055e+00
2.300000000000000000e+02	4.059271999999999103e+00	6.048680414168390584e-02	-1.114520752115216506e+00
2.310000000000000000e+02	3.830797999999998815e+00	5.830557578628706855e-02	-1.119029247323062082e+00
2.320000000000000000e+02	3.601748999999998979e+00	5.611570509765366477e-02	-1.123370391057301632e+00
2.330000000000000000e+02	3.372156999999998739e+00	5.391751957221662533e-02	-1.127543534097368516e+00
2.340000000000000000e+02	3.142057999999998685e+00	5.171134794989753342e-02	-1.131548052347298716e+00
2.350000000000000000e+02	2.911485999999998686e+00	4.949752016494320117e-02	-1.135383346929062842e+00
2.360000000000000000e+02	2.680476999999998888e+00	4.727636729658419440e-02	-1.139048844272130045e+00
2.370000000000000000e+02	2.333217999999998682e+00	4.504822151952159182e-02	-1.142543996199244072e+00
2.380000000000000000e+02	2.217283999999998922e+00	4.281341605424977825e-02	-1.145868280008405460e+00
2.390000000000000000e+02	1.985169999999998769e+00	4.057228511722361236e-02	-1.149021198551040346e+00
2.400000000000000000e+02	1.752756999999998788e+00	3.832516387087583909e-02	-1.152002280306350324e+00
2.410000000000000000e+02	1.520080999999998905e+00	3.607238837349355243e-02	-1.154811079451828038e+00
2.420000000000000000e+02	1.287176999999998905e+00	3.381429552896008522e-02	-1.157447175929930738e+00
2.430000000000000000e+02	1.054078999999998878e+00	3.155122303637140219e-02	-1.159910175510899588e+00
2.440000000000000000e+02	8.208234999999988180e-01	2.928350933953271368e-02	-1.162199709851717389e+00
2.450000000000000000e+02	4.707202999999988702e-01	2.701149357634376191e-02	-1.164315436551194294e+00
2.460000000000000000e+02	3.539778999999988462e-01	2.473551552808107845e-02	-1.166257039201173962e+00
2.470000000000000000e+02	1.204584999999988582e-01	2.245591556858312493e-02	-1.168024227433852813e+00
2.480000000000000000e+02	-2.298427000000011489e-01	2.017303461334738965e-02	-1.169616736965204851e+00
2.490000000000000000e+02	-3.465979000000011245e-01	1.788721406854592091e-02	-1.171034329634505156e+00
2.500000000000000000e+02	-5.800648000000011573e-01	1.559879577996834722e-02	-1.172276793439946729e+00
2.510000000000000000e+02	-8.134435000000010962e-01	1.330812198189838466e-02	-1.173343942570346465e+00
2.520000000000000000e+02	-1.046699000000001156e+00	1.101553524593224670e-02	-1.174235617432932033e+00
2.530000000000000000e+02	-1.279797000000001184e+00	8.721378429747383629e-03	-1.174951684677210340e+00
2.540000000000000000e+02	-1.629070000000001128e+00	6.425994625827559890e-03	-1.175492037214909136e+00
2.550000000000000000e+02	-1.745377000000001066e+00	4.129727110153355758e-03	-1.175856594235992869e+00
2.560000000000000000e+02	-1.977790000000001047e+00	1.832919290864706580e-03	-1.176045301220747241e+00
2.570000000000000000e+02	-2.209904000000001201e+00	-4.640853430954832706e-04	-1.176058129947933129e+00
2.580000000000000000e+02	-2.441684000000001298e+00	-2.760943273350560580e-03	-1.175895078499006763e+00
2.590000000000000000e+02	-2.673097000000001167e+00	-5.057311003463746749e-03	-1.175556171258407501e+00
2.600000000000000000e+02	-2.904106000000000964e+00	-7.352845110307730178e-03	-1.175041458909909409e+00
2.610000000000000000e+02	-3.134678000000000964e+00	-9.647202295424123220e-03	-1.174351018429043325e+00
2.620000000000000000e+02	-3.364777000000001017e+00	-1.194003943636378490e-02	-1.173484953071583847e+00
2.630000000000000000e+02	-3.708964000000001260e+00	-1.423101363800131740e-02	-1.172443392358108127e+00
2.640000000000000000e+02	-3.937729000000000923e+00	-1.651978228381471500e-02	-1.171226492054625368e+00
2.650000000000000000e+02	-4.051892000000001381e+00	-1.880600308712414293e-02	-1.169834434149282787e+00
2.660000000000000000e+02	-4.279754000000001390e+00	-2.108933414228132339e-02	-1.168267426825147837e+00
2.670000000000000000e+02	-4.506973000000001228e+00	-2.336943397580125772e-02	-1.166525704429075772e+00
2.680000000000000000e+02	-4.733510000000000773e+00	-2.564596159743008988e-02	-1.164609527436662351e+00
2.690000000000000000e+02	-4.959336000000001299e+00	-2.791857655114026240e-02	-1.162519182413289220e+00
2.700000000000000000e+02	-5.184411000000000769e+00	-3.018693896604620480e-02	-1.160254981971267974e+00
2.710000000000000000e+02	-5.408709000000000877e+00	-3.245070960723175219e-02	-1.157817264723089101e+00
2.720000000000000000e+02	-5.632190000000001362e+00	-3.470954992648316723e-02	-1.155206395230782945e+00
2.730000000000000000e+02	-5.854823000000001443e+00	-3.696312211291945954e-02	-1.152422763951397311e+00
2.740000000000000000e+02	-6.076572000000001417e+00	-3.921108914351173480e-02	-1.149466787178606175e+00
2.750000000000000000e+02	-6.407470000000000887e+00	-4.145311483348547432e-02	-1.146338906980452155e+00
2.760000000000000000e+02	-6.517293000000001335e+00	-4.368886388659700554e-02	-1.143039591133234945e+00
2.770000000000000000e+02	-6.736196000000001405e+00	-4.591800194527761309e-02	-1.139569333051554612e+00
2.780000000000000000e+02	-6.954084000000000820e+00	-4.814019564063637402e-02	-1.135928651714522175e+00
2.790000000000000000e+02	-7.170923000000001046e+00	-5.035511264231593703e-02	-1.132118091588145470e+00
2.800000000000000000e+02	-7.386684000000001582e+00	-5.256242170819297455e-02	-1.128138222543903169e+00
2.810000000000000000e+02	-7.601331000000000948e+00	-5.476179273391508506e-02	-1.123989639773521843e+00
2.820000000000000000e+02	-7.814834000000001168e+00	-5.695289680226845591e-02	-1.119672963699963386e+00
2.830000000000000000e+02	-8.027158000000001792e+00	-5.913540623236770294e-02	-1.115188839884640348e+00
2.840000000000000000e+02	-8.238272000000000261e+00	-6.130899462866042093e-02	-1.110537938930872714e+00
2.850000000000000000e+02	-8.448147000000000517e+00	-6.347333692974001240e-02	-1.105720956383598352e+00
2.860000000000000000e+02	-8.656749000000001359e+00	-6.562810945695873865e-02	-1.100738612625353996e+00
2.870000000000000000e+02	-8.864045000000000840e+00	-6.777298996283433186e-02	-1.095591652768540980e+00
2.880000000000000000e+02	-9.070005000000001871e+00	-6.990765767924179974e-02	-1.090280846543993931e+00
2.890000000000000000e+02	-9.274602000000001567e+00	-7.203179336538478861e-02	-1.084806988185867294e+00
2.900000000000000000e+02	-9.578863000000001904e+00	-7.414507935553836526e-02	-1.079170896312856343e+00
2.910000000000000000e+02	-9.679567000000000476e+00	-7.624719960655573781e-02	-1.073373413805772669e+00
2.920000000000000000e+02	-9.879880000000001772e+00	-7.833783974513294779e-02	-1.067415407681491235e+00
2.930000000000000000e+02	-1.007870000000000132e+01	-8.041668711482344301e-02	-1.061297768963286980e+00
2.940000000000000000e+02	-1.027601000000000120e+01	-8.248343082279632754e-02	-1.055021412547581861e+00
2.950000000000000000e+02	-1.047176000000000151e+01	-8.453776178633011507e-02	-1.048587277067121182e+00
2.960000000000000000e+02	-1.076243000000000194e+01	-8.657937277903648976e-02	-1.041996324750602332e+00
2.970000000000000000e+02	-1.085851000000000077e+01	-8.860795847680630333e-02	-1.035249541278770113e+00
2.980000000000000000e+02	-1.104945000000000199e+01	-9.062321550347068877e-02	-1.028347935637009769e+00
2.990000000000000000e+02	-1.133273000000000152e+01	-9.262484247617130961e-02	-1.021292539964451906e+00
3.000000000000000000e+02	-1.142630000000000123e+01	-9.461254005043226445e-02	-1.014084409399615749e+00
3.010000000000000000e+02	-1.161216000000000115e+01	-9.658601096492747118e-02	-1.006724621922611806e+00
3.020000000000000000e+02	-1.179627000000000159e+01	-9.854496008593585654e-02	-9.992142781939298279e-01
3.030000000000000000e+02	-1.197860000000000191e+01	-1.004890944514790357e-01	-9.915545013898354743e-01
3.040000000000000000e+02	-1.215913000000000110e+01	-1.024181233151340298e-01	-9.837464370343959041e-01
3.050000000000000000e+02	-1.233782000000000068e+01	-1.043317581895143453e-01	-9.757912528281690312e-01
3.060000000000000000e+02	-1.251465000000000138e+01	-1.062297128894134773e-01	-9.676901384735711042e-01
3.070000000000000000e+02	-1.277637000000000178e+01	-1.081117035746041316e-01	-9.594443054969576945e-01
3.080000000000000000e+02	-1.286265000000000036e+01	-1.099774487922868527e-01	-9.510549870674370743e-01
3.090000000000000000e+02	-1.311857000000000184e+01	-1.118266695191810767e-01	-9.425234378124510704e-01
3.100000000000000000e+02	-1.320289000000000179e+01	-1.136590892032534467e-01	-9.338509336301443753e-01
3.110000000000000000e+02	-1.337004000000000126e+01	-1.154744338050764790e-01	-9.250387714985515153e-01
3.120000000000000000e+02	-1.353517000000000081e+01	-1.172724318388109893e-01	-9.160882692816358919e-01
3.130000000000000000e+02	-1.369827000000000083e+01	-1.190528144128071841e-01	-9.070007655322003259e-01
3.140000000000000000e+02	-1.385930000000000106e+01	-1.208153152698174526e-01	-8.977776192917066300e-01
3.150000000000000000e+02	-1.401825000000000188e+01	-1.225596708268154450e-01	-8.884202098870291886e-01
3.160000000000000000e+02	-1.417508000000000123e+01	-1.242856202144149019e-01	-8.789299367241774075e-01
3.170000000000000000e+02	-1.432978000000000129e+01	-1.259929053158828083e-01	-8.693082190790126784e-01
3.180000000000000000e+02	-1.448232000000000141e+01	-1.276812708057411538e-01	-8.595564958849942760e-01
3.190000000000000000e+02	-1.463268000000000058e+01	-1.293504641879506534e-01	-8.496762255179877155e-01
3.200000000000000000e+02	-1.478083000000000169e+01	-1.310002358336719575e-01	-8.396688855781626604e-01
3.210000000000000000e+02	-1.492676000000000158e+01	-1.326303390185975539e-01	-8.295359726690171298e-01
3.220000000000000000e+02	-1.507044000000000139e+01	-1.342405299598499191e-01	-8.192790021735589789e-01
3.230000000000000000e+02	-1.521185000000000187e+01	-1.358305678524388271e-01	-8.088995080276809579e-01
3.240000000000000000e+02	-1.535097000000000200e+01	-1.374002149052743482e-01	-7.983990424907589922e-01
3.250000000000000000e+02	-1.548777000000000115e+01	-1.389492363767285132e-01	-7.877791759135094329e-01
3.260000000000000000e+02	-1.562225000000000108e+01	-1.404774006097409267e-01	-7.770414965031449128e-01
3.270000000000000000e+02	-1.575436000000000192e+01	-1.419844790664633316e-01	-7.661876100858550087e-01
3.280000000000000000e+02	-1.588411000000000151e+01	-1.434702463624375757e-01	-7.552191398666551203e-01
3.290000000000000000e+02	-1.601147000000000276e+01	-1.449344803003018711e-01	-7.441377261866349846e-01
3.300000000000000000e+02	-1.613641000000000147e+01	-1.463769619030208802e-01	-7.329450262776423530e-01
3.310000000000000000e+02	-1.631925999999999988e+01	-1.477974754466334084e-01	-7.216427140144476837e-01
3.320000000000000000e+02	-1.637898000000000209e+01	-1.491958084925142924e-01	-7.102324796644114979e-01
3.330000000000000000e+02	-1.655443999999999960e+01	-1.505717519191447085e-01	-6.987160296347052491e-01
3.340000000000000000e+02	-1.661168999999999940e+01	-1.519250999533863500e-01	-6.870950862171169016e-01
3.350000000000000000e+02	-1.672428999999999988e+01	-1.532556502012550337e-01	-6.753713873304815207e-01
3.360000000000000000e+02	-1.683437999999999946e+01	-1.545632036781885710e-01	-6.635466862607746208e-01
3.370000000000000000e+02	-1.694194000000000244e+01	-1.558475648388056023e-01	-6.516227513989042430e-01
3.380000000000000000e+02	-1.704692999999999969e+01	-1.571085416061487605e-01	-6.396013659762529446e-01
3.390000000000000000e+02	-1.714937000000000111e+01	-1.583459454004104983e-01	-6.274843277979895717e-01
3.400000000000000000e+02	-1.729817000000000249e+01	-1.595595911671348899e-01	-6.152734489742084367e-01
3.410000000000000000e+02	-1.734647000000000006e+01	-1.607492974048929657e-01	-6.029705556489269869e-01
3.420000000000000000e+02	-1.744111000000000189e+01	-1.619148861924261662e-01	-5.905774877269843737e-01
3.430000000000000000e+02	-1.753312000000000026e+01	-1.630561832152545299e-01	-5.780960985988845557e-01
3.440000000000000000e+02	-1.762249000000000265e+01	-1.641730177917458677e-01	-5.655282548636157980e-01
3.450000000000000000e+02	-1.770921000000000234e+01	-1.652652228986407623e-01	-5.528758360495064084e-01
3.460000000000000000e+02	-1.779326000000000008e+01	-1.663326351960314198e-01	-5.401407343331352529e-01
3.470000000000000000e+02	-1.787462999999999980e+01	-1.673750950517890745e-01	-5.273248542563576668e-01
3.480000000000000000e+02	-1.799163000000000068e+01	-1.683924465654369762e-01	-5.144301124414796256e-01
3.490000000000000000e+02	-1.802927000000000035e+01	-1.693845375914657392e-01	-5.014584373046258037e-01
3.500000000000000000e+02	-1.810253000000000156e+01	-1.703512197620863367e-01	-4.884117687673446562e-01
3.510000000000000000e+02	-1.817305999999999955e+01	-1.712923485094190734e-01	-4.752920579664886569e-01
3.520000000000000000e+02	-1.824085000000000178e+01	-1.722077830871132920e-01	-4.621012669624257052e-01
3.530000000000000000e+02	-1.830590000000000117e+01	-1.730973865913965071e-01	-4.488413684456086794e-01
3.540000000000000000e+02	-1.839828999999999937e+01	-1.739610259815480842e-01	-4.355143454415589255e-01
3.550000000000000000e+02	-1.842770000000000152e+01	-1.747985720997959069e-01	-4.221221910143039824e-01
3.560000000000000000e+02	-1.848445000000000249e+01	-1.756098996906316767e-01	-4.086669079683133421e-01
3.570000000000000000e+02	-1.853841000000000250e+01	-1.763948874195431504e-01	-3.951505085489793179e-01
3.580000000000000000e+02	-1.858958000000000155e+01	-1.771534178911598478e-01	-3.815750141416801577e-01
3.590000000000000000e+02	-1.863795000000000002e+01	-1.778853776668092856e-01	-3.679424549694869651e-01
3.600000000000000000e+02	-1.868351000000000184e+01	-1.785906572814820181e-01	-3.542548697895386289e-01
3.610000000000000000e+02	-1.872625000000000028e+01	-1.792691512602022919e-01	-3.405143055881451053e-01
3.620000000000000000e+02	-1.876618000000000208e+01	-1.799207581338016504e-01	-3.267228172746601822e-01
3.630000000000000000e+02	-1.880328000000000088e+01	-1.805453804540938234e-01	-3.128824673741679718e-01
3.640000000000000000e+02	-1.883754000000000062e+01	-1.811429248084481802e-01	-2.989953257190323122e-01
3.650000000000000000e+02	-1.886898000000000053e+01	-1.817133018337596662e-01	-2.850634691393481024e-01
3.660000000000000000e+02	-1.891079000000000221e+01	-1.822564262298129456e-01	-2.710889811523561899e-01
3.670000000000000000e+02	-1.892330000000000112e+01	-1.827722167720393087e-01	-2.570739516508480649e-01
3.680000000000000000e+02	-1.894620000000000104e+01	-1.832605963236636770e-01	-2.430204765906224529e-01
3.690000000000000000e+02	-1.897518000000000171e+01	-1.837214918472405978e-01	-2.289306576770334667e-01
3.700000000000000000e+02	-1.898341000000000278e+01	-1.841548344155769235e-01	-2.148066020506797236e-01
3.710000000000000000e+02	-1.899773000000000067e+01	-1.845605592220400104e-01	-2.006504219722811400e-01
3.720000000000000000e+02	-1.900919000000000025e+01	-1.849386055902494386e-01	-1.864642345067848983e-01
3.730000000000000000e+02	-1.901779000000000153e+01	-1.852889169831514193e-01	-1.722501612067635357e-01
3.740000000000000000e+02	-1.902352000000000132e+01	-1.856114410114737823e-01	-1.580103277951312446e-01
3.750000000000000000e+02	-1.902639000000000280e+01	-1.859061294415607635e-01	-1.437468638472419458e-01
3.760000000000000000e+02	-1.902639000000000280e+01	-1.861729382025866242e-01	-1.294619024724098511e-01
3.770000000000000000e+02	-1.903377000000000052e+01	-1.864118273931462400e-01	-1.151575799949019346e-01
3.780000000000000000e+02	-1.902803000000000111e+01	-1.866227612872224384e-01	-1.008360356344503300e-01
3.790000000000000000e+02	-1.901942999999999984e+01	-1.868057083395289475e-01	-8.649941118632668846e-02
3.800000000000000000e+02	-1.900797000000000025e+01	-1.869606411902278442e-01	-7.214985070104158738e-02
3.810000000000000000e+02	-1.899364000000000274e+01	-1.870875366690213926e-01	-5.778950016369645282e-02
3.820000000000000000e+02	-1.897644999999999982e+01	-1.871863757986170496e-01	-4.342050717305127178e-02
3.830000000000000000e+02	-1.895640000000000214e+01	-1.872571437975655839e-01	-2.904502062034992546e-02
3.840000000000000000e+02	-1.893350000000000222e+01	-1.872998300824716966e-01	-1.466519036795332388e-02
3.850000000000000000e+02	-1.890775000000000006e+01	-1.873144282695766993e-01	-2.831669278220524835e-04
3.860000000000000000e+02	-1.887915000000000276e+01	-1.873009361757131952e-01	1.409889886008767156e-02
3.870000000000000000e+02	-1.884769999999999968e+01	-1.872593558186317064e-01	2.847885614948754418e-02
3.880000000000000000e+02	-1.881341000000000108e+01	-1.871896934166987214e-01	4.285455440941642047e-02
3.890000000000000000e+02	-1.877628999999999948e+01	-1.870919593879669385e-01	5.722384374585351430e-02
3.900000000000000000e+02	-1.873634000000000199e+01	-1.869661683486170678e-01	7.158457522323624644e-02
3.910000000000000000e+02	-1.869357000000000113e+01	-1.868123391107721076e-01	8.593460118583380603e-02
3.920000000000000000e+02	-1.864799000000000007e+01	-1.866304946796838726e-01	1.002717755789344078e-01
3.930000000000000000e+02	-1.859959000000000273e+01	-1.864206622502925514e-01	1.145939542697828883e-01
3.940000000000000000e+02	-1.854840000000000089e+01	-1.861828732031598488e-01	1.288989953682410927e-01
3.950000000000000000e+02	-1.849441000000000201e+01	-1.859171630997757674e-01	1.431847595471076595e-01
3.960000000000000000e+02	-1.843763000000000218e+01	-1.856235716772405842e-01	1.574491103620559163e-01
3.970000000000000000e+02	-1.837808000000000064e+01	-1.853021428423219374e-01	1.716899145711400509e-01
3.980000000000000000e+02	-1.831576000000000093e+01	-1.849529246648887737e-01	1.859050424538218615e-01
3.990000000000000000e+02	-1.825068000000000268e+01	-1.845759693707221538e-01	2.000923681294757839e-01
4.000000000000000000e+02	-1.818285000000000196e+01	-1.841713333337052505e-01	2.142497698753092483e-01
4.010000000000000000e+02	-1.811229000000000156e+01	-1.837390770673922868e-01	2.283751304436719143e-01
4.020000000000000000e+02	-1.803899000000000186e+01	-1.832792652159588587e-01	2.424663373786901110e-01
4.030000000000000000e+02	-1.796298000000000172e+01	-1.827919665445343067e-01	2.565212833321858232e-01
4.040000000000000000e+02	-1.788426000000000116e+01	-1.822772539289178317e-01	2.705378663788318705e-01
4.050000000000000000e+02	-1.780283999999999978e+01	-1.817352043446799625e-01	2.845139903304950701e-01
4.060000000000000000e+02	-1.771875000000000000e+01	-1.811658988556506533e-01	2.984475650497264709e-01
4.070000000000000000e+02	-1.763199000000000183e+01	-1.805694226017963144e-01	3.123365067623364300e-01
4.080000000000000000e+02	-1.754257000000000133e+01	-1.799458647864870531e-01	3.261787383690284425e-01
4.090000000000000000e+02	-1.745051000000000130e+01	-1.792953186631561224e-01	3.399721897560293304e-01
4.100000000000000000e+02	-1.735582000000000136e+01	-1.786178815213539939e-01	3.537147981046762091e-01
4.110000000000000000e+02	-1.725852000000000075e+01	-1.779136546721984680e-01	3.674045081999120499e-01
4.120000000000000000e+02	-1.715860999999999947e+01	-1.771827434332237938e-01	3.810392727376433197e-01
4.130000000000000000e+02	-1.705611999999999995e+01	-1.764252571126299352e-01	3.946170526309195625e-01
4.140000000000000000e+02	-1.695107000000000141e+01	-1.756413089929360072e-01	4.081358173148739166e-01
4.150000000000000000e+02	-1.684345000000000070e+01	-1.748310163140384399e-01	4.215935450503994764e-01
4.160000000000000000e+02	-1.673330999999999946e+01	-1.739945002556777531e-01	4.349882232265002147e-01
4.170000000000000000e+02	-1.662064000000000163e+01	-1.731318859193161641e-01	4.483178486612784397e-01
4.180000000000000000e+02	-1.650546000000000291e+01	-1.722433023094284699e-01	4.615804279015116030e-01
4.190000000000000000e+02	-1.638780000000000214e+01	-1.713288823142094519e-01	4.747739775207736046e-01
4.200000000000000000e+02	-1.626768000000000214e+01	-1.703887626857001902e-01	4.878965244160612391e-01
4.210000000000000000e+02	-1.614510000000000289e+01	-1.694230840193369225e-01	5.009461061028666062e-01
4.220000000000000000e+02	-1.602008999999999972e+01	-1.684319907329249466e-01	5.139207710086725056e-01
4.230000000000000000e+02	-1.589267000000000074e+01	-1.674156310450405361e-01	5.268185787648095308e-01
4.240000000000000000e+02	-1.576286000000000165e+01	-1.663741569528651432e-01	5.396376004966398909e-01
4.250000000000000000e+02	-1.556368000000000151e+01	-1.653077242094538879e-01	5.523759191120211076e-01
4.260000000000000000e+02	-1.549612000000000123e+01	-1.642164923004427179e-01	5.650316295880080109e-01
4.270000000000000000e+02	-1.535924000000000156e+01	-1.631006244201970712e-01	5.776028392557532865e-01
4.280000000000000000e+02	-1.522005000000000052e+01	-1.619602874474062870e-01	5.900876680835518417e-01
4.290000000000000000e+02	-1.507856000000000130e+01	-1.607956519201267087e-01	6.024842489580038984e-01
4.300000000000000000e+02	-1.493480000000000096e+01	-1.596068920102775845e-01	6.147907279632432997e-01
4.310000000000000000e+02	-1.478880000000000194e+01	-1.583941854975935981e-01	6.270052646581896205e-01
4.320000000000000000e+02	-1.464057000000000031e+01	-1.571577137430377469e-01	6.391260323517887754e-01
4.330000000000000000e+02	-1.449012000000000100e+01	-1.558976616616788990e-01	6.511512183761946071e-01
4.340000000000000000e+02	-1.433750000000000036e+01	-1.546142176950371927e-01	6.630790243578574827e-01
4.350000000000000000e+02	-1.418272000000000155e+01	-1.533075737829029950e-01	6.749076664864671615e-01
4.360000000000000000e+02	-1.402580000000000027e+01	-1.519779253346320302e-01	6.866353757817258430e-01
4.370000000000000000e+02	-1.386677000000000071e+01	-1.506254711999216178e-01	6.982603983578997697e-01
4.380000000000000000e+02	-1.370565000000000033e+01	-1.492504136390728486e-01	7.097809956861136360e-01
4.390000000000000000e+02	-1.354246000000000194e+01	-1.478529582927421981e-01	7.211954448543486107e-01
4.400000000000000000e+02	-1.337724000000000046e+01	-1.464333141511881820e-01	7.325020388251037851e-01
4.410000000000000000e+02	-1.321000000000000085e+01	-1.449916935230161352e-01	7.436990866906884046e-01
4.420000000000000000e+02	-1.304077000000000197e+01	-1.435283120034280546e-01	7.547849139260925933e-01
4.430000000000000000e+02	-1.286958000000000091e+01	-1.420433884419798065e-01	7.657578626394174748e-01
4.440000000000000000e+02	-1.269644000000000084e+01	-1.405371449098520853e-01	7.766162918198120657e-01
4.450000000000000000e+02	-1.252140000000000164e+01	-1.390098066666395349e-01	7.873585775828887412e-01
4.460000000000000000e+02	-1.234447000000000116e+01	-1.374616021266632793e-01	7.979831134135750847e-01
4.470000000000000000e+02	-1.216568000000000183e+01	-1.358927628248111086e-01	8.084883104063683712e-01
4.480000000000000000e+02	-1.198505000000000109e+01	-1.343035233819112328e-01	8.188725975029609305e-01
4.490000000000000000e+02	-1.180262000000000100e+01	-1.326941214696450988e-01	8.291344217271882089e-01
4.500000000000000000e+02	-1.161842000000000041e+01	-1.310647977750030724e-01	8.392722484172796538e-01
4.510000000000000000e+02	-1.143246000000000073e+01	-1.294157959642895928e-01	8.492845614553680145e-01
4.520000000000000000e+02	-1.124478000000000044e+01	-1.277473626466828494e-01	8.591698634942257495e-01
4.530000000000000000e+02	-1.105541000000000196e+01	-1.260597473373540611e-01	8.689266761811936801e-01
4.540000000000000000e+02	-1.086437000000000097e+01	-1.243532024201526726e-01	8.785535403792698039e-01
4.550000000000000000e+02	-1.067169000000000167e+01	-1.226279831098615603e-01	8.880490163853250740e-01
4.560000000000000000e+02	-1.047741000000000078e+01	-1.208843474140302993e-01	8.974116841454097271e-01
4.570000000000000000e+02	-1.028154000000000146e+01	-1.191225560943895007e-01	9.066401434671244042e-01
4.580000000000000000e+02	-1.008413000000000181e+01	-1.173428726278538253e-01	9.157330142290198705e-01
4.590000000000000000e+02	-9.885204000000001656e+00	-1.155455631671189615e-01	9.246889365869949140e-01
4.600000000000000000e+02	-9.684784000000000503e+00	-1.137308965008581724e-01	9.335065711776611153e-01
4.610000000000000000e+02	-9.482905000000000584e+00	-1.118991440135250759e-01	9.421845993186457324e-01
4.620000000000000000e+02	-9.279600000000000293e+00	-1.100505796447673462e-01	9.507217232058031708e-01
4.630000000000000000e+02	-9.074895000000001488e+00	-1.081854798484596925e-01	9.591166661072993982e-01
4.640000000000000000e+02	-8.868822000000001538e+00	-1.063041235513594446e-01	9.673681725545496546e-01
4.650000000000000000e+02	-8.661414000000000613e+00	-1.044067921113930597e-01	9.754750085299741524e-01
4.660000000000000000e+02	-8.452699000000000851e+00	-1.024937692755789748e-01	9.834359616515460090e-01
4.670000000000000000e+02	-8.242712000000000927e+00	-1.005653411375928424e-01	9.912498413541044329e-01
4.680000000000000000e+02	-8.031483000000001482e+00	-9.862179609498246402e-02	9.989154790674026341e-01
4.690000000000000000e+02	-7.819045000000000911e+00	-9.666342480603702658e-02	1.006431728390871250e+00
4.700000000000000000e+02	-7.605429000000000883e+00	-9.469052014631992864e-02	1.013797465265060094e+00
4.710000000000000000e+02	-7.390666000000001290e+00	-9.270337716486834467e-02	1.021011588139742798e+00
4.720000000000000000e+02	-7.174790000000001555e+00	-9.070229304006889592e-02	1.028073018138655481e+00
4.730000000000000000e+02	-6.957832000000001571e+00	-8.868756703521417373e-02	1.034980699220842348e+00
4.740000000000000000e+02	-6.739826000000000761e+00	-8.665950045374802568e-02	1.041733598338586475e+00
4.750000000000000000e+02	-6.520805000000001073e+00	-8.461839659420486437e-02	1.048330705591905332e+00
4.760000000000000000e+02	-6.300801000000000762e+00	-8.256456070485200527e-02	1.054771034379578643e+00
4.770000000000000000e+02	-6.079848000000001029e+00	-8.049829993803910011e-02	1.061053621546697245e+00
4.780000000000000000e+02	-5.857979000000001157e+00	-7.841992330426340863e-02	1.067177527528702763e+00
4.790000000000000000e+02	-5.635226000000001179e+00	-7.632974162595715373e-02	1.073141836491900092e+00
4.800000000000000000e+02	-5.411625000000000796e+00	-7.422806749100381574e-02	1.078945656470421621e+00
4.810000000000000000e+02	-5.187207000000000789e+00	-7.211521520599058210e-02	1.084588119499619197e+00
4.820000000000000000e+02	-4.962009000000001002e+00	-6.999150074920301723e-02	1.090068381745872061e+00
4.830000000000000000e+02	-4.736063000000001466e+00	-6.785724172337125049e-02	1.095385623632779026e+00
4.840000000000000000e+02	-4.509401000000001325e+00	-6.571275730817166538e-02	1.100539049963729088e+00
4.850000000000000000e+02	-4.282063000000000841e+00	-6.355836821249358226e-02	1.105527890040822303e+00
4.860000000000000000e+02	-4.054076000000001123e+00	-6.139439662647700607e-02	1.110351397780129146e+00
4.870000000000000000e+02	-3.825480000000001102e+00	-5.922116617332894711e-02	1.115008851823266589e+00
4.880000000000000000e+02	-3.596306000000001113e+00	-5.703900186092555197e-02	1.119499555645278255e+00
4.890000000000000000e+02	-3.366592000000001139e+00	-5.484823003320629664e-02	1.123822837658801088e+00
4.900000000000000000e+02	-3.136368000000000933e+00	-5.264917832137007425e-02	1.127978051314499464e+00
4.910000000000000000e+02	-2.905673000000001061e+00	-5.044217559487707003e-02	1.131964575197759393e+00
4.920000000000000000e+02	-2.674540000000001250e+00	-4.822755191226635318e-02	1.135781813121619077e+00
4.930000000000000000e+02	-2.443002000000001228e+00	-4.600563847179537508e-02	1.139429194215931140e+00
4.940000000000000000e+02	-2.211096000000001283e+00	-4.377676756190913843e-02	1.142906173012735449e+00
4.950000000000000000e+02	-1.978857000000001198e+00	-4.154127251154637185e-02	1.146212229527833859e+00
4.960000000000000000e+02	-1.746320000000001205e+00	-3.929948764028939889e-02	1.149346869338555788e+00
4.970000000000000000e+02	-1.513518000000001029e+00	-3.705174820836736743e-02	1.152309623657697513e+00
4.980000000000000000e+02	-1.280488000000001181e+00	-3.479839036651728029e-02	1.155100049403630091e+00
4.990000000000000000e+02	-1.047265000000001223e+00	-3.253975110571261792e-02	1.157717729266563911e+00
5.000000000000000000e+02	-8.138838000000011563e-01	-3.027616820676611031e-02	1.160162271770955211e+00
5.010000000000000000e+02	-5.803793000000011526e-01	-2.800798018981445064e-02	1.162433311334053476e+00
5.020000000000000000e+02	-3.467868000000011164e-01	-2.573552626369258328e-02	1.164530508320573032e+00
5.030000000000000000e+02	-1.131414000000011411e-01	-2.345914627520412354e-02	1.166453549093487974e+00
5.040000000000000000e+02	1.205213999999988628e-01	-2.117918065829810931e-02	1.168202146060933533e+00
5.050000000000000000e+02	3.541667999999988381e-01	-1.889597038315621313e-02	1.169776037719218120e+00
5.060000000000000000e+02	5.877592999999988743e-01	-1.660985690520063937e-02	1.171174988691930929e+00
5.070000000000000000e+02	8.212637999999988780e-01	-1.432118211402925133e-02	1.172398789765141336e+00
5.080000000000000000e+02	1.054078999999998878e+00	-1.203028828228579379e-02	1.173447257918688313e+00
5.090000000000000000e+02	1.287176999999998905e+00	-9.737518014472984137e-03	1.174320236353550984e+00
5.100000000000000000e+02	1.520080999999998905e+00	-7.443214195715140355e-03	1.175017594515297636e+00
5.110000000000000000e+02	1.752756999999998788e+00	-5.147719940480521839e-03	1.175539228113610557e+00
