0.000000000000000000e+00	1.374784999999999924e+00	-9.561624850959763930e-03	1.424329479954917099e+00
1.000000000000000000e+00	1.647168999999999883e+00	-6.779019125126953781e-03	1.425023331245693914e+00
2.000000000000000000e+00	1.919306999999999874e+00	-3.995265978480599944e-03	1.425504424249161017e+00
3.000000000000000000e+00	2.191157000000000021e+00	-1.210781029866225345e-03	1.425772687137355055e+00
4.000000000000000000e+00	2.598303000000000029e+00	1.574019992611431920e-03	1.425828079858193265e+00
5.000000000000000000e+00	2.869257000000000168e+00	4.358721313657294878e-03	1.425670594141452918e+00
6.000000000000000000e+00	3.139778999999999876e+00	7.142907172861867604e-03	1.425300253500005443e+00
7.000000000000000000e+00	3.409828000000000081e+00	9.926161886774953133e-03	1.424717113226308340e+00
8.000000000000000000e+00	3.544664000000000037e+00	1.270806991096782960e-02	1.423921260384146903e+00
9.000000000000000000e+00	3.813931999999999878e+00	1.548821590207474959e-02	1.422912813795636833e+00
1.000000000000000000e+01	4.082627999999999702e+00	1.826618477980435085e-02	1.421691924023484876e+00
1.100000000000000000e+01	4.350710000000000299e+00	2.104156178891180076e-02	1.420258773348507475e+00
1.200000000000000000e+01	4.618138000000000076e+00	2.381393256112245352e-02	1.418613575742417643e+00
1.300000000000000000e+01	4.884870000000000267e+00	2.658288317699770975e-02	1.416756576835877857e+00
1.400000000000000000e+01	5.150870999999999533e+00	2.934800022773381353e-02	1.414688053881827168e+00
1.500000000000000000e+01	5.416096999999999717e+00	3.210887087688448632e-02	1.412408315714087204e+00
1.600000000000000000e+01	5.680508999999999808e+00	3.486508292199809456e-02	1.409917702701251940e+00
1.700000000000000000e+01	6.075514000000000081e+00	3.761622485616009787e-02	1.407216586695871241e+00
1.800000000000000000e+01	6.206731999999999694e+00	4.036188592943171227e-02	1.404305370978931711e+00
1.900000000000000000e+01	6.468461999999999712e+00	4.310165621017558041e-02	1.401184490199646859e+00
2.000000000000000000e+01	6.729220999999999897e+00	4.583512664625914723e-02	1.397854410310562567e+00
2.100000000000000000e+01	6.988968999999999987e+00	4.856188912612689063e-02	1.394315628497990289e+00
2.200000000000000000e+01	7.247664999999999580e+00	5.128153653973198389e-02	1.390568673107776432e+00
2.300000000000000000e+01	7.505270999999999582e+00	5.399366283931846672e-02	1.386614103566418343e+00
2.400000000000000000e+01	7.889552000000000120e+00	5.669786310004491098e-02	1.382452510297542458e+00
2.500000000000000000e+01	8.017060000000000741e+00	5.939373358044028328e-02	1.378084514633752367e+00
2.600000000000000000e+01	8.271164999999999878e+00	6.208087178268321266e-02	1.373510768723862352e+00
2.700000000000000000e+01	8.524022999999999683e+00	6.475887651269557344e-02	1.368731955435531944e+00
2.800000000000000000e+01	8.900900000000000034e+00	6.742734794004147381e-02	1.363748788253311250e+00
2.900000000000000000e+01	9.150484000000000506e+00	7.008588765762240047e-02	1.358562011172117057e+00
3.000000000000000000e+01	9.274760999999999811e+00	7.273409874116026907e-02	1.353172398586153902e+00
3.100000000000000000e+01	9.522266999999999371e+00	7.537158580845869371e-02	1.347580755173294564e+00
3.200000000000000000e+01	9.768340999999999497e+00	7.799795507843430842e-02	1.341787915774940831e+00
3.300000000000000000e+01	1.001294500000000021e+01	8.061281442990883561e-02	1.335794745271380757e+00
3.400000000000000000e+01	1.025604500000000030e+01	8.321577346015344989e-02	1.329602138452660176e+00
3.500000000000000000e+01	1.049759500000000045e+01	8.580644354317645828e-02	1.323211019884989348e+00
3.600000000000000000e+01	1.085695499999999925e+01	8.838443788774597021e-02	1.316622343772703596e+00
3.700000000000000000e+01	1.097593499999999977e+01	9.094937159513823144e-02	1.309837093815798603e+00
3.800000000000000000e+01	1.121263500000000057e+01	9.350086171660382250e-02	1.302856283063063447e+00
3.900000000000000000e+01	1.144766500000000065e+01	9.603852731054239589e-02	1.295680953760830034e+00
4.000000000000000000e+01	1.168095499999999909e+01	9.856198949937793052e-02	1.288312177197363795e+00
4.100000000000000000e+01	1.191250499999999946e+01	1.010708715261257051e-01	1.280751053542919626e+00
4.200000000000000000e+01	1.214225500000000046e+01	1.035647988106428025e-01	1.272998711685483952e+00
4.300000000000000000e+01	1.237017499999999970e+01	1.060433990055535541e-01	1.265056309062229767e+00
4.400000000000000000e+01	1.259623500000000007e+01	1.085063020518414745e-01	1.256925031486709976e+00
4.500000000000000000e+01	1.282039499999999954e+01	1.109531402340997452e-01	1.248606092971813020e+00
4.600000000000000000e+01	1.304263500000000064e+01	1.133835482354317581e-01	1.240100735548508970e+00
4.700000000000000000e+01	1.326290499999999994e+01	1.157971631919934991e-01	1.231410229080412977e+00
4.800000000000000000e+01	1.348118499999999997e+01	1.181936247471696150e-01	1.222535871074190927e+00
4.900000000000000000e+01	1.380479500000000037e+01	1.205725751053753902e-01	1.213478986485841071e+00
5.000000000000000000e+01	1.391162500000000080e+01	1.229336590854761130e-01	1.204240927522875593e+00
5.100000000000000000e+01	1.412372500000000031e+01	1.252765241738161284e-01	1.194823073442433659e+00
5.200000000000000000e+01	1.443786500000000039e+01	1.276008205768499326e-01	1.185226830345356142e+00
5.300000000000000000e+01	1.454150500000000079e+01	1.299062012733665505e-01	1.175453630966252438e+00
5.400000000000000000e+01	1.474712500000000048e+01	1.321923220663007992e-01	1.165504934459590691e+00
5.500000000000000000e+01	1.505139499999999941e+01	1.344588416341220560e-01	1.155382226181844940e+00
5.600000000000000000e+01	1.515168500000000051e+01	1.367054215817944118e-01	1.145087017469726520e+00
5.700000000000000000e+01	1.535056499999999957e+01	1.389317264912994232e-01	1.134620845414541668e+00
5.800000000000000000e+01	1.564453499999999941e+01	1.411374239717146650e-01	1.123985272632699761e+00
5.900000000000000000e+01	1.574135500000000043e+01	1.433221847088401724e-01	1.113181887032412609e+00
6.000000000000000000e+01	1.593320499999999917e+01	1.454856825143655830e-01	1.102212301576616982e+00
6.100000000000000000e+01	1.612266499999999780e+01	1.476275943745706531e-01	1.091078154042156578e+00
6.200000000000000000e+01	1.630969499999999783e+01	1.497476004985516806e-01	1.079781106775260291e+00
6.300000000000000000e+01	1.649427500000000180e+01	1.518453843659666458e-01	1.068322846443349849e+00
6.400000000000000000e+01	1.667636499999999700e+01	1.539206327742925762e-01	1.056705083783218146e+00
6.500000000000000000e+01	1.685595500000000158e+01	1.559730358855868637e-01	1.044929553345613771e+00
6.600000000000000000e+01	1.703300500000000284e+01	1.580022872727467054e-01	1.032998013236269719e+00
6.700000000000000000e+01	1.720748499999999837e+01	1.600080839652590903e-01	1.020912244853414697e+00
6.800000000000000000e+01	1.737938499999999920e+01	1.619901264944349495e-01	1.008674052621808981e+00
6.900000000000000000e+01	1.754866499999999974e+01	1.639481189381201132e-01	9.962852637233385877e-01
7.000000000000000000e+01	1.779761500000000041e+01	1.658817689648770521e-01	9.837477278242164891e-01
7.100000000000000000e+01	1.787927499999999981e+01	1.677907878776305484e-01	9.710633167988225178e-01
7.200000000000000000e+01	1.812017500000000325e+01	1.696748906567704107e-01	9.582339244502311448e-01
7.300000000000000000e+01	1.819911499999999904e+01	1.715337960027055464e-01	9.452614662274619883e-01
7.400000000000000000e+01	1.835494500000000073e+01	1.733672263778623657e-01	9.321478789395017950e-01
7.500000000000000000e+01	1.858349499999999921e+01	1.751749080481215526e-01	9.188951204661340855e-01
7.600000000000000000e+01	1.865828499999999934e+01	1.769565711236871508e-01	9.055051694656259809e-01
7.700000000000000000e+01	1.880575499999999778e+01	1.787119495993813867e-01	8.919800250793106233e-01
7.800000000000000000e+01	1.902164499999999947e+01	1.804407813943598171e-01	8.783217066331119316e-01
7.900000000000000000e+01	1.909218500000000063e+01	1.821428083912402518e-01	8.645322533360563222e-01
8.000000000000000000e+01	1.923109500000000338e+01	1.838177764746402598e-01	8.506137239758159163e-01
8.100000000000000000e+01	1.936711499999999830e+01	1.854654355691169321e-01	8.365681966113274193e-01
8.200000000000000000e+01	1.950021499999999719e+01	1.870855396765035705e-01	8.223977682625349672e-01
8.300000000000000000e+01	1.963038499999999686e+01	1.886778469126375868e-01	8.081045545973011279e-01
8.400000000000000000e+01	1.975760499999999809e+01	1.902421195434741419e-01	7.936906896155356828e-01
8.500000000000000000e+01	1.988184499999999844e+01	1.917781240205804483e-01	7.791583253305842671e-01
8.600000000000000000e+01	2.006258499999999856e+01	1.932856310160046276e-01	7.645096314479306043e-01
8.700000000000000000e+01	2.017930499999999938e+01	1.947644154565149888e-01	7.497467950412546323e-01
8.800000000000000000e+01	2.023653500000000349e+01	1.962142565572037034e-01	7.348720202259003687e-01
8.900000000000000000e+01	2.040362499999999812e+01	1.976349378544502988e-01	7.198875278297975910e-01
9.000000000000000000e+01	2.045779499999999729e+01	1.990262472382401948e-01	7.047955550618867360e-01
9.100000000000000000e+01	2.061566499999999991e+01	2.003879769838329550e-01	6.895983551781034171e-01
9.200000000000000000e+01	2.066674499999999881e+01	2.017199237827759228e-01	6.742981971449603096e-01
9.300000000000000000e+01	2.081529499999999899e+01	2.030218887732585242e-01	6.588973653007891285e-01
9.400000000000000000e+01	2.086324499999999915e+01	2.042936775698027396e-01	6.433981590146835572e-01
9.500000000000000000e+01	2.095679499999999962e+01	2.055351002922850001e-01	6.278028923432014130e-01
9.600000000000000000e+01	2.109119499999999903e+01	2.067459715942857046e-01	6.121138936848711243e-01
9.700000000000000000e+01	2.113441499999999706e+01	2.079261106907618339e-01	5.963335054325574758e-01
9.800000000000000000e+01	2.121845499999999873e+01	2.090753413850381659e-01	5.804640836237405788e-01
9.900000000000000000e+01	2.129931500000000000e+01	2.101934920951140096e-01	5.645079975887534740e-01
1.000000000000000000e+02	2.137695500000000237e+01	2.112803958792805747e-01	5.484676295970389859e-01
1.010000000000000000e+02	2.145137499999999875e+01	2.123358904610455622e-01	5.323453745014721239e-01
1.020000000000000000e+02	2.152257500000000334e+01	2.133598182533614218e-01	5.161436393808045420e-01
1.030000000000000000e+02	2.159053500000000270e+01	2.143520263821532823e-01	4.998648431802850678e-01
1.040000000000000000e+02	2.165524500000000074e+01	2.153123667091433324e-01	4.835114163505049856e-01
1.050000000000000000e+02	2.171669500000000141e+01	2.162406958539681012e-01	4.670858004845303002e-01
1.060000000000000000e+02	2.177487500000000153e+01	2.171368752155853343e-01	4.505904479533667240e-01
1.070000000000000000e+02	2.182977499999999793e+01	2.180007709929674686e-01	4.340278215398161166e-01
1.080000000000000000e+02	2.188139499999999771e+01	2.188322542050781250e-01	4.174003940707807225e-01
1.090000000000000000e+02	2.192972499999999769e+01	2.196312007101294539e-01	4.007106480480639443e-01
1.100000000000000000e+02	2.197473500000000257e+01	2.203974912241165318e-01	3.839610752777314340e-01
1.110000000000000000e+02	2.201645500000000055e+01	2.211310113386267262e-01	3.671541764980775779e-01
1.120000000000000000e+02	2.205485500000000343e+01	2.218316515379209208e-01	3.502924610062635447e-01
1.130000000000000000e+02	2.208993499999999699e+01	2.224993072152846030e-01	3.333784462836744122e-01
1.140000000000000000e+02	2.212169500000000255e+01	2.231338786886457037e-01	3.164146576200538852e-01
1.150000000000000000e+02	2.216308500000000237e+01	2.237352712154572765e-01	2.994036277364768850e-01
1.160000000000000000e+02	2.218650499999999681e+01	2.243033950068427929e-01	2.823478964072075881e-01
1.170000000000000000e+02	2.219696499999999872e+01	2.248381652410015863e-01	2.652500100805090799e-01
1.180000000000000000e+02	2.222332500000000266e+01	2.253395020758731104e-01	2.481125214984539751e-01
1.190000000000000000e+02	2.223044500000000312e+01	2.258073306610574038e-01	2.309379893157945396e-01
1.200000000000000000e+02	2.224216499999999996e+01	2.262415811489903172e-01	2.137289777179537109e-01
1.210000000000000000e+02	2.225053499999999929e+01	2.266421887053718665e-01	1.964880560381856989e-01
1.220000000000000000e+02	2.225682499999999919e+01	2.270090935188462111e-01	1.792177983739728087e-01
1.230000000000000000e+02	2.225724499999999750e+01	2.273422408099315117e-01	1.619207832027058647e-01
1.240000000000000000e+02	2.225556499999999716e+01	2.276415808391985540e-01	1.445995929967159033e-01
1.250000000000000000e+02	2.225053499999999929e+01	2.279070689146970030e-01	1.272568138377055125e-01
1.260000000000000000e+02	2.224216499999999996e+01	2.281386653986279822e-01	1.098950350306420881e-01
1.270000000000000000e+02	2.223044500000000312e+01	2.283363357132619786e-01	9.251684871717236192e-02
1.280000000000000000e+02	2.221537500000000165e+01	2.285000503461014354e-01	7.512484948860910505e-02
1.290000000000000000e+02	2.218650499999999681e+01	2.286297848542869493e-01	5.772163399855655824e-02
1.300000000000000000e+02	2.217520499999999828e+01	2.287255198682467128e-01	4.030980057522492999e-02
1.310000000000000000e+02	2.215011499999999955e+01	2.287872410945883672e-01	2.289194883349487258e-02
1.320000000000000000e+02	2.210622500000000201e+01	2.288149393182330460e-01	5.470679286792953962e-03
1.330000000000000000e+02	2.208993499999999699e+01	2.288086104037911350e-01	-1.195140704117170737e-02
1.340000000000000000e+02	2.205485500000000343e+01	2.287682552961798066e-01	-2.937170900474227880e-02
1.350000000000000000e+02	2.201645500000000055e+01	2.286938800204818822e-01	-4.678762572467041331e-02
1.360000000000000000e+02	2.195264499999999686e+01	2.285854956810462746e-01	-6.419655697643270043e-02
1.370000000000000000e+02	2.192972499999999769e+01	2.284431184598301190e-01	-8.159590357844612174e-02
1.380000000000000000e+02	2.188139499999999771e+01	2.282667696139826785e-01	-9.898306778013267471e-02
1.390000000000000000e+02	2.180273499999999842e+01	2.280564754726717991e-01	-1.163554536497650865e-01
1.400000000000000000e+02	2.177487500000000153e+01	2.278122674331527486e-01	-1.337104674620462619e-01
1.410000000000000000e+02	2.168637499999999818e+01	2.275341819560806611e-01	-1.510455180853544632e-01
1.420000000000000000e+02	2.162329499999999882e+01	2.272222605600669187e-01	-1.683580173686042292e-01
1.430000000000000000e+02	2.159053500000000270e+01	2.268765498154801941e-01	-1.856453805276626623e-01
1.440000000000000000e+02	2.152257500000000334e+01	2.264971013374936226e-01	-2.029050265312594969e-01
1.450000000000000000e+02	2.141456500000000318e+01	2.260839717783784397e-01	-2.201343784863419861e-01
1.460000000000000000e+02	2.137695500000000237e+01	2.256372228190457740e-01	-2.373308640228067312e-01
1.470000000000000000e+02	2.125928499999999843e+01	2.251569211598375697e-01	-2.544919156775598545e-01
1.480000000000000000e+02	2.121845499999999873e+01	2.246431385105680523e-01	-2.716149712778441749e-01
1.490000000000000000e+02	2.113441499999999706e+01	2.240959515798174595e-01	-2.886974743237736840e-01
1.500000000000000000e+02	2.104718499999999892e+01	2.235154420634792305e-01	-3.057368743700255576e-01
1.510000000000000000e+02	2.095679499999999962e+01	2.229016966325626792e-01	-3.227306274066232827e-01
1.520000000000000000e+02	2.086324499999999915e+01	2.222548069202530119e-01	-3.396761962387637168e-01
1.530000000000000000e+02	2.076655499999999677e+01	2.215748695082300768e-01	-3.565710508656227407e-01
1.540000000000000000e+02	2.066674499999999881e+01	2.208619859122488427e-01	-3.734126688580889364e-01
1.550000000000000000e+02	2.056381499999999818e+01	2.201162625669827455e-01	-3.901985357353672246e-01
1.560000000000000000e+02	2.040362499999999812e+01	2.193378108101329549e-01	-4.069261453403933415e-01
1.570000000000000000e+02	2.034869499999999931e+01	2.185267468658052825e-01	-4.235930002140087525e-01
1.580000000000000000e+02	2.023653500000000349e+01	2.176831918271580069e-01	-4.401966119678337730e-01
1.590000000000000000e+02	2.012132499999999879e+01	2.168072716383221687e-01	-4.567345016557890491e-01
1.600000000000000000e+02	2.000309500000000185e+01	2.158991170755982236e-01	-4.732042001442063328e-01
1.610000000000000000e+02	1.988184499999999844e+01	2.149588637279306047e-01	-4.896032484804728746e-01
1.620000000000000000e+02	1.975760499999999809e+01	2.139866519766643327e-01	-5.059291982601589188e-01
1.630000000000000000e+02	1.956567499999999882e+01	2.129826269745856981e-01	-5.221796119925665725e-01
1.640000000000000000e+02	1.950021499999999719e+01	2.119469386242508468e-01	-5.383520634646519198e-01
1.650000000000000000e+02	1.936711499999999830e+01	2.108797415556049604e-01	-5.544441381032632066e-01
1.660000000000000000e+02	1.923109500000000338e+01	2.097811951028957789e-01	-5.704534333356393594e-01
1.670000000000000000e+02	1.909218500000000063e+01	2.086514632808849079e-01	-5.863775589481180495e-01
1.680000000000000000e+02	1.895039500000000032e+01	2.074907147603597679e-01	-6.022141374430005634e-01
1.690000000000000000e+02	1.873237499999999756e+01	2.062991228429511825e-01	-6.179608043935126416e-01
1.700000000000000000e+02	1.865828499999999934e+01	2.050768654352590203e-01	-6.336152087968196511e-01
1.710000000000000000e+02	1.843182500000000346e+01	2.038241250222903311e-01	-6.491750134250345861e-01
1.720000000000000000e+02	1.835494500000000073e+01	2.025410886402142785e-01	-6.646378951741688246e-01
1.730000000000000000e+02	1.819911499999999904e+01	2.012279478484369777e-01	-6.800015454109782365e-01
1.740000000000000000e+02	1.804055499999999768e+01	1.998848987010017064e-01	-6.952636703176423572e-01
1.750000000000000000e+02	1.779761500000000041e+01	1.985121417173176805e-01	-7.104219912342367715e-01
1.760000000000000000e+02	1.763231499999999841e+01	1.971098818522219742e-01	-7.254742449989411979e-01
1.770000000000000000e+02	1.754866499999999974e+01	1.956783284653796640e-01	-7.404181842859316465e-01
1.780000000000000000e+02	1.737938499999999920e+01	1.942176952900257769e-01	-7.552515779409124663e-01
1.790000000000000000e+02	1.712056499999999915e+01	1.927282004010550109e-01	-7.699722113142282165e-01
1.800000000000000000e+02	1.694479499999999916e+01	1.912100661824624459e-01	-7.845778865915161715e-01
1.810000000000000000e+02	1.685595500000000158e+01	1.896635192941414638e-01	-7.990664231218428393e-01
1.820000000000000000e+02	1.658563500000000346e+01	1.880887906380429575e-01	-8.134356577432794166e-01
1.830000000000000000e+02	1.649427500000000180e+01	1.864861153237011293e-01	-8.276834451058656672e-01
1.840000000000000000e+02	1.630969499999999783e+01	1.848557326331316808e-01	-8.418076579919122615e-01
1.850000000000000000e+02	1.603458499999999987e+01	1.831978859851063068e-01	-8.558061876335998353e-01
1.860000000000000000e+02	1.583757499999999929e+01	1.815128228988099612e-01	-8.696769440278193652e-01
1.870000000000000000e+02	1.574135500000000043e+01	1.798007949568857233e-01	-8.834178562482164487e-01
1.880000000000000000e+02	1.554712499999999942e+01	1.780620577678733440e-01	-8.970268727543798670e-01
1.890000000000000000e+02	1.525141499999999972e+01	1.762968709280462731e-01	-9.105019616981424591e-01
1.900000000000000000e+02	1.506360500000000080e+01	1.745054979826536623e-01	-9.238411112269385717e-01
1.910000000000000000e+02	1.495053500000000035e+01	1.726882063865725903e-01	-9.370423297841766752e-01
1.920000000000000000e+02	1.464459500000000070e+01	1.708452674643763936e-01	-9.501036464065834020e-01
1.930000000000000000e+02	1.454150500000000079e+01	1.689769563698258203e-01	-9.630231110184693799e-01
1.940000000000000000e+02	1.422897500000000015e+01	1.670835520447879752e-01	-9.757987947228800030e-01
1.950000000000000000e+02	1.401793499999999959e+01	1.651653371775897994e-01	-9.884287900895829537e-01
1.960000000000000000e+02	1.380479500000000037e+01	1.632225981608123599e-01	-1.000911211439849069e+00
1.970000000000000000e+02	1.358956500000000034e+01	1.612556250485317200e-01	-1.013244195127990688e+00
1.980000000000000000e+02	1.337230500000000077e+01	1.592647115130138014e-01	-1.025425899819602638e+00
1.990000000000000000e+02	1.315302499999999952e+01	1.572501548008683192e-01	-1.037454506766479545e+00
2.000000000000000000e+02	1.293176500000000040e+01	1.552122556886695037e-01	-1.049328220078156626e+00
2.010000000000000000e+02	1.270855500000000049e+01	1.531513184380496884e-01	-1.061045266990038316e+00
2.020000000000000000e+02	1.248343500000000006e+01	1.510676507502724253e-01	-1.072603898128078104e+00
2.030000000000000000e+02	1.225644499999999937e+01	1.489615637202923171e-01	-1.084002387769958720e+00
2.040000000000000000e+02	1.202760499999999944e+01	1.468333717903080593e-01	-1.095239034102747588e+00
2.050000000000000000e+02	1.179695500000000052e+01	1.446833927028156608e-01	-1.106312159476980028e+00
2.060000000000000000e+02	1.156452499999999972e+01	1.425119474531689467e-01	-1.117220110657134668e+00
2.070000000000000000e+02	1.133036500000000046e+01	1.403193602416543395e-01	-1.127961259068464894e+00
2.080000000000000000e+02	1.109449500000000022e+01	1.381059584250875216e-01	-1.138534001040146793e+00
2.090000000000000000e+02	1.085695499999999925e+01	1.358720724679383096e-01	-1.148936758044709627e+00
2.100000000000000000e+02	1.061778499999999958e+01	1.336180358929917877e-01	-1.159167976933714428e+00
2.110000000000000000e+02	1.037701500000000010e+01	1.313441852315530012e-01	-1.169226130169638056e+00
2.120000000000000000e+02	1.013468499999999928e+01	1.290508599732018702e-01	-1.179109716053942103e+00
2.130000000000000000e+02	9.890829000000000093e+00	1.267384025151073179e-01	-1.188817258951273548e+00
2.140000000000000000e+02	9.645486999999999256e+00	1.244071581109065794e-01	-1.198347309509782965e+00
2.150000000000000000e+02	9.398692000000000490e+00	1.220574748191584485e-01	-1.207698444877513655e+00
2.160000000000000000e+02	9.150484000000000506e+00	1.196897034513771246e-01	-1.216869268914836821e+00
2.170000000000000000e+02	8.900900000000000034e+00	1.173041975196560810e-01	-1.225858412402896613e+00
2.180000000000000000e+02	8.649976999999999805e+00	1.149013131838877710e-01	-1.234664533248036378e+00
2.190000000000000000e+02	8.397750999999999522e+00	1.124814091985884695e-01	-1.243286316682176595e+00
2.200000000000000000e+02	8.144263999999999726e+00	1.100448468593357293e-01	-1.251722475459110528e+00
2.210000000000000000e+02	7.889552000000000120e+00	1.075919899488260167e-01	-1.259971750046693817e+00
2.220000000000000000e+02	7.633652999999999800e+00	1.051232046825618799e-01	-1.268032908814893389e+00
2.230000000000000000e+02	7.376605999999999774e+00	1.026388596541751019e-01	-1.275904748219671481e+00
2.240000000000000000e+02	7.118451000000000306e+00	1.001393257803950415e-01	-1.283586092982678117e+00
2.250000000000000000e+02	6.859225000000000350e+00	9.762497624567037513e-02	-1.291075796266721198e+00
2.260000000000000000e+02	6.598965999999999887e+00	9.509618644645159713e-02	-1.298372739846990864e+00
2.270000000000000000e+02	6.337716999999999601e+00	9.255333393514432461e-02	-1.305475834278013503e+00
2.280000000000000000e+02	6.075514000000000081e+00	8.999679836373976338e-02	-1.312384019056306084e+00
2.290000000000000000e+02	5.812396999999999814e+00	8.742696142713204943e-02	-1.319096262778712170e+00
2.300000000000000000e+02	5.548407000000000089e+00	8.484420680613083410e-02	-1.325611563296391626e+00
2.310000000000000000e+02	5.283583000000000141e+00	8.224892011017655158e-02	-1.331928947864443824e+00
2.320000000000000000e+02	5.017965000000000231e+00	7.964148881976905459e-02	-1.338047473287138356e+00
2.330000000000000000e+02	4.751592999999999734e+00	7.702230222861564113e-02	-1.343966226058737723e+00
2.340000000000000000e+02	4.484505999999999659e+00	7.439175138550903343e-02	-1.349684322499883571e+00
2.350000000000000000e+02	4.216745999999999661e+00	7.175022903594321932e-02	-1.355200908889531819e+00
2.360000000000000000e+02	3.948351999999999862e+00	6.909812956347557988e-02	-1.360515161592416256e+00
2.370000000000000000e+02	3.679365999999999914e+00	6.643584893084533705e-02	-1.365626287182015952e+00
2.380000000000000000e+02	3.409828000000000081e+00	6.376378462085526000e-02	-1.370533522559016726e+00
2.390000000000000000e+02	3.139778999999999876e+00	6.108233557702696243e-02	-1.375236135065242893e+00
2.400000000000000000e+02	2.869257000000000168e+00	5.839190214403813806e-02	-1.379733422593043990e+00
2.410000000000000000e+02	2.598303000000000029e+00	5.569288600794997796e-02	-1.384024713690121589e+00
2.420000000000000000e+02	2.326960999999999835e+00	5.298569013623542767e-02	-1.388109367659775994e+00
2.430000000000000000e+02	2.055270000000000152e+00	5.027071871761507049e-02	-1.391986774656566173e+00
2.440000000000000000e+02	1.783271000000000051e+00	4.754837710171132964e-02	-1.395656355777358026e+00
2.450000000000000000e+02	1.511004999999999932e+00	4.481907173852871934e-02	-1.399117563147757926e+00
2.460000000000000000e+02	1.238513999999999893e+00	4.208321011777074044e-02	-1.402369880003909053e+00
2.470000000000000000e+02	9.658368999999999982e-01	3.934120070800067176e-02	-1.405412820769646576e+00
2.480000000000000000e+02	6.930161999999999711e-01	3.659345289565663073e-02	-1.408245931128994322e+00
2.490000000000000000e+02	4.200926999999999856e-01	3.384037692392961871e-02	-1.410868788093995185e+00
2.500000000000000000e+02	1.471077999999999830e-01	3.108238383151314121e-02	-1.413281000067863502e+00
2.510000000000000000e+02	-1.258978000000000319e-01	2.831988539123507162e-02	-1.415482206903451834e+00
2.520000000000000000e+02	-3.988827000000000345e-01	2.555329404857890549e-02	-1.417472079957020847e+00
2.530000000000000000e+02	-6.718062000000000200e-01	2.278302286010508437e-02	-1.419250322137306064e+00
2.540000000000000000e+02	-9.446269000000000471e-01	2.000948543178107664e-02	-1.420816667949875045e+00
2.550000000000000000e+02	-1.217303999999999942e+00	1.723309585722894444e-02	-1.422170883536765462e+00
2.560000000000000000e+02	-1.489794999999999980e+00	1.445426865590108793e-02	-1.423312766711401167e+00
2.570000000000000000e+02	-1.762061000000000099e+00	1.167341871119142831e-02	-1.424242146988777602e+00
2.580000000000000000e+02	-2.034060000000000201e+00	8.890961208492744947e-03	-1.424958885610916992e+00
2.590000000000000000e+02	-2.305750999999999884e+00	6.107311573208921984e-03	-1.425462875567583776e+00
2.600000000000000000e+02	-2.577093000000000078e+00	3.322885408730868843e-03	-1.425754041612262935e+00
2.610000000000000000e+02	-2.848047000000000217e+00	5.380984343868560043e-04	-1.425832340273393450e+00
2.620000000000000000e+02	-3.118568999999999924e+00	-2.246633576625447527e-03	-1.425697759860858227e+00
2.630000000000000000e+02	-3.388618000000000130e+00	-5.030894859314486919e-03	-1.425350320467730691e+00
2.640000000000000000e+02	-3.658155999999999963e+00	-7.814269718969108630e-03	-1.424790073967273640e+00
2.650000000000000000e+02	-3.927141999999999911e+00	-1.059634259322285096e-02	-1.424017104005195877e+00
2.660000000000000000e+02	-4.195535999999999710e+00	-1.337669811409747736e-02	-1.423031525987162205e+00
2.670000000000000000e+02	-4.463295999999999708e+00	-1.615492117001848804e-02	-1.421833487061564094e+00
2.680000000000000000e+02	-4.730382999999999782e+00	-1.893059696779184412e-02	-1.420423166097550371e+00
2.690000000000000000e+02	-4.996755000000000280e+00	-2.170331109453317239e-02	-1.418800773658320802e+00
2.700000000000000000e+02	-5.262373000000000189e+00	-2.447264957954067149e-02	-1.416966551969689680e+00
2.710000000000000000e+02	-5.527197000000000138e+00	-2.723819895610100558e-02	-1.414920774883920984e+00
2.720000000000000000e+02	-5.791186999999999863e+00	-2.999954632322095888e-02	-1.412663747838840855e+00
2.730000000000000000e+02	-6.054304000000000130e+00	-3.275627940727402626e-02	-1.410195807812236746e+00
2.740000000000000000e+02	-6.316506999999999650e+00	-3.550798662355390822e-02	-1.407517323271544107e+00
2.750000000000000000e+02	-6.577755999999999936e+00	-3.825425713772419994e-02	-1.404628694118835508e+00
2.760000000000000000e+02	-6.838015000000000398e+00	-4.099468092715700951e-02	-1.401530351631114168e+00
2.770000000000000000e+02	-7.097241000000000355e+00	-4.372884884214989915e-02	-1.398222758395922583e+00
2.780000000000000000e+02	-7.355395999999999823e+00	-4.645635266701251403e-02	-1.394706408242278650e+00
2.790000000000000000e+02	-7.612442999999999849e+00	-4.917678518101419732e-02	-1.390981826166944879e+00
2.800000000000000000e+02	-7.868342000000000169e+00	-5.188974021918217605e-02	-1.387049568256047527e+00
2.810000000000000000e+02	-8.123053999999999775e+00	-5.459481273294298359e-02	-1.382910221602050127e+00
2.820000000000000000e+02	-8.376540999999999570e+00	-5.729159885059679352e-02	-1.378564404216100492e+00
2.830000000000000000e+02	-8.628766999999999854e+00	-5.997969593761601909e-02	-1.374012764935760966e+00
2.840000000000000000e+02	-8.879690000000000083e+00	-6.265870265675969886e-02	-1.369255983328134585e+00
2.850000000000000000e+02	-9.129274000000000555e+00	-6.532821902799319791e-02	-1.364294769588406231e+00
2.860000000000000000e+02	-9.377482000000000539e+00	-6.798784648820624388e-02	-1.359129864433808565e+00
2.870000000000000000e+02	-9.624276999999999305e+00	-7.063718795071899370e-02	-1.353762038993031602e+00
2.880000000000000000e+02	-9.869619000000000142e+00	-7.327584786456760313e-02	-1.348192094691092580e+00
2.890000000000000000e+02	-1.011347499999999933e+01	-7.590343227356094458e-02	-1.342420863129680564e+00
2.900000000000000000e+02	-1.035580500000000015e+01	-7.851954887509846048e-02	-1.336449205962999098e+00
2.910000000000000000e+02	-1.059657499999999963e+01	-8.112380707874182473e-02	-1.330278014769117778e+00
2.920000000000000000e+02	-1.083574499999999929e+01	-8.371581806453069763e-02	-1.323908210916859174e+00
2.930000000000000000e+02	-1.107328500000000027e+01	-8.629519484103412297e-02	-1.317340745428237314e+00
2.940000000000000000e+02	-1.130915500000000051e+01	-8.886155230312924036e-02	-1.310576598836467710e+00
2.950000000000000000e+02	-1.154331499999999977e+01	-9.141450728949761240e-02	-1.303616781039572681e+00
2.960000000000000000e+02	-1.177574500000000057e+01	-9.395367863983221379e-02	-1.296462331149601743e+00
2.970000000000000000e+02	-1.200639499999999948e+01	-9.647868725174513216e-02	-1.289114317337491045e+00
2.980000000000000000e+02	-1.223523499999999942e+01	-9.898915613736815333e-02	-1.281573836673582489e+00
2.990000000000000000e+02	-1.246222500000000011e+01	-1.014847104796379185e-01	-1.273842014963830316e+00
3.000000000000000000e+02	-1.268734500000000054e+01	-1.039649776882562715e-01	-1.265920006581717105e+00
3.010000000000000000e+02	-1.291055500000000045e+01	-1.064295874553189136e-01	-1.257808994295901872e+00
3.020000000000000000e+02	-1.313181499999999957e+01	-1.088781718106027890e-01	-1.249510189093633539e+00
3.030000000000000000e+02	-1.335109500000000082e+01	-1.113103651765050134e-01	-1.241024829999944901e+00
3.040000000000000000e+02	-1.356835500000000039e+01	-1.137258044226236303e-01	-1.232354183892668598e+00
3.050000000000000000e+02	-1.378358500000000042e+01	-1.161241289199739513e-01	-1.223499545313286641e+00
3.060000000000000000e+02	-1.399672499999999964e+01	-1.185049805948309443e-01	-1.214462236273655016e+00
3.070000000000000000e+02	-1.420776500000000020e+01	-1.208680039821901225e-01	-1.205243606058625128e+00
3.080000000000000000e+02	-1.441665500000000044e+01	-1.232128462788394663e-01	-1.195845031024591609e+00
3.090000000000000000e+02	-1.462338500000000074e+01	-1.255391573960328577e-01	-1.186267914394003586e+00
3.100000000000000000e+02	-1.482789499999999983e+01	-1.278465900117594367e-01	-1.176513686045857376e+00
3.110000000000000000e+02	-1.503018499999999946e+01	-1.301347996225989678e-01	-1.166583802302216144e+00
3.120000000000000000e+02	-1.523020499999999977e+01	-1.324034445951569605e-01	-1.156479745710777829e+00
3.130000000000000000e+02	-1.542792500000000011e+01	-1.346521862170712569e-01	-1.146203024823526651e+00
3.140000000000000000e+02	-1.562332499999999946e+01	-1.368806887475819134e-01	-1.135755173971506604e+00
3.150000000000000000e+02	-1.581636499999999934e+01	-1.390886194676581311e-01	-1.125137753035742039e+00
3.160000000000000000e+02	-1.600702499999999873e+01	-1.412756487296736030e-01	-1.114352347214344618e+00
3.170000000000000000e+02	-1.619527500000000231e+01	-1.434414500066235332e-01	-1.103400566785841530e+00
3.180000000000000000e+02	-1.638108499999999879e+01	-1.455856999408757790e-01	-1.092284046868756464e+00
3.190000000000000000e+02	-1.656442499999999995e+01	-1.477080783924482887e-01	-1.081004447177486893e+00
3.200000000000000000e+02	-1.674526500000000340e+01	-1.498082684868067838e-01	-1.069563451774503182e+00
3.210000000000000000e+02	-1.692358500000000276e+01	-1.518859566621746648e-01	-1.057962768818916155e+00
3.220000000000000000e+02	-1.709935500000000275e+01	-1.539408327163480916e-01	-1.046204130311448210e+00
3.230000000000000000e+02	-1.727255499999999699e+01	-1.559725898530100185e-01	-1.034289291835838176e+00
3.240000000000000000e+02	-1.744313499999999806e+01	-1.579809247275349438e-01	-1.022220032296734749e+00
3.250000000000000000e+02	-1.761110500000000201e+01	-1.599655374922791251e-01	-1.009998153654100506e+00
3.260000000000000000e+02	-1.777640499999999690e+01	-1.619261318413480477e-01	-9.976254806541769993e-01
3.270000000000000000e+02	-1.793903499999999696e+01	-1.638624150548354530e-01	-9.851038605570475726e-01
3.280000000000000000e+02	-1.809896499999999975e+01	-1.657740980425271571e-01	-9.724351628608363107e-01
3.290000000000000000e+02	-1.825616500000000286e+01	-1.676608953870623309e-01	-9.596212790225925326e-01
3.300000000000000000e+02	-1.841061499999999995e+01	-1.695225253865467741e-01	-9.466641221758902436e-01
3.310000000000000000e+02	-1.856228500000000281e+01	-1.713587100966117993e-01	-9.335656268451959505e-01
3.320000000000000000e+02	-1.871116500000000116e+01	-1.731691753719114824e-01	-9.203277486570393684e-01
3.330000000000000000e+02	-1.885721499999999651e+01	-1.749536509070530044e-01	-9.069524640480374211e-01
3.340000000000000000e+02	-1.900043500000000307e+01	-1.767118702769537586e-01	-8.934417699698080639e-01
3.350000000000000000e+02	-1.914078500000000105e+01	-1.784435709766194478e-01	-8.797976835908192239e-01
3.360000000000000000e+02	-1.927825500000000147e+01	-1.801484944603356508e-01	-8.660222419952272599e-01
3.370000000000000000e+02	-1.941282499999999800e+01	-1.818263861802698333e-01	-8.521175018787346955e-01
3.380000000000000000e+02	-1.954446500000000242e+01	-1.834769956244753641e-01	-8.380855392415216265e-01
3.390000000000000000e+02	-1.967315500000000128e+01	-1.851000763542935412e-01	-8.239284490782967652e-01
3.400000000000000000e+02	-1.979888499999999851e+01	-1.866953860411472710e-01	-8.096483450655100889e-01
3.410000000000000000e+02	-1.992163500000000198e+01	-1.882626865027209884e-01	-7.952473592457789398e-01
3.420000000000000000e+02	-2.004137500000000216e+01	-1.898017437385218220e-01	-7.807276417095692089e-01
3.430000000000000000e+02	-2.015809500000000298e+01	-1.913123279648160091e-01	-7.660913602741854511e-01
3.440000000000000000e+02	-2.027178500000000128e+01	-1.927942136489365632e-01	-7.513407001601073443e-01
3.450000000000000000e+02	-2.038241500000000173e+01	-1.942471795429547843e-01	-7.364778636647398846e-01
3.460000000000000000e+02	-2.048998499999999723e+01	-1.956710087167135570e-01	-7.215050698336017421e-01
3.470000000000000000e+02	-2.059445500000000351e+01	-1.970654885902152487e-01	-7.064245541290198327e-01
3.480000000000000000e+02	-2.069582499999999925e+01	-1.984304109653601544e-01	-6.912385680963704093e-01
3.490000000000000000e+02	-2.079408500000000259e+01	-1.997655720570308824e-01	-6.759493790279208492e-01
3.500000000000000000e+02	-2.088920499999999691e+01	-2.010707725235178212e-01	-6.605592696243183237e-01
3.510000000000000000e+02	-2.098117500000000035e+01	-2.023458174962809997e-01	-6.450705376537793079e-01
3.520000000000000000e+02	-2.106998500000000263e+01	-2.035905166090446194e-01	-6.294854956090289999e-01
3.530000000000000000e+02	-2.115562500000000057e+01	-2.048046840262185697e-01	-6.138064703620433882e-01
3.540000000000000000e+02	-2.123807500000000203e+01	-2.059881384706446494e-01	-5.980358028166390394e-01
3.550000000000000000e+02	-2.131732499999999675e+01	-2.071407032506607793e-01	-5.821758475589795534e-01
3.560000000000000000e+02	-2.139335499999999968e+01	-2.082622062864818990e-01	-5.662289725060271062e-01
3.570000000000000000e+02	-2.146617499999999978e+01	-2.093524801358915000e-01	-5.501975585520094691e-01
3.580000000000000000e+02	-2.153575500000000176e+01	-2.104113620192411549e-01	-5.340839992129494673e-01
3.590000000000000000e+02	-2.160208500000000242e+01	-2.114386938437536612e-01	-5.178907002693087236e-01
3.600000000000000000e+02	-2.166516500000000178e+01	-2.124343222271266873e-01	-5.016200794068002011e-01
3.610000000000000000e+02	-2.172498499999999666e+01	-2.133980985204328440e-01	-4.852745658554251107e-01
3.620000000000000000e+02	-2.178152500000000202e+01	-2.143298788303133751e-01	-4.688566000267836986e-01
3.630000000000000000e+02	-2.183478499999999656e+01	-2.152295240404613896e-01	-4.523686331497196456e-01
3.640000000000000000e+02	-2.188475499999999840e+01	-2.160968998323926638e-01	-4.358131269043428735e-01
3.650000000000000000e+02	-2.193143500000000046e+01	-2.169318767054989883e-01	-4.191925530545035916e-01
3.660000000000000000e+02	-2.197479500000000030e+01	-2.177343299963833134e-01	-4.025093930787495000e-01
3.670000000000000000e+02	-2.201486500000000035e+01	-2.185041398974718607e-01	-3.857661377998380381e-01
3.680000000000000000e+02	-2.205159499999999895e+01	-2.192411914749017587e-01	-3.689652870128525830e-01
3.690000000000000000e+02	-2.208501499999999851e+01	-2.199453746856808722e-01	-3.521093491119790531e-01
3.700000000000000000e+02	-2.211511500000000296e+01	-2.206165843941173543e-01	-3.352008407159983161e-01
3.710000000000000000e+02	-2.214187499999999886e+01	-2.212547203875164792e-01	-3.182422862925513574e-01
3.720000000000000000e+02	-2.216529500000000041e+01	-2.218596873911426737e-01	-3.012362177812331621e-01
3.730000000000000000e+02	-2.218537500000000051e+01	-2.224313950824443054e-01	-2.841851742155651062e-01
3.740000000000000000e+02	-2.220211499999999916e+01	-2.229697581045386734e-01	-2.670917013439206844e-01
3.750000000000000000e+02	-2.221551500000000345e+01	-2.234746960789561754e-01	-2.499583512494359949e-01
3.760000000000000000e+02	-2.222556500000000312e+01	-2.239461336176408746e-01	-2.327876819689811971e-01
3.770000000000000000e+02	-2.223226499999999817e+01	-2.243840003342059408e-01	-2.155822571112409880e-01
3.780000000000000000e+02	-2.223561500000000279e+01	-2.247882308544427443e-01	-1.983446454739641873e-01
3.790000000000000000e+02	-2.223561500000000279e+01	-2.251587648260810759e-01	-1.810774206604377212e-01
3.800000000000000000e+02	-2.223226499999999817e+01	-2.254955469277998004e-01	-1.637831606952435681e-01
3.810000000000000000e+02	-2.225724499999999750e+01	-2.257985268774867216e-01	-1.464644476393556216e-01
3.820000000000000000e+02	-2.224886500000000211e+01	-2.260676594397454109e-01	-1.291238672046350344e-01
3.830000000000000000e+02	-2.223712499999999892e+01	-2.263029044326492767e-01	-1.117640083677741286e-01
3.840000000000000000e+02	-2.222203499999999821e+01	-2.265042267337404880e-01	-9.438746298376568533e-02
3.850000000000000000e+02	-2.220360500000000314e+01	-2.266715962852740573e-01	-7.699682539892964417e-02
3.860000000000000000e+02	-2.218181500000000028e+01	-2.268049880987052513e-01	-5.959469206357428939e-02
3.870000000000000000e+02	-2.215669499999999914e+01	-2.269043822584207171e-01	-4.218366114434211889e-02
3.880000000000000000e+02	-2.212823499999999655e+01	-2.269697639247116872e-01	-2.476633213629922739e-02
3.890000000000000000e+02	-2.209643499999999960e+01	-2.270011233359896796e-01	-7.345305474826585926e-03
3.900000000000000000e+02	-2.206131500000000045e+01	-2.269984558102439431e-01	1.007681785262922250e-02
3.910000000000000000e+02	-2.202286500000000302e+01	-2.269617617457402869e-01	2.749743669488759548e-02
3.920000000000000000e+02	-2.198110499999999945e+01	-2.268910466209619337e-01	4.491395012538874909e-02
3.930000000000000000e+02	-2.193602500000000077e+01	-2.267863209937913405e-01	6.232375783052128415e-02
3.940000000000000000e+02	-2.186220500000000300e+01	-2.266476004999339322e-01	7.972426049784568647e-02
3.950000000000000000e+02	-2.183595499999999845e+01	-2.264749058505837465e-01	9.711286020418084808e-02
3.960000000000000000e+02	-2.178098500000000115e+01	-2.262682628293311293e-01	1.144869608034770198e-01
3.970000000000000000e+02	-2.172273500000000013e+01	-2.260277022883132869e-01	1.318439683144245755e-01
3.980000000000000000e+02	-2.166120500000000249e+01	-2.257532601436078590e-01	1.491812913077395497e-01
3.990000000000000000e+02	-2.159641500000000036e+01	-2.254449773698708193e-01	1.664963412930683950e-01
4.000000000000000000e+02	-2.152837499999999693e+01	-2.251028999942187026e-01	1.837865331054535645e-01
4.010000000000000000e+02	-2.145708499999999930e+01	-2.247270790893567682e-01	2.010492852913017547e-01
4.020000000000000000e+02	-2.138256499999999960e+01	-2.243175707659537110e-01	2.182820204938039355e-01
4.030000000000000000e+02	-2.130481499999999784e+01	-2.238744361642642788e-01	2.354821658377315163e-01
4.040000000000000000e+02	-2.122386500000000353e+01	-2.233977414450010190e-01	2.526471533135757896e-01
4.050000000000000000e+02	-2.113971500000000248e+01	-2.228875577794561802e-01	2.697744201609545422e-01
4.060000000000000000e+02	-2.105238500000000101e+01	-2.223439613388758784e-01	2.868614092512362101e-01
4.070000000000000000e+02	-2.096187499999999915e+01	-2.217670332830876112e-01	3.039055694693238441e-01
4.080000000000000000e+02	-2.086820500000000322e+01	-2.211568597483828669e-01	3.209043560945399887e-01
4.090000000000000000e+02	-2.077139499999999828e+01	-2.205135318346568840e-01	3.378552311805583241e-01
4.100000000000000000e+02	-2.067146499999999776e+01	-2.198371455918073092e-01	3.547556639343224516e-01
4.110000000000000000e+02	-2.056840499999999849e+01	-2.191278020053938069e-01	3.716031310938966992e-01
4.120000000000000000e+02	-2.046225499999999897e+01	-2.183856069815606205e-01	3.883951173051979344e-01
4.130000000000000000e+02	-2.035301499999999919e+01	-2.176106713312247753e-01	4.051291154975345532e-01
4.140000000000000000e+02	-2.024071500000000157e+01	-2.168031107535318136e-01	4.218026272579211144e-01
4.150000000000000000e+02	-2.012536500000000217e+01	-2.159630458185815838e-01	4.384131632040944027e-01
4.160000000000000000e+02	-2.000697499999999707e+01	-2.150906019494271404e-01	4.549582433561820127e-01
4.170000000000000000e+02	-1.988557500000000289e+01	-2.141859094033486677e-01	4.714353975069672797e-01
4.180000000000000000e+02	-1.976117500000000149e+01	-2.132491032524060082e-01	4.878421655906955978e-01
4.190000000000000000e+02	-1.963380500000000239e+01	-2.122803233632720998e-01	5.041760980503658951e-01
4.200000000000000000e+02	-1.950347500000000167e+01	-2.112797143763506802e-01	5.204347562034534747e-01
4.210000000000000000e+02	-1.937020499999999856e+01	-2.102474256841813383e-01	5.366157126060082661e-01
4.220000000000000000e+02	-1.923401499999999942e+01	-2.091836114091346621e-01	5.527165514150803594e-01
4.230000000000000000e+02	-1.909492500000000348e+01	-2.080884303804020063e-01	5.687348687494031552e-01
4.240000000000000000e+02	-1.895295500000000288e+01	-2.069620461102815445e-01	5.846682730483001578e-01
4.250000000000000000e+02	-1.880813500000000005e+01	-2.058046267697659637e-01	6.005143854287486871e-01
4.260000000000000000e+02	-1.866048500000000132e+01	-2.046163451634341046e-01	6.162708400405508824e-01
4.270000000000000000e+02	-1.851001500000000277e+01	-2.033973787036509884e-01	6.319352844195582630e-01
4.280000000000000000e+02	-1.835675499999999971e+01	-2.021479093840798380e-01	6.475053798388988868e-01
4.290000000000000000e+02	-1.820073500000000166e+01	-2.008681237525102303e-01	6.629788016581533716e-01
4.300000000000000000e+02	-1.804197500000000076e+01	-1.995582128830061530e-01	6.783532396704257117e-01
4.310000000000000000e+02	-1.788048500000000018e+01	-1.982183723473780745e-01	6.936263984472658128e-01
4.320000000000000000e+02	-1.771631500000000159e+01	-1.968488021859843284e-01	7.087959976813736906e-01
4.330000000000000000e+02	-1.754946499999999787e+01	-1.954497068778642821e-01	7.238597725270579097e-01
4.340000000000000000e+02	-1.737997500000000173e+01	-1.940212953102095073e-01	7.388154739383788749e-01
4.350000000000000000e+02	-1.720786499999999819e+01	-1.925637807471764218e-01	7.536608690049357850e-01
4.360000000000000000e+02	-1.703316499999999678e+01	-1.910773807980458427e-01	7.683937412852437365e-01
4.370000000000000000e+02	-1.685589499999999674e+01	-1.895623173847332810e-01	7.830118911376510171e-01
4.380000000000000000e+02	-1.667607499999999732e+01	-1.880188167086559725e-01	7.975131360487505150e-01
4.390000000000000000e+02	-1.649375500000000017e+01	-1.864471092169602828e-01	8.118953109592315087e-01
4.400000000000000000e+02	-1.630894500000000136e+01	-1.848474295681160062e-01	8.261562685871258749e-01
4.410000000000000000e+02	-1.612168499999999938e+01	-1.832200165968807803e-01	8.402938797484051925e-01
4.420000000000000000e+02	-1.593198499999999918e+01	-1.815651132786425259e-01	8.543060336748645733e-01
4.430000000000000000e+02	-1.573988499999999924e+01	-1.798829666931422433e-01	8.681906383292679052e-01
4.440000000000000000e+02	-1.554542499999999983e+01	-1.781738279875848541e-01	8.819456207176920026e-01
4.450000000000000000e+02	-1.534860499999999917e+01	-1.764379523391423898e-01	8.955689271990274758e-01
4.460000000000000000e+02	-1.514948500000000031e+01	-1.746755989168557177e-01	9.090585237915906891e-01
4.470000000000000000e+02	-1.494807499999999933e+01	-1.728870308429400759e-01	9.224123964768008443e-01
4.480000000000000000e+02	-1.474441500000000005e+01	-1.710725151535006650e-01	9.356285514998752273e-01
4.490000000000000000e+02	-1.453853499999999954e+01	-1.692323227586636225e-01	9.487050156675017609e-01
4.500000000000000000e+02	-1.433046500000000023e+01	-1.673667284021287949e-01	9.616398366424370181e-01
4.510000000000000000e+02	-1.412022499999999958e+01	-1.654760106201496050e-01	9.744310832349987184e-01
4.520000000000000000e+02	-1.390786499999999926e+01	-1.635604516999479285e-01	9.870768456913890931e-01
4.530000000000000000e+02	-1.358540499999999973e+01	-1.616203376375675849e-01	9.995752359788275809e-01
4.540000000000000000e+02	-1.347688499999999934e+01	-1.596559580951748547e-01	1.011924388067437341e+00
4.550000000000000000e+02	-1.325833500000000065e+01	-1.576676063578113518e-01	1.024122458208845732e+00
4.560000000000000000e+02	-1.303778499999999951e+01	-1.556555792896062440e-01	1.036167625211458665e+00
4.570000000000000000e+02	-1.281526500000000013e+01	-1.536201772894538187e-01	1.048058090712368440e+00
4.580000000000000000e+02	-1.247788500000000056e+01	-1.515617042461634978e-01	1.059792079445851520e+00
4.590000000000000000e+02	-1.236447500000000055e+01	-1.494804674930889088e-01	1.071367839508417630e+00
4.600000000000000000e+02	-1.213626499999999986e+01	-1.473767777622418396e-01	1.082783642620375630e+00
4.610000000000000000e+02	-1.190623500000000057e+01	-1.452509491379005702e-01	1.094037784383863343e+00
4.620000000000000000e+02	-1.155782499999999935e+01	-1.431032990097156343e-01	1.105128584537319991e+00
4.630000000000000000e+02	-1.144080499999999923e+01	-1.409341480253234746e-01	1.116054387206350862e+00
4.640000000000000000e+02	-1.108719499999999947e+01	-1.387438200424731538e-01	1.126813561150953102e+00
4.650000000000000000e+02	-1.096848499999999937e+01	-1.365326420806737551e-01	1.137404500009061570e+00
4.660000000000000000e+02	-1.072982499999999995e+01	-1.343009442723699653e-01	1.147825622536381429e+00
4.670000000000000000e+02	-1.048955499999999930e+01	-1.320490598136527527e-01	1.158075372842470641e+00
4.680000000000000000e+02	-1.024769500000000022e+01	-1.297773249145126317e-01	1.168152220623036808e+00
4.690000000000000000e+02	-1.000428499999999943e+01	-1.274860787486431224e-01	1.178054661388413527e+00
4.700000000000000000e+02	-9.759378999999999138e+00	-1.251756634028008408e-01	1.187781216688185815e+00
4.710000000000000000e+02	-9.512997000000000369e+00	-1.228464238257326036e-01	1.197330434331921101e+00
4.720000000000000000e+02	-9.265178999999999832e+00	-1.204987077766730974e-01	1.206700888605986011e+00
4.730000000000000000e+02	-9.015966999999999842e+00	-1.181328657734242032e-01	1.215891180486407430e+00
4.740000000000000000e+02	-8.765394000000000574e+00	-1.157492510400220664e-01	1.224899937847749198e+00
4.750000000000000000e+02	-8.513500999999999763e+00	-1.133482194540001986e-01	1.233725815667971570e+00
4.760000000000000000e+02	-8.260322000000000386e+00	-1.109301294932563131e-01	1.242367496229246582e+00
4.770000000000000000e+02	-8.005898000000000181e+00	-1.084953421825310821e-01	1.250823689314695120e+00
4.780000000000000000e+02	-7.750267000000000017e+00	-1.060442210395065171e-01	1.259093132401017057e+00
4.790000000000000000e+02	-7.493470000000000297e+00	-1.035771320205323975e-01	1.267174590846989579e+00
4.800000000000000000e+02	-7.235538000000000025e+00	-1.010944434659876434e-01	1.275066858077801735e+00
4.810000000000000000e+02	-6.846611000000000224e+00	-9.859652604528759690e-02	1.282768755765195445e+00
4.820000000000000000e+02	-6.716446000000000360e+00	-9.608375270154176362e-02	1.290279134003393446e+00
4.830000000000000000e+02	-6.455358000000000374e+00	-9.355649859587296391e-02	1.297596871480782177e+00
4.840000000000000000e+02	-6.193298999999999666e+00	-9.101514105140522115e-02	1.304720875647325196e+00
4.850000000000000000e+02	-5.930304000000000464e+00	-8.846005949692872794e-02	1.311650082877682255e+00
4.860000000000000000e+02	-5.666415999999999897e+00	-8.589163541025059134e-02	1.318383458630010718e+00
4.870000000000000000e+02	-5.401672999999999725e+00	-8.331025226123954519e-02	1.324919997600424892e+00
4.880000000000000000e+02	-5.136112999999999928e+00	-8.071629545457345567e-02	1.331258723873087524e+00
4.890000000000000000e+02	-4.869779000000000302e+00	-7.811015227219703094e-02	1.337398691065918577e+00
4.900000000000000000e+02	-4.602708999999999939e+00	-7.549221181550119786e-02	1.343338982471889098e+00
4.910000000000000000e+02	-4.334946000000000410e+00	-7.286286494722876705e-02	1.349078711195887514e+00
4.920000000000000000e+02	-4.066526999999999781e+00	-7.022250423311825196e-02	1.354617020287135709e+00
4.930000000000000000e+02	-3.797496999999999900e+00	-6.757152388329316917e-02	1.359953082867131791e+00
4.940000000000000000e+02	-3.527889000000000053e+00	-6.491031969340581298e-02	1.365086102253106004e+00
4.950000000000000000e+02	-3.257753000000000121e+00	-6.223928898554430267e-02	1.370015312076964253e+00
4.960000000000000000e+02	-2.987121999999999833e+00	-5.955883054891182582e-02	1.374739976399710795e+00
4.970000000000000000e+02	-2.716038999999999870e+00	-5.686934458028668898e-02	1.379259389821323456e+00
4.980000000000000000e+02	-2.444547000000000025e+00	-5.417123262427251534e-02	1.383572877586070948e+00
4.990000000000000000e+02	-2.169947000000000070e+00	-5.146489751334621526e-02	1.387679795683257167e+00
5.000000000000000000e+02	-1.898096999999999923e+00	-4.875074330771560216e-02	1.391579530943369170e+00
5.010000000000000000e+02	-1.489794999999999980e+00	-4.602917523499177460e-02	1.395271501129627945e+00
5.020000000000000000e+02	-1.353574999999999973e+00	-4.330059962968818565e-02	1.398755155024915986e+00
5.030000000000000000e+02	-1.080986000000000002e+00	-4.056542387255421267e-02	1.402029972514073464e+00
5.040000000000000000e+02	-8.082319000000000031e-01	-3.782405632975260196e-02	1.405095464661555438e+00
5.050000000000000000e+02	-5.353548000000000195e-01	-3.507690629188967013e-02	1.407951173784427690e+00
5.060000000000000000e+02	-2.623954000000000009e-01	-3.232438391290763657e-02	1.410596673520700950e+00
5.070000000000000000e+02	1.060499999978196592e-02	-2.956690014884790982e-02	1.413031568892987755e+00
5.080000000000000000e+02	2.836053999999999520e-01	-2.680486669649492087e-02	1.415255496367471943e+00
5.090000000000000000e+02	5.565647999999999707e-01	-2.403869593190831322e-02	1.417268123908186350e+00
5.100000000000000000e+02	9.658368999999999982e-01	-2.126880084885574701e-02	1.419069151026585152e+00
5.110000000000000000e+02	1.102195999999999954e+00	-1.849559499715143496e-02	1.420658308826407312e+00
