0.000000000000000000e+00	9.555997000000002739e-01	-2.383571454854945329e-02	1.750648933940292862e+00
1.000000000000000000e+00	1.271692000000000267e+00	-2.041468142557406953e-02	1.752445462282409272e+00
2.000000000000000000e+00	1.587594000000000394e+00	-1.699039455154797290e-02	1.753980733622648502e+00
3.000000000000000000e+00	1.903258000000000338e+00	-1.356336442391119050e-02	1.755254519080628350e+00
4.000000000000000000e+00	2.218637000000000192e+00	-1.013410194907179290e-02	1.756266628758644366e+00
5.000000000000000000e+00	2.533682000000000212e+00	-6.703118366239282921e-03	1.757016911769981427e+00
6.000000000000000000e+00	2.848348000000000102e+00	-3.270925171208327945e-03	1.757505256261406412e+00
7.000000000000000000e+00	3.160421000000000369e+00	1.619659598957425613e-04	1.757731589429844865e+00
8.000000000000000000e+00	3.473969000000000307e+00	3.595043246898310847e-03	1.757695877533234086e+00
9.000000000000000000e+00	3.786993000000000276e+00	7.027794881872390619e-03	1.757398125895553109e+00
1.000000000000000000e+01	4.099448000000000647e+00	1.045970910543964939e-02	1.756838378906028897e+00
1.100000000000000000e+01	4.411286000000000485e+00	1.389027428306420855e-02	1.756016720012520516e+00
1.200000000000000000e+01	4.722461000000000020e+00	1.731897898132782332e-02	1.754933271709075093e+00
1.300000000000000000e+01	5.032926999999999929e+00	2.074531204417510294e-02	1.753588195517670423e+00
1.400000000000000000e+01	5.342635000000000467e+00	2.416876266911736904e-02	1.751981691964131782e+00
1.500000000000000000e+01	5.651540000000000674e+00	2.758882048338374970e-02	1.750114000548238513e+00
1.600000000000000000e+01	5.959594000000000058e+00	3.100497562000832999e-02	1.747985399708019472e+00
1.700000000000000000e+01	6.266753000000000462e+00	3.441671879384178984e-02	1.745596206778242454e+00
1.800000000000000000e+01	6.572968000000000366e+00	3.782354137747633016e-02	1.742946777943105152e+00
1.900000000000000000e+01	6.878195000000000725e+00	4.122493547707260786e-02	1.740037508183136294e+00
2.000000000000000000e+01	7.182385000000000019e+00	4.462039400807714384e-02	1.736868831216308973e+00
2.100000000000000000e+01	7.485497000000000511e+00	4.800941077081933434e-02	1.733441219433384139e+00
2.200000000000000000e+01	7.787481000000000542e+00	5.139148052597630745e-02	1.729755183827483389e+00
2.300000000000000000e+01	8.088293999999999428e+00	5.476609906989467896e-02	1.725811273917911226e+00
2.400000000000000000e+01	8.387890000000000512e+00	5.813276330975806344e-02	1.721610077668230820e+00
2.500000000000000000e+01	8.686223000000000027e+00	6.149097133858869024e-02	1.717152221398610568e+00
2.600000000000000000e+01	8.983251000000000985e+00	6.484022251007250104e-02	1.712438369692450557e+00
2.700000000000000000e+01	9.278925000000000978e+00	6.818001751319614778e-02	1.707469225297305382e+00
2.800000000000000000e+01	9.573202999999999463e+00	7.150985844668500402e-02	1.702245529020119053e+00
2.900000000000000000e+01	9.866041000000000949e+00	7.482924889323093465e-02	1.696768059616782676e+00
3.000000000000000000e+01	1.015739500000000106e+01	7.813769399349895783e-02	1.691037633676037766e+00
3.100000000000000000e+01	1.044722499999999954e+01	8.143470051990141234e-02	1.685055105497736960e+00
3.200000000000000000e+01	1.073547500000000099e+01	8.471977695012922194e-02	1.678821366965485229e+00
3.300000000000000000e+01	1.102210499999999982e+01	8.799243354042850240e-02	1.672337347413674680e+00
3.400000000000000000e+01	1.130708500000000072e+01	9.125218239861239422e-02	1.665604013488940049e+00
3.500000000000000000e+01	1.159035500000000063e+01	9.449853755679667178e-02	1.658622369006048647e+00
3.600000000000000000e+01	1.187189500000000031e+01	9.773101504384845706e-02	1.651393454798250504e+00
3.700000000000000000e+01	1.215163500000000063e+01	1.009491329575373658e-01	1.643918348562108944e+00
3.800000000000000000e+01	1.242955500000000058e+01	1.041524115363781644e-01	1.636198164696837098e+00
3.900000000000000000e+01	1.270559500000000064e+01	1.073403732311541958e-01	1.628234054138161246e+00
4.000000000000000000e+01	1.297972500000000018e+01	1.105125427761111806e-01	1.620027204186737180e+00
4.100000000000000000e+01	1.325190500000000071e+01	1.136684472598104567e-01	1.611578838331146901e+00
4.200000000000000000e+01	1.352209500000000020e+01	1.168076161956312919e-01	1.602890216065498086e+00
4.300000000000000000e+01	1.379023500000000091e+01	1.199295815919115687e-01	1.593962632701657611e+00
4.400000000000000000e+01	1.405631499999999967e+01	1.230338780217168360e-01	1.584797419176145361e+00
4.500000000000000000e+01	1.432026500000000091e+01	1.261200426922265694e-01	1.575395941851714277e+00
4.600000000000000000e+01	1.458206500000000005e+01	1.291876155137282045e-01	1.565759602313652854e+00
4.700000000000000000e+01	1.484167500000000040e+01	1.322361391682077836e-01	1.555889837160835176e+00
4.800000000000000000e+01	1.509904500000000027e+01	1.352651591775275997e-01	1.545788117791548233e+00
4.900000000000000000e+01	1.535414500000000082e+01	1.382742239711804433e-01	1.535455950184137386e+00
5.000000000000000000e+01	1.560693500000000000e+01	1.412628849536103071e-01	1.524894874672490408e+00
5.100000000000000000e+01	1.585737500000000111e+01	1.442306965710897781e-01	1.514106465716402505e+00
5.200000000000000000e+01	1.610542499999999677e+01	1.471772163781436549e-01	1.503092331666855408e+00
5.300000000000000000e+01	1.635104499999999916e+01	1.501020051035093783e-01	1.491854114526240949e+00
5.400000000000000000e+01	1.659421499999999838e+01	1.530046267156242312e-01	1.480393489703568211e+00
5.500000000000000000e+01	1.683488499999999988e+01	1.558846484876294791e-01	1.468712165764692879e+00
5.600000000000000000e+01	1.707301499999999805e+01	1.587416410618819329e-01	1.456811884177601879e+00
5.700000000000000000e+01	1.730858500000000078e+01	1.615751785139631913e-01	1.444694419052791057e+00
5.800000000000000000e+01	1.754153500000000321e+01	1.643848384161769871e-01	1.432361576878780296e+00
5.900000000000000000e+01	1.777185500000000218e+01	1.671702019005253947e-01	1.419815196252798284e+00
6.000000000000000000e+01	1.799949500000000313e+01	1.699308537211540737e-01	1.407057147606682879e+00
6.100000000000000000e+01	1.822442500000000365e+01	1.726663823162579436e-01	1.394089332928034830e+00
6.200000000000000000e+01	1.844661500000000132e+01	1.753763798694370490e-01	1.380913685476665043e+00
6.300000000000000000e+01	1.866602499999999765e+01	1.780604423704948702e-01	1.367532169496382899e+00
6.400000000000000000e+01	1.888262499999999733e+01	1.807181696756683109e-01	1.353946779922164056e+00
6.500000000000000000e+01	1.909638499999999794e+01	1.833491655672818132e-01	1.340159542082743016e+00
6.600000000000000000e+01	1.930727499999999708e+01	1.859530378128160799e-01	1.326172511398672871e+00
6.700000000000000000e+01	1.951524500000000018e+01	1.885293982233826049e-01	1.311987773075901975e+00
6.800000000000000000e+01	1.972028499999999696e+01	1.910778627115954920e-01	1.297607441794907057e+00
6.900000000000000000e+01	1.992235500000000314e+01	1.935980513488315957e-01	1.283033661395435843e+00
7.000000000000000000e+01	2.012142500000000211e+01	1.960895884218708807e-01	1.268268604556898049e+00
7.100000000000000000e+01	2.031746499999999855e+01	1.985521024889083663e-01	1.253314472474460706e+00
7.200000000000000000e+01	2.051045500000000033e+01	2.009852264349289153e-01	1.238173494530891094e+00
7.300000000000000000e+01	2.070035500000000184e+01	2.033885975264375923e-01	1.222847927964195724e+00
7.400000000000000000e+01	2.088712499999999750e+01	2.057618574655362131e-01	1.207340057531110400e+00
7.500000000000000000e+01	2.107076500000000152e+01	2.081046524433390610e-01	1.191652195166484240e+00
7.600000000000000000e+01	2.125122499999999803e+01	2.104166331927190547e-01	1.175786679638612275e+00
7.700000000000000000e+01	2.142848500000000200e+01	2.126974550403770980e-01	1.159745876200570791e+00
7.800000000000000000e+01	2.160252499999999998e+01	2.149467779582263927e-01	1.143532176237601172e+00
7.900000000000000000e+01	2.177330500000000058e+01	2.171642666140843614e-01	1.127147996910597083e+00
8.000000000000000000e+01	2.194081500000000062e+01	2.193495904216643533e-01	1.110595780795754495e+00
8.100000000000000000e+01	2.210501500000000163e+01	2.215024235898599148e-01	1.093877995520425195e+00
8.200000000000000000e+01	2.226589500000000044e+01	2.236224451713142714e-01	1.076997133395242834e+00
8.300000000000000000e+01	2.242342500000000172e+01	2.257093391102675262e-01	1.059955711042562365e+00
8.400000000000000000e+01	2.257756499999999988e+01	2.277627942896746360e-01	1.042756269021282378e+00
8.500000000000000000e+01	2.272831500000000204e+01	2.297825045775873654e-01	1.025401371448090737e+00
8.600000000000000000e+01	2.287564499999999867e+01	2.317681688727926126e-01	1.007893605615207022e+00
8.700000000000000000e+01	2.301952500000000157e+01	2.337194911497011973e-01	9.902355816046614079e-01
8.800000000000000000e+01	2.315994500000000045e+01	2.356361805024796974e-01	9.724299318991822538e-01
8.900000000000000000e+01	2.329687500000000000e+01	2.375179511884190908e-01	9.544793109897420358e-01
9.000000000000000000e+01	2.343028499999999781e+01	2.393645226705336526e-01	9.363863949798204578e-01
9.100000000000000000e+01	2.356017500000000098e+01	2.411756196593837775e-01	9.181538811864494720e-01
9.200000000000000000e+01	2.368654500000000240e+01	2.429509721541166234e-01	8.997844877380914985e-01
9.300000000000000000e+01	2.380931499999999801e+01	2.446903154827181626e-01	8.812809531694180132e-01
9.400000000000000000e+01	2.392851499999999731e+01	2.463933903414707582e-01	8.626460360130456806e-01
9.500000000000000000e+01	2.404412500000000108e+01	2.480599428336106305e-01	8.438825143882880964e-01
9.600000000000000000e+01	2.415608499999999736e+01	2.496897245071790783e-01	8.249931855869934161e-01
9.700000000000000000e+01	2.426443499999999887e+01	2.512824923920621289e-01	8.059808656565169427e-01
9.800000000000000000e+01	2.436910499999999757e+01	2.528380090362128407e-01	7.868483889799023911e-01
9.900000000000000000e+01	2.447012500000000301e+01	2.543560425410507086e-01	7.675986078533287849e-01
1.000000000000000000e+02	2.456744499999999931e+01	2.558363665960340927e-01	7.482343920608841570e-01
1.010000000000000000e+02	2.466108499999999992e+01	2.572787605123979526e-01	7.287586284467366671e-01
1.020000000000000000e+02	2.475101500000000243e+01	2.586830092560553074e-01	7.091742204847576447e-01
1.030000000000000000e+02	2.483720499999999731e+01	2.600489034796544252e-01	6.894840878456683919e-01
1.040000000000000000e+02	2.491965499999999878e+01	2.613762395537886363e-01	6.696911659617729162e-01
1.050000000000000000e+02	2.499837500000000290e+01	2.626648195973536604e-01	6.497984055893372135e-01
1.060000000000000000e+02	2.507331500000000091e+01	2.639144515070480090e-01	6.298087723686892625e-01
1.070000000000000000e+02	2.514446500000000384e+01	2.651249489860121877e-01	6.097252463820941326e-01
1.080000000000000000e+02	2.521183500000000066e+01	2.662961315716019239e-01	5.895508217094812542e-01
1.090000000000000000e+02	2.527543500000000165e+01	2.674278246622917576e-01	5.692885059820832483e-01
1.100000000000000000e+02	2.533522500000000122e+01	2.685198595437048863e-01	5.489413199340517080e-01
1.110000000000000000e+02	2.539117499999999694e+01	2.695720734137655450e-01	5.285122969521249825e-01
1.120000000000000000e+02	2.544330500000000228e+01	2.705843094069694810e-01	5.080044826234033639e-01
1.130000000000000000e+02	2.549160499999999985e+01	2.715564166177699135e-01	4.874209342813123902e-01
1.140000000000000000e+02	2.553608499999999992e+01	2.724882501230744825e-01	4.667647205498079988e-01
1.150000000000000000e+02	2.557672500000000326e+01	2.733796710038510214e-01	4.460389208859033561e-01
1.160000000000000000e+02	2.561349500000000035e+01	2.742305463658372688e-01	4.252466251205800907e-01
1.170000000000000000e+02	2.564641499999999752e+01	2.750407493593531871e-01	4.043909329981494327e-01
1.180000000000000000e+02	2.567547499999999872e+01	2.758101591982120571e-01	3.834749537141410869e-01
1.190000000000000000e+02	2.570066500000000076e+01	2.765386611777271297e-01	3.625018054517771815e-01
1.200000000000000000e+02	2.572200500000000289e+01	2.772261466918122252e-01	3.414746149171107303e-01
1.210000000000000000e+02	2.573943500000000029e+01	2.778725132491725591e-01	3.203965168728927781e-01
1.220000000000000000e+02	2.575302500000000094e+01	2.784776644885846864e-01	2.992706536712348431e-01
1.230000000000000000e+02	2.576271500000000003e+01	2.790415101932618991e-01	2.781001747851462036e-01
1.240000000000000000e+02	2.576852499999999679e+01	2.795639663043039680e-01	2.568882363390029844e-01
1.250000000000000000e+02	2.577046500000000151e+01	2.800449549332286181e-01	2.356380006380300318e-01
1.260000000000000000e+02	2.576852499999999679e+01	2.804844043735835180e-01	2.143526356968614155e-01
1.270000000000000000e+02	2.576271500000000003e+01	2.808822491116361175e-01	1.930353147672454750e-01
1.280000000000000000e+02	2.575302500000000094e+01	2.812384298361406687e-01	1.716892158649751254e-01
1.290000000000000000e+02	2.573943500000000029e+01	2.815528934471804301e-01	1.503175212961023466e-01
1.300000000000000000e+02	2.572200500000000289e+01	2.818255930640837792e-01	1.289234171825165975e-01
1.310000000000000000e+02	2.570066500000000076e+01	2.820564880324132329e-01	1.075100929869544503e-01
1.320000000000000000e+02	2.567547499999999872e+01	2.822455439300265989e-01	8.608074103750752715e-02
1.330000000000000000e+02	2.564641499999999752e+01	2.823927325722080939e-01	6.463855605170870655e-02
1.340000000000000000e+02	2.561349500000000035e+01	2.824980320158708147e-01	4.318673466025666624e-02
1.350000000000000000e+02	2.557672500000000326e+01	2.825614265628274002e-01	2.172847493045872505e-02
1.360000000000000000e+02	2.553608499999999992e+01	2.825829067621308810e-01	2.669758894598418504e-04
1.370000000000000000e+02	2.549160499999999985e+01	2.825624694114832747e-01	-2.119456295267558785e-02
1.380000000000000000e+02	2.544330500000000228e+01	2.825001175577132040e-01	-4.265294207994800579e-02
1.390000000000000000e+02	2.539117499999999694e+01	2.823958604963215935e-01	-6.410496244741369087e-02
1.400000000000000000e+02	2.533522500000000122e+01	2.822497137700958891e-01	-8.554742595810166383e-02
1.410000000000000000e+02	2.527543500000000165e+01	2.820616991667928564e-01	-1.069771359397892474e-01
1.420000000000000000e+02	2.521183500000000066e+01	2.818318447158904561e-01	-1.283908976215691611e-01
1.430000000000000000e+02	2.514446500000000384e+01	2.815601846844092981e-01	-1.497855186101271774e-01
1.440000000000000000e+02	2.507331500000000091e+01	2.812467595718040059e-01	-1.711578093656714039e-01
1.450000000000000000e+02	2.499837500000000290e+01	2.808916161039253234e-01	-1.925045836774321173e-01
1.460000000000000000e+02	2.491965499999999878e+01	2.804948072260543546e-01	-2.138226591386651609e-01
1.470000000000000000e+02	2.483720499999999731e+01	2.800563920950094321e-01	-2.351088576210925707e-01
1.480000000000000000e+02	2.475101500000000243e+01	2.795764360703267837e-01	-2.563600057486988826e-01
1.490000000000000000e+02	2.466108499999999992e+01	2.790550107045167150e-01	-2.775729353708258906e-01
1.500000000000000000e+02	2.456744499999999931e+01	2.784921937323965313e-01	-2.987444840344816166e-01
1.510000000000000000e+02	2.447012500000000301e+01	2.778880690595015857e-01	-3.198714954558059542e-01
1.520000000000000000e+02	2.436910499999999757e+01	2.772427267495766734e-01	-3.409508199906127190e-01
1.530000000000000000e+02	2.426443499999999887e+01	2.765562630111489950e-01	-3.619793151039418233e-01
1.540000000000000000e+02	2.415608499999999736e+01	2.758287801831855179e-01	-3.829538458385552957e-01
1.550000000000000000e+02	2.404412500000000108e+01	2.750603867198360142e-01	-4.038712852822984312e-01
1.560000000000000000e+02	2.392851499999999731e+01	2.742511971742644383e-01	-4.247285150342661186e-01
1.570000000000000000e+02	2.380931499999999801e+01	2.734013321815714215e-01	-4.455224256696980190e-01
1.580000000000000000e+02	2.368654500000000240e+01	2.725109184408096574e-01	-4.662499172035342032e-01
1.590000000000000000e+02	2.356017500000000098e+01	2.715800886960955118e-01	-4.869078995525683018e-01
1.600000000000000000e+02	2.343028499999999781e+01	2.706089817168192968e-01	-5.074932929961181172e-01
1.610000000000000000e+02	2.329687500000000000e+01	2.695977422769573750e-01	-5.280030286351571345e-01
1.620000000000000000e+02	2.315994500000000045e+01	2.685465211334889801e-01	-5.484340488498298249e-01
1.630000000000000000e+02	2.301952500000000157e+01	2.674554750039213058e-01	-5.687833077552838512e-01
1.640000000000000000e+02	2.287564499999999867e+01	2.663247665429256394e-01	-5.890477716557575016e-01
1.650000000000000000e+02	2.272831500000000204e+01	2.651545643180887590e-01	-6.092244194968462478e-01
1.660000000000000000e+02	2.257756499999999988e+01	2.639450427847825909e-01	-6.293102433158846987e-01
1.670000000000000000e+02	2.242342500000000172e+01	2.626963822601561249e-01	-6.493022486903787804e-01
1.680000000000000000e+02	2.226589500000000044e+01	2.614087688962534184e-01	-6.691974551844197538e-01
1.690000000000000000e+02	2.210501500000000163e+01	2.600823946522620167e-01	-6.889928967930089021e-01
1.700000000000000000e+02	2.194081500000000062e+01	2.587174572658951788e-01	-7.086856223842353808e-01
1.710000000000000000e+02	2.177330500000000058e+01	2.573141602239130132e-01	-7.282726961392343989e-01
1.720000000000000000e+02	2.160252499999999998e+01	2.558727127317861338e-01	-7.477511979898655570e-01
1.730000000000000000e+02	2.142848500000000200e+01	2.543933296825075518e-01	-7.671182240540352915e-01
1.740000000000000000e+02	2.125122499999999803e+01	2.528762316245555253e-01	-7.863708870686180186e-01
1.750000000000000000e+02	2.107076500000000152e+01	2.513216447290141375e-01	-8.055063168198903778e-01
1.760000000000000000e+02	2.088712499999999750e+01	2.497298007558557686e-01	-8.245216605714228431e-01
1.770000000000000000e+02	2.070035500000000184e+01	2.481009370193891783e-01	-8.434140834893772976e-01
1.780000000000000000e+02	2.051045500000000033e+01	2.464352963528809726e-01	-8.621807690651241973e-01
1.790000000000000000e+02	2.031746499999999855e+01	2.447331270723538399e-01	-8.808189195351273648e-01
1.800000000000000000e+02	2.012142500000000211e+01	2.429946829395664143e-01	-8.993257562980481179e-01
1.810000000000000000e+02	1.992235500000000314e+01	2.412202231241832029e-01	-9.176985203289722559e-01
1.820000000000000000e+02	1.972028499999999696e+01	2.394100121651362989e-01	-9.359344725907376983e-01
1.830000000000000000e+02	1.951524500000000018e+01	2.375643199311878451e-01	-9.540308944422720705e-01
1.840000000000000000e+02	1.930727499999999708e+01	2.356834215806981603e-01	-9.719850880438851704e-01
1.850000000000000000e+02	1.909638499999999794e+01	2.337675975206038592e-01	-9.897943767594766795e-01
1.860000000000000000e+02	1.888262499999999733e+01	2.318171333646147358e-01	-1.007456105555566639e+00
1.870000000000000000e+02	1.866602499999999765e+01	2.298323198906347398e-01	-1.024967641397109608e+00
1.880000000000000000e+02	1.844661500000000132e+01	2.278134529974112643e-01	-1.042326373640038106e+00
1.890000000000000000e+02	1.822442500000000365e+01	2.257608336604227661e-01	-1.059529714420456958e+00
1.900000000000000000e+02	1.799949500000000313e+01	2.236747678870092959e-01	-1.076575099040441907e+00
1.910000000000000000e+02	1.777185500000000218e+01	2.215555666707516302e-01	-1.093459986350397095e+00
1.920000000000000000e+02	1.754153500000000321e+01	2.194035459451083303e-01	-1.110181859127886916e+00
1.930000000000000000e+02	1.730858500000000078e+01	2.172190265363164730e-01	-1.126738224452906056e+00
1.940000000000000000e+02	1.707301499999999805e+01	2.150023341155614109e-01	-1.143126614079532866e+00
1.950000000000000000e+02	1.683488499999999988e+01	2.127537991504257486e-01	-1.159344584803896794e+00
1.960000000000000000e+02	1.659421499999999838e+01	2.104737568556234451e-01	-1.175389718828409258e+00
1.970000000000000000e+02	1.635104499999999916e+01	2.081625471430240126e-01	-1.191259624122221528e+00
1.980000000000000000e+02	1.610542499999999677e+01	2.058205145709797734e-01	-1.206951934777823698e+00
1.990000000000000000e+02	1.585737500000000111e+01	2.034480082929570333e-01	-1.222464311363763434e+00
2.000000000000000000e+02	1.560693500000000000e+01	2.010453820054845242e-01	-1.237794441273409429e+00
2.010000000000000000e+02	1.535414500000000082e+01	1.986129938954243612e-01	-1.252940039069714739e+00
2.020000000000000000e+02	1.509904500000000027e+01	1.961512065865719245e-01	-1.267898846825939119e+00
2.030000000000000000e+02	1.484167500000000040e+01	1.936603870855959086e-01	-1.282668634462261092e+00
2.040000000000000000e+02	1.458206500000000005e+01	1.911409067273251439e-01	-1.297247200078237128e+00
2.050000000000000000e+02	1.432026500000000091e+01	1.885931411193882412e-01	-1.311632370281071713e+00
2.060000000000000000e+02	1.405631499999999967e+01	1.860174700862180508e-01	-1.325822000509625509e+00
2.070000000000000000e+02	1.379023500000000091e+01	1.834142776124275953e-01	-1.339813975354127384e+00
2.080000000000000000e+02	1.352209500000000020e+01	1.807839517855638622e-01	-1.353606208871547922e+00
2.090000000000000000e+02	1.325190500000000071e+01	1.781268847382516951e-01	-1.367196644896571778e+00
2.100000000000000000e+02	1.297972500000000018e+01	1.754434725897349723e-01	-1.380583257348131143e+00
2.110000000000000000e+02	1.270559500000000064e+01	1.727341153868210133e-01	-1.393764050531462351e+00
2.120000000000000000e+02	1.242955500000000058e+01	1.699992170442420347e-01	-1.406737059435623882e+00
2.130000000000000000e+02	1.215163500000000063e+01	1.672391852844393456e-01	-1.419500350026440483e+00
2.140000000000000000e+02	1.187189500000000031e+01	1.644544315767782761e-01	-1.432052019534836074e+00
2.150000000000000000e+02	1.159035500000000063e+01	1.616453710762066343e-01	-1.444390196740499954e+00
2.160000000000000000e+02	1.130708500000000072e+01	1.588124225613631035e-01	-1.456513042250847656e+00
2.170000000000000000e+02	1.102210499999999982e+01	1.559560083721439894e-01	-1.468418748775245586e+00
2.180000000000000000e+02	1.073547500000000099e+01	1.530765543467416945e-01	-1.480105541394438839e+00
2.190000000000000000e+02	1.044722499999999954e+01	1.501744897581587246e-01	-1.491571677825163089e+00
2.200000000000000000e+02	1.015739500000000106e+01	1.472502472502117410e-01	-1.502815448679885924e+00
2.210000000000000000e+02	9.866041000000000949e+00	1.443042627730330429e-01	-1.513835177721639891e+00
2.220000000000000000e+02	9.573202999999999463e+00	1.413369755180772236e-01	-1.524629222113925486e+00
2.230000000000000000e+02	9.278925000000000978e+00	1.383488278526465998e-01	-1.535195972665623687e+00
2.240000000000000000e+02	8.983251000000000985e+00	1.353402652539430762e-01	-1.545533854070893609e+00
2.250000000000000000e+02	8.686223000000000027e+00	1.323117362426544374e-01	-1.555641325144028198e+00
2.260000000000000000e+02	8.387890000000000512e+00	1.292636923160890294e-01	-1.565516879049211107e+00
2.270000000000000000e+02	8.088293999999999428e+00	1.261965878808664621e-01	-1.575159043525157676e+00
2.280000000000000000e+02	7.787481000000000542e+00	1.231108801851728551e-01	-1.584566381104605348e+00
2.290000000000000000e+02	7.485497000000000511e+00	1.200070292505941022e-01	-1.593737489328611590e+00
2.300000000000000000e+02	7.182385000000000019e+00	1.168854978035361036e-01	-1.602671000955631309e+00
2.310000000000000000e+02	6.878195000000000725e+00	1.137467512062393521e-01	-1.611365584165352471e+00
2.320000000000000000e+02	6.572968000000000366e+00	1.105912573874028998e-01	-1.619819942757243059e+00
2.330000000000000000e+02	6.266753000000000462e+00	1.074194867724254376e-01	-1.628032816343788047e+00
2.340000000000000000e+02	5.959594000000000058e+00	1.042319122132721876e-01	-1.636002980538395546e+00
2.350000000000000000e+02	5.651540000000000674e+00	1.010290089179831652e-01	-1.643729247137923233e+00
2.360000000000000000e+02	5.342635000000000467e+00	9.781125437982694792e-02	-1.651210464299823766e+00
2.370000000000000000e+02	5.032926999999999929e+00	9.457912830611604760e-02	-1.658445516713858980e+00
2.380000000000000000e+02	4.722461000000000020e+00	9.133311254669213008e-02	-1.665433325768371775e+00
2.390000000000000000e+02	4.411286000000000485e+00	8.807369102208979783e-02	-1.672172849711090148e+00
2.400000000000000000e+02	4.099448000000000647e+00	8.480134965139367320e-02	-1.678663083804430745e+00
2.410000000000000000e+02	3.786993000000000276e+00	8.151657627979774778e-02	-1.684903060475285708e+00
2.420000000000000000e+02	3.473969000000000307e+00	7.821986060587524103e-02	-1.690891849459272400e+00
2.430000000000000000e+02	3.160421000000000369e+00	7.491169410857433097e-02	-1.696628557939417137e+00
2.440000000000000000e+02	2.846401000000000181e+00	7.159256997394856936e-02	-1.702112330679256269e+00
2.450000000000000000e+02	2.531950000000000145e+00	6.826298302163062715e-02	-1.707342350150339527e+00
2.460000000000000000e+02	2.217121000000000119e+00	6.492342963106449705e-02	-1.712317836654104308e+00
2.470000000000000000e+02	1.901959000000000399e+00	6.157440766750536115e-02	-1.717038048438116915e+00
2.480000000000000000e+02	1.586512000000000366e+00	5.821641640779568611e-02	-1.721502281806652990e+00
2.490000000000000000e+02	1.270826000000000233e+00	5.484995646593305435e-02	-1.725709871225606040e+00
2.500000000000000000e+02	9.549496000000002871e-01	5.147552971843866176e-02	-1.729660189421704741e+00
2.510000000000000000e+02	6.389309000000003014e-01	4.809363922953542592e-02	-1.733352647476029684e+00
2.520000000000000000e+02	3.228168000000002924e-01	4.470478917615117176e-02	-1.736786694911809592e+00
2.530000000000000000e+02	6.655000000000267472e-03	4.130948477275601938e-02	-1.739961819776485896e+00
2.540000000000000000e+02	-3.095067999999996933e-01	3.790823219604255029e-02	-1.742877548718037017e+00
2.550000000000000000e+02	-6.256208999999997022e-01	3.450153850946626605e-02	-1.745533447055544807e+00
2.560000000000000000e+02	-9.416395999999996880e-01	3.108991158765013474e-02	-1.747929118843999152e+00
2.570000000000000000e+02	-1.257515999999999634e+00	2.767386004067068014e-02	-1.750064206933324984e+00
2.580000000000000000e+02	-1.573201999999999767e+00	2.425389313823444679e-02	-1.751938393021625906e+00
2.590000000000000000e+02	-1.888648999999999800e+00	2.083052073375384061e-02	-1.753551397702639125e+00
2.600000000000000000e+02	-2.203810999999999520e+00	1.740425318833824925e-02	-1.754902980507387467e+00
2.610000000000000000e+02	-2.518639999999999546e+00	1.397560129470943463e-02	-1.755992939940030695e+00
2.620000000000000000e+02	-2.833090999999999582e+00	1.054507620105035216e-02	-1.756821113507903709e+00
2.630000000000000000e+02	-3.147110999999999770e+00	7.113189334803217932e-03	-1.757387377745741386e+00
2.640000000000000000e+02	-3.460658999999999708e+00	3.680452326425939953e-03	-1.757691648234085413e+00
2.650000000000000000e+02	-3.773682999999999677e+00	2.473769331160508966e-04	-1.757733879611868888e+00
2.660000000000000000e+02	-4.086138000000000048e+00	-3.185525037482021642e-03	-1.757514065583179352e+00
2.670000000000000000e+02	-4.397975999999999885e+00	-6.617741803577201209e-03	-1.757032238918197820e+00
2.680000000000000000e+02	-4.709150999999999421e+00	-1.004876168553039788e-02	-1.756288471448311572e+00
2.690000000000000000e+02	-5.019616999999999329e+00	-1.347807318213567127e-02	-1.755282874055407616e+00
2.700000000000000000e+02	-5.329324999999999868e+00	-1.690516504687478855e-02	-1.754015596655341014e+00
2.710000000000000000e+02	-5.638230000000000075e+00	-2.032952636413631886e-02	-1.752486828175585876e+00
2.720000000000000000e+02	-5.946283999999999459e+00	-2.375064662538164603e-02	-1.750696796527068555e+00
2.730000000000000000e+02	-6.253442999999999863e+00	-2.716801580525400953e-02	-1.748645768570191938e+00
2.740000000000000000e+02	-6.559657999999999767e+00	-3.058112443761309626e-02	-1.746334050075050603e+00
2.750000000000000000e+02	-6.864885000000000126e+00	-3.398946369148616448e-02	-1.743761985675846615e+00
2.760000000000000000e+02	-7.169074999999999420e+00	-3.739252544692676927e-02	-1.740929958819510404e+00
2.770000000000000000e+02	-7.472186999999999912e+00	-4.078980237076529347e-02	-1.737838391708536268e+00
2.780000000000000000e+02	-7.774170999999999943e+00	-4.418078799224208625e-02	-1.734487745238040723e+00
2.790000000000000000e+02	-8.074983999999998829e+00	-4.756497677851431044e-02	-1.730878518927049914e+00
2.800000000000000000e+02	-8.374579999999999913e+00	-5.094186421002076803e-02	-1.727011250844031620e+00
2.810000000000000000e+02	-8.672912999999999428e+00	-5.431094685569562430e-02	-1.722886517526679651e+00
2.820000000000000000e+02	-8.969941000000000386e+00	-5.767172244802209330e-02	-1.718504933895961928e+00
2.830000000000000000e+02	-9.265615000000000379e+00	-6.102368995791041667e-02	-1.713867153164447377e+00
2.840000000000000000e+02	-9.559892999999998864e+00	-6.436634966939126790e-02	-1.708973866738925151e+00
2.850000000000000000e+02	-9.852731000000000350e+00	-6.769920325411556139e-02	-1.703825804117327092e+00
2.860000000000000000e+02	-1.014408500000000046e+01	-7.102175384564519967e-02	-1.698423732779974049e+00
2.870000000000000000e+02	-1.043391499999999894e+01	-7.433350611352586290e-02	-1.692768458075159410e+00
2.880000000000000000e+02	-1.072216500000000039e+01	-7.763396633713304240e-02	-1.686860823099085138e+00
2.890000000000000000e+02	-1.100879499999999922e+01	-8.092264247927589971e-02	-1.680701708570172981e+00
2.900000000000000000e+02	-1.129377500000000012e+01	-8.419904425955004879e-02	-1.674292032697766386e+00
2.910000000000000000e+02	-1.157704500000000003e+01	-8.746268322743094847e-02	-1.667632751045240003e+00
2.920000000000000000e+02	-1.185858499999999971e+01	-9.071307283509098818e-02	-1.660724856387546744e+00
2.930000000000000000e+02	-1.213832500000000003e+01	-9.394972850993618674e-02	-1.653569378563209291e+00
2.940000000000000000e+02	-1.241624499999999998e+01	-9.717216772684635073e-02	-1.646167384320793126e+00
2.950000000000000000e+02	-1.269228500000000004e+01	-1.003799100801098798e-01	-1.638519977159874630e+00
2.960000000000000000e+02	-1.296641499999999958e+01	-1.035724773550446981e-01	-1.630628297166527352e+00
2.970000000000000000e+02	-1.323859500000000011e+01	-1.067493935992904763e-01	-1.622493520843357739e+00
2.980000000000000000e+02	-1.350878499999999960e+01	-1.099101851937635405e-01	-1.614116860934112108e+00
2.990000000000000000e+02	-1.377692500000000031e+01	-1.130543809232661262e-01	-1.605499566242875487e+00
3.000000000000000000e+02	-1.404300499999999907e+01	-1.161815120467350193e-01	-1.596642921447900765e+00
3.010000000000000000e+02	-1.430695500000000031e+01	-1.192911123671214629e-01	-1.587548246910087890e+00
3.020000000000000000e+02	-1.456875499999999946e+01	-1.223827183008938807e-01	-1.578216898476139773e+00
3.030000000000000000e+02	-1.482836499999999980e+01	-1.254558689471487742e-01	-1.568650267276431531e+00
3.040000000000000000e+02	-1.508573499999999967e+01	-1.285101061563218849e-01	-1.558849779517622824e+00
3.050000000000000000e+02	-1.534083500000000022e+01	-1.315449745984910990e-01	-1.548816896270030163e+00
3.060000000000000000e+02	-1.559362499999999940e+01	-1.345600218312569263e-01	-1.538553113249813364e+00
3.070000000000000000e+02	-1.584406500000000051e+01	-1.375547983671926155e-01	-1.528059960595992361e+00
3.080000000000000000e+02	-1.609211499999999972e+01	-1.405288577408559669e-01	-1.517339002642327239e+00
3.090000000000000000e+02	-1.633773500000000212e+01	-1.434817565753471746e-01	-1.506391837684112334e+00
3.100000000000000000e+02	-1.658090500000000134e+01	-1.464130546484096185e-01	-1.495220097739892839e+00
3.110000000000000000e+02	-1.682157500000000283e+01	-1.493223149580582276e-01	-1.483825448308165207e+00
3.120000000000000000e+02	-1.705970500000000101e+01	-1.522091037877276176e-01	-1.472209588119083756e+00
3.130000000000000000e+02	-1.729527499999999662e+01	-1.550729907709324507e-01	-1.460374248881207260e+00
3.140000000000000000e+02	-1.752822499999999906e+01	-1.579135489554264471e-01	-1.448321195023335672e+00
3.150000000000000000e+02	-1.775854499999999803e+01	-1.607303548668524429e-01	-1.436052223431469432e+00
3.160000000000000000e+02	-1.798618499999999898e+01	-1.635229885718756937e-01	-1.423569163180921304e+00
3.170000000000000000e+02	-1.821111499999999950e+01	-1.662910337407874917e-01	-1.410873875263639166e+00
3.180000000000000000e+02	-1.843330499999999716e+01	-1.690340777095717117e-01	-1.397968252310768156e+00
3.190000000000000000e+02	-1.865271500000000060e+01	-1.717517115414263773e-01	-1.384854218310490159e+00
3.200000000000000000e+02	-1.886931500000000028e+01	-1.744435300877279771e-01	-1.371533728321194578e+00
3.210000000000000000e+02	-1.908307500000000090e+01	-1.771091320484310949e-01	-1.358008768180019921e+00
3.220000000000000000e+02	-1.929396500000000003e+01	-1.797481200318957750e-01	-1.344281354206795287e+00
3.230000000000000000e+02	-1.950193500000000313e+01	-1.823601006141308545e-01	-1.330353532903448155e+00
3.240000000000000000e+02	-1.970697499999999991e+01	-1.849446843974452692e-01	-1.316227380648911982e+00
3.250000000000000000e+02	-1.990904499999999899e+01	-1.875014860685016715e-01	-1.301905003389569604e+00
3.260000000000000000e+02	-2.010811499999999796e+01	-1.900301244557578151e-01	-1.287388536325304367e+00
3.270000000000000000e+02	-2.030415500000000151e+01	-1.925302225862933203e-01	-1.272680143591173429e+00
3.280000000000000000e+02	-2.049714499999999617e+01	-1.950014077420089142e-01	-1.257782017934780727e+00
3.290000000000000000e+02	-2.068704499999999769e+01	-1.974433115151917328e-01	-1.242696380389376243e+00
3.300000000000000000e+02	-2.087381500000000045e+01	-1.998555698634376376e-01	-1.227425479942745978e+00
3.310000000000000000e+02	-2.105745499999999737e+01	-2.022378231639239965e-01	-1.211971593201923492e+00
3.320000000000000000e+02	-2.123791500000000099e+01	-2.045897162670225200e-01	-1.196337024053792275e+00
3.330000000000000000e+02	-2.141517499999999785e+01	-2.069108985492446318e-01	-1.180524103321623830e+00
3.340000000000000000e+02	-2.158921500000000293e+01	-2.092010239655141268e-01	-1.164535188417587630e+00
3.350000000000000000e+02	-2.175999499999999642e+01	-2.114597511007554331e-01	-1.148372662991308912e+00
3.360000000000000000e+02	-2.192750499999999647e+01	-2.136867432207918693e-01	-1.132038936574513599e+00
3.370000000000000000e+02	-2.209170499999999748e+01	-2.158816683225473210e-01	-1.115536444221806089e+00
3.380000000000000000e+02	-2.225258499999999628e+01	-2.180441991835412319e-01	-1.098867646147649868e+00
3.390000000000000000e+02	-2.241011499999999756e+01	-2.201740134106709990e-01	-1.082035027359600221e+00
3.400000000000000000e+02	-2.256425500000000284e+01	-2.222707934882758030e-01	-1.065041097287826810e+00
3.410000000000000000e+02	-2.271500499999999789e+01	-2.243342268254711058e-01	-1.047888389411015142e+00
3.420000000000000000e+02	-2.286233500000000163e+01	-2.263640058027510948e-01	-1.030579460878661147e+00
3.430000000000000000e+02	-2.300621499999999742e+01	-2.283598278178487206e-01	-1.013116892129853897e+00
3.440000000000000000e+02	-2.314663499999999630e+01	-2.303213953308475559e-01	-9.955032865085826632e-01
3.450000000000000000e+02	-2.328356500000000295e+01	-2.322484159085402289e-01	-9.777412698756196008e-01
3.460000000000000000e+02	-2.341697500000000076e+01	-2.341406022680245225e-01	-9.598334902170565508e-01
3.470000000000000000e+02	-2.354686499999999683e+01	-2.359976723195313375e-01	-9.417826172495428194e-01
3.480000000000000000e+02	-2.367323499999999825e+01	-2.378193492084799965e-01	-9.235913420222736647e-01
3.490000000000000000e+02	-2.379600500000000096e+01	-2.396053613567515617e-01	-9.052623765158078761e-01
3.500000000000000000e+02	-2.391520500000000027e+01	-2.413554425031757544e-01	-8.867984532377657381e-01
3.510000000000000000e+02	-2.403081499999999693e+01	-2.430693317432263134e-01	-8.682023248154561168e-01
3.520000000000000000e+02	-2.414277500000000032e+01	-2.447467735679166312e-01	-8.494767635855137167e-01
3.530000000000000000e+02	-2.425112500000000182e+01	-2.463875179018909234e-01	-8.306245611806000184e-01
3.540000000000000000e+02	-2.435579500000000053e+01	-2.479913201407067391e-01	-8.116485281132149732e-01
3.550000000000000000e+02	-2.445681499999999886e+01	-2.495579411873003195e-01	-7.925514933567050502e-01
3.560000000000000000e+02	-2.455413500000000226e+01	-2.510871474876315013e-01	-7.733363039235208181e-01
3.570000000000000000e+02	-2.464777500000000288e+01	-2.525787110655026146e-01	-7.540058244407705779e-01
3.580000000000000000e+02	-2.473770499999999828e+01	-2.540324095565451024e-01	-7.345629367231687468e-01
3.590000000000000000e+02	-2.482389500000000027e+01	-2.554480262413701963e-01	-7.150105393434011969e-01
3.600000000000000000e+02	-2.490634500000000173e+01	-2.568253500778778231e-01	-6.953515472000061370e-01
3.610000000000000000e+02	-2.498506499999999875e+01	-2.581641757327186038e-01	-6.755888910828216076e-01
3.620000000000000000e+02	-2.506000499999999676e+01	-2.594643036119056445e-01	-6.557255172360502149e-01
3.630000000000000000e+02	-2.513115499999999969e+01	-2.607255398905703458e-01	-6.357643869190335861e-01
3.640000000000000000e+02	-2.519852499999999651e+01	-2.619476965418574554e-01	-6.157084759647880601e-01
3.650000000000000000e+02	-2.526212499999999750e+01	-2.631305913649572559e-01	-5.955607743363541262e-01
3.660000000000000000e+02	-2.532191499999999706e+01	-2.642740480122676705e-01	-5.753242856810540928e-01
3.670000000000000000e+02	-2.537786499999999990e+01	-2.653778960156845113e-01	-5.550020268827071668e-01
3.680000000000000000e+02	-2.542999499999999813e+01	-2.664419708120153718e-01	-5.345970276118606757e-01
3.690000000000000000e+02	-2.547829500000000280e+01	-2.674661137675127809e-01	-5.141123298741261394e-01
3.700000000000000000e+02	-2.552277500000000288e+01	-2.684501722015233405e-01	-4.935509875566774785e-01
3.710000000000000000e+02	-2.556341499999999911e+01	-2.693939994092498513e-01	-4.729160659729646499e-01
3.720000000000000000e+02	-2.560018499999999619e+01	-2.702974546836222070e-01	-4.522106414057368018e-01
3.730000000000000000e+02	-2.563310500000000047e+01	-2.711604033362741695e-01	-4.314378006484302364e-01
3.740000000000000000e+02	-2.566216500000000167e+01	-2.719827167176226967e-01	-4.106006405449757479e-01
3.750000000000000000e+02	-2.568735499999999661e+01	-2.727642722360477667e-01	-3.897022675281215376e-01
3.760000000000000000e+02	-2.570869499999999874e+01	-2.735049533761677032e-01	-3.687457971563266046e-01
3.770000000000000000e+02	-2.572612500000000324e+01	-2.742046497162102248e-01	-3.477343536492781828e-01
3.780000000000000000e+02	-2.573971499999999679e+01	-2.748632569444736662e-01	-3.266710694221406919e-01
3.790000000000000000e+02	-2.574940500000000299e+01	-2.754806768748784274e-01	-3.055590846185606280e-01
3.800000000000000000e+02	-2.575521499999999975e+01	-2.760568174616042647e-01	-2.844015466425340866e-01
3.810000000000000000e+02	-2.575715499999999736e+01	-2.765915928128127588e-01	-2.632016096891918178e-01
3.820000000000000000e+02	-2.575521499999999975e+01	-2.770849232034524601e-01	-2.419624342745583800e-01
3.830000000000000000e+02	-2.577046500000000151e+01	-2.775367350871438821e-01	-2.206871867643825647e-01
3.840000000000000000e+02	-2.575736500000000007e+01	-2.779469611071443413e-01	-1.993790389020959897e-01
3.850000000000000000e+02	-2.574377499999999941e+01	-2.783155401063893142e-01	-1.780411673359556801e-01
3.860000000000000000e+02	-2.573551499999999947e+01	-2.786424171366101432e-01	-1.566767531454696660e-01
3.870000000000000000e+02	-2.571611500000000206e+01	-2.789275434665253739e-01	-1.352889813671620256e-01
3.880000000000000000e+02	-2.567976499999999618e+01	-2.791708765891059429e-01	-1.138810405197337033e-01
3.890000000000000000e+02	-2.565067499999999967e+01	-2.793723802279123869e-01	-9.245612212871846813e-02
3.900000000000000000e+02	-2.563468499999999750e+01	-2.795320243425022944e-01	-7.101742025069054942e-02
3.910000000000000000e+02	-2.559980499999999637e+01	-2.796497851329097228e-01	-4.956813099708086423e-02
3.920000000000000000e+02	-2.554027500000000117e+01	-2.797256450431924168e-01	-2.811145205770097105e-02
3.930000000000000000e+02	-2.551849500000000148e+01	-2.797595927640497693e-01	-6.650582224031727566e-03
3.940000000000000000e+02	-2.547208499999999987e+01	-2.797516232345083065e-01	1.481127908766791124e-02
3.950000000000000000e+02	-2.542182499999999834e+01	-2.797017376426766955e-01	3.627093231332183254e-02
3.960000000000000000e+02	-2.536773499999999615e+01	-2.796099434255681637e-01	5.772517821804313415e-02
3.970000000000000000e+02	-2.527944500000000261e+01	-2.794762542679919415e-01	7.917081837307583803e-02
3.980000000000000000e+02	-2.524809499999999929e+01	-2.793006901005132825e-01	1.006046556326163632e-01
3.990000000000000000e+02	-2.514838499999999755e+01	-2.790832770964818965e-01	1.220234946104578749e-01
4.000000000000000000e+02	-2.511325500000000233e+01	-2.788240476681301816e-01	1.434241421563582086e-01
4.010000000000000000e+02	-2.500217500000000115e+01	-2.785230404617412003e-01	1.648034078320743667e-01
4.020000000000000000e+02	-2.496328499999999906e+01	-2.781803003518870110e-01	1.861581043870070284e-01
4.030000000000000000e+02	-2.488265499999999975e+01	-2.777958784347388521e-01	2.074850482333553958e-01
4.040000000000000000e+02	-2.479825499999999749e+01	-2.773698320204498469e-01	2.287810599207263651e-01
4.050000000000000000e+02	-2.471013500000000107e+01	-2.769022246246106711e-01	2.500429646101407499e-01
4.060000000000000000e+02	-2.461828500000000020e+01	-2.763931259587809608e-01	2.712675925473377880e-01
4.070000000000000000e+02	-2.452273499999999729e+01	-2.758426119200964588e-01	2.924517795353221983e-01
4.080000000000000000e+02	-2.442349500000000262e+01	-2.752507645799541214e-01	3.135923674060961397e-01
4.090000000000000000e+02	-2.426774499999999790e+01	-2.746176721717768499e-01	3.346862044914786227e-01
4.100000000000000000e+02	-2.415932500000000260e+01	-2.739434290778596792e-01	3.557301460929560566e-01
4.110000000000000000e+02	-2.404727499999999907e+01	-2.732281358152988671e-01	3.767210549505074502e-01
4.120000000000000000e+02	-2.398988500000000101e+01	-2.724718990210067138e-01	3.976558017103067888e-01
4.130000000000000000e+02	-2.387241499999999661e+01	-2.716748314358142236e-01	4.185312653912472425e-01
4.140000000000000000e+02	-2.375135499999999666e+01	-2.708370518876632715e-01	4.393443338502314166e-01
4.150000000000000000e+02	-2.356302500000000322e+01	-2.699586852738918297e-01	4.600919042461222297e-01
4.160000000000000000e+02	-2.343304499999999990e+01	-2.690398625426136947e-01	4.807708835023294935e-01
4.170000000000000000e+02	-2.329952500000000271e+01	-2.680807206731970482e-01	5.013781887679251703e-01
4.180000000000000000e+02	-2.323145499999999686e+01	-2.670814026558430143e-01	5.219107478772346820e-01
4.190000000000000000e+02	-2.302198500000000081e+01	-2.660420574702686558e-01	5.423654998078486500e-01
4.200000000000000000e+02	-2.287800500000000170e+01	-2.649628400634967407e-01	5.627393951369599190e-01
4.210000000000000000e+02	-2.273057500000000175e+01	-2.638439113267564418e-01	5.830293964959715192e-01
4.220000000000000000e+02	-2.265558500000000208e+01	-2.626854380714966908e-01	6.032324790233201117e-01
4.230000000000000000e+02	-2.242547499999999872e+01	-2.614875930045182928e-01	6.233456308154223802e-01
4.240000000000000000e+02	-2.226784500000000122e+01	-2.602505547022265220e-01	6.433658533756895226e-01
4.250000000000000000e+02	-2.210685500000000303e+01	-2.589745075840085287e-01	6.632901620615563321e-01
4.260000000000000000e+02	-2.194253499999999946e+01	-2.576596418847395542e-01	6.831155865294304963e-01
4.270000000000000000e+02	-2.177491500000000002e+01	-2.563061536264233942e-01	7.028391711775123785e-01
4.280000000000000000e+02	-2.160401499999999686e+01	-2.549142445889680531e-01	7.224579755864279917e-01
4.290000000000000000e+02	-2.142986499999999950e+01	-2.534841222801045846e-01	7.419690749575870159e-01
4.300000000000000000e+02	-2.125247499999999690e+01	-2.520159999044521704e-01	7.613695605492113438e-01
4.310000000000000000e+02	-2.107189499999999782e+01	-2.505100963317319351e-01	7.806565401099844204e-01
4.320000000000000000e+02	-2.088812500000000227e+01	-2.489666360641389631e-01	7.998271383102203425e-01
4.330000000000000000e+02	-2.070122500000000088e+01	-2.473858492028720990e-01	8.188784971705324045e-01
4.340000000000000000e+02	-2.051119500000000073e+01	-2.457679714138306104e-01	8.378077764879003908e-01
4.350000000000000000e+02	-2.031808499999999640e+01	-2.441132438924810688e-01	8.566121542590873217e-01
4.360000000000000000e+02	-2.012190499999999815e+01	-2.424219133278990301e-01	8.752888271013563593e-01
4.370000000000000000e+02	-1.992269499999999738e+01	-2.406942318659924529e-01	8.938350106703986109e-01
4.380000000000000000e+02	-1.972048499999999649e+01	-2.389304570719119059e-01	9.122479400754229806e-01
4.390000000000000000e+02	-1.951530499999999790e+01	-2.371308518916516728e-01	9.305248702913588854e-01
4.400000000000000000e+02	-1.930718499999999693e+01	-2.352956846128496649e-01	9.486630765680826860e-01
4.410000000000000000e+02	-1.909615500000000310e+01	-2.334252288247912754e-01	9.666598548366241994e-01
4.420000000000000000e+02	-1.888225500000000068e+01	-2.315197633776214237e-01	9.845125221123018910e-01
4.430000000000000000e+02	-1.866550500000000312e+01	-2.295795723407735578e-01	1.002218416894700370e+00
4.440000000000000000e+02	-1.844594500000000181e+01	-2.276049449606206976e-01	1.019774899564447113e+00
4.450000000000000000e+02	-1.822360499999999917e+01	-2.255961756173532895e-01	1.037179352776738783e+00
4.460000000000000000e+02	-1.799851499999999760e+01	-2.235535637810929510e-01	1.054429181851535446e+00
4.470000000000000000e+02	-1.777071500000000270e+01	-2.214774139672477105e-01	1.071521815160373148e+00
4.480000000000000000e+02	-1.754024499999999875e+01	-2.193680356911131557e-01	1.088454704509756565e+00
4.490000000000000000e+02	-1.730712499999999920e+01	-2.172257434217307326e-01	1.105225325521036472e+00
4.500000000000000000e+02	-1.707140499999999861e+01	-2.150508565350052748e-01	1.121831178006756691e+00
4.510000000000000000e+02	-1.683310499999999621e+01	-2.128436992660924232e-01	1.138269786343380829e+00
4.520000000000000000e+02	-1.659227500000000077e+01	-2.106046006610616250e-01	1.154538699840359506e+00
4.530000000000000000e+02	-1.634894500000000050e+01	-2.083338945278405963e-01	1.170635493105488756e+00
4.540000000000000000e+02	-1.610314499999999782e+01	-2.060319193864512122e-01	1.186557766406487691e+00
4.550000000000000000e+02	-1.585492499999999971e+01	-2.036990184185429598e-01	1.202303146028750769e+00
4.560000000000000000e+02	-1.560431499999999971e+01	-2.013355394162300027e-01	1.217869284629230275e+00
4.570000000000000000e+02	-1.535135499999999986e+01	-1.989418347302422674e-01	1.233253861586379951e+00
4.580000000000000000e+02	-1.509607499999999902e+01	-1.965182612173971277e-01	1.248454583346110702e+00
4.590000000000000000e+02	-1.483853500000000025e+01	-1.940651801873975735e-01	1.263469183763725523e+00
4.600000000000000000e+02	-1.457874499999999962e+01	-1.915829573489682136e-01	1.278295424441755257e+00
4.610000000000000000e+02	-1.431676500000000019e+01	-1.890719627553354154e-01	1.292931095063659219e+00
4.620000000000000000e+02	-1.405263500000000043e+01	-1.865325707490582685e-01	1.307374013723347828e+00
4.630000000000000000e+02	-1.378637499999999960e+01	-1.839651599062214760e-01	1.321622027250461962e+00
4.640000000000000000e+02	-1.351804499999999898e+01	-1.813701129799974165e-01	1.335673011531366861e+00
4.650000000000000000e+02	-1.324767499999999920e+01	-1.787478168435834847e-01	1.349524871825824812e+00
4.660000000000000000e+02	-1.297530500000000053e+01	-1.760986624325271976e-01	1.363175543079277352e+00
4.670000000000000000e+02	-1.270098499999999930e+01	-1.734230446864455377e-01	1.376622990230705890e+00
4.680000000000000000e+02	-1.242475499999999933e+01	-1.707213624901454396e-01	1.389865208516025685e+00
4.690000000000000000e+02	-1.214664499999999947e+01	-1.679940186141589964e-01	1.402900223766953447e+00
4.700000000000000000e+02	-1.186671499999999924e+01	-1.652414196546965197e-01	1.415726092705323680e+00
4.710000000000000000e+02	-1.158499499999999927e+01	-1.624639759730312216e-01	1.428340903232794057e+00
4.720000000000000000e+02	-1.130151500000000020e+01	-1.596621016343225952e-01	1.440742774715900509e+00
4.730000000000000000e+02	-1.101634499999999939e+01	-1.568362143458858771e-01	1.452929858266429175e+00
4.740000000000000000e+02	-1.072951499999999925e+01	-1.539867353949200546e-01	1.464900337017050136e+00
4.750000000000000000e+02	-1.044106500000000004e+01	-1.511140895857025213e-01	1.476652426392174533e+00
4.760000000000000000e+02	-1.015104499999999987e+01	-1.482187051762575702e-01	1.488184374374007524e+00
4.770000000000000000e+02	-9.859488999999999947e+00	-1.453010138145114372e-01	1.499494461763738906e+00
4.780000000000000000e+02	-9.566451999999999956e+00	-1.423614504739424691e-01	1.510581002437840548e+00
4.790000000000000000e+02	-9.271969999999999601e+00	-1.394004533887333308e-01	1.521442343599441971e+00
4.800000000000000000e+02	-8.976093000000000544e+00	-1.364184639884390426e-01	1.532076866024728146e+00
4.810000000000000000e+02	-8.678863999999999024e+00	-1.334159268321788161e-01	1.542482984304333282e+00
4.820000000000000000e+02	-8.380324999999999136e+00	-1.303932895423591254e-01	1.552659147079702429e+00
4.830000000000000000e+02	-8.080522999999999456e+00	-1.273510027379422815e-01	1.562603837274364915e+00
4.840000000000000000e+02	-7.779504999999999448e+00	-1.242895199672681694e-01	1.572315572320102106e+00
4.850000000000000000e+02	-7.477312999999999654e+00	-1.212092976404370720e-01	1.581792904377975262e+00
4.860000000000000000e+02	-7.173993999999999538e+00	-1.181107949612692082e-01	1.591034420554165107e+00
4.870000000000000000e+02	-6.869593000000000060e+00	-1.149944738588444398e-01	1.600038743110614448e+00
4.880000000000000000e+02	-6.564159000000000077e+00	-1.118607989186378715e-01	1.608804529670418537e+00
4.890000000000000000e+02	-6.257734000000000130e+00	-1.087102373132595168e-01	1.617330473417949221e+00
4.900000000000000000e+02	-5.950363999999999542e+00	-1.055432587328062055e-01	1.625615303293679981e+00
4.910000000000000000e+02	-5.642097999999999836e+00	-1.023603353148401646e-01	1.633657784183673689e+00
4.920000000000000000e+02	-5.332981999999999445e+00	-9.916194157400289033e-02	1.641456717103715768e+00
4.930000000000000000e+02	-5.023061999999999472e+00	-9.594855433127230659e-02	1.649010939378061869e+00
4.940000000000000000e+02	-4.712384000000000128e+00	-9.272065264287843167e-02	1.656319324812771221e+00
4.950000000000000000e+02	-4.400993999999999851e+00	-8.947871772888572883e-02	1.663380783863597889e+00
4.960000000000000000e+02	-4.088943999999999690e+00	-8.622323290145068875e-02	1.670194263798426171e+00
4.970000000000000000e+02	-3.776273999999999909e+00	-8.295468349276967357e-02	1.676758748854210834e+00
4.980000000000000000e+02	-3.463034999999999641e+00	-7.967355678272572406e-02	1.683073260388407322e+00
4.990000000000000000e+02	-3.149272999999999545e+00	-7.638034192624262864e-02	1.689136857024872151e+00
5.000000000000000000e+02	-2.835037999999999503e+00	-7.307552988036190855e-02	1.694948634794203102e+00
5.010000000000000000e+02	-2.520371999999999613e+00	-6.975961333105085149e-02	1.700507727268502967e+00
5.020000000000000000e+02	-2.205326999999999593e+00	-6.643308661975080853e-02	1.705813305690550008e+00
5.030000000000000000e+02	-1.889947999999999739e+00	-6.309644566968079793e-02	1.710864579097349347e+00
5.040000000000000000e+02	-1.574283999999999795e+00	-5.975018791190535999e-02	1.715660794438049974e+00
5.050000000000000000e+02	-1.258381999999999667e+00	-5.639481221117506604e-02	1.720201236686212498e+00
5.060000000000000000e+02	-9.422896999999996748e-01	-5.303081879155706335e-02	1.724485228946403215e+00
5.070000000000000000e+02	-6.260540999999997247e-01	-4.965870916185925049e-02	1.728512132555111380e+00
5.080000000000000000e+02	-3.097233999999997045e-01	-4.627898604086543022e-02	1.732281347175956832e+00
5.090000000000000000e+02	6.654999999901748189e-03	-4.289215328238993319e-02	1.735792310889192391e+00
5.100000000000000000e+02	3.230334000000003036e-01	-3.949871580016102446e-02	1.739044500275474858e+00
5.110000000000000000e+02	6.393641000000003238e-01	-3.609917949254832364e-02	1.742037430493896588e+00
