0.000000000000000000e+00	1.946166999999999536e+00	-2.577721103747806705e-02	2.112835312756883965e+00
1.000000000000000000e+00	2.296024999999999761e+00	-2.164856233466361246e-02	2.114848482208606661e+00
2.000000000000000000e+00	2.645540999999999698e+00	-1.751628923405478683e-02	2.116546650030830090e+00
3.000000000000000000e+00	2.994659999999999656e+00	-1.338100722785879812e-02	2.117929563285513961e+00
4.000000000000000000e+00	3.343331999999999748e+00	-9.243332256452147649e-03	2.118997015991031407e+00
5.000000000000000000e+00	3.691501999999999395e+00	-5.103880616637806664e-03	2.119748849152852888e+00
6.000000000000000000e+00	4.039120999999999739e+00	-9.632688698492475159e-04	2.120184950787224576e+00
7.000000000000000000e+00	4.386131999999999920e+00	3.177886249684893846e-03	2.120305255937850131e+00
8.000000000000000000e+00	4.732485999999999748e+00	7.318967926801905194e-03	2.120109746685564289e+00
9.000000000000000000e+00	5.078130999999999950e+00	1.145935935727814339e-02	2.119598452151003176e+00
1.000000000000000000e+01	5.423012999999999195e+00	1.559844383970056605e-02	2.118771448490265996e+00
1.100000000000000000e+01	5.767080999999999236e+00	1.973560486732290134e-02	2.117628858883573439e+00
1.200000000000000000e+01	6.110284999999999300e+00	2.387022621989290383e-02	2.116170853516917472e+00
1.300000000000000000e+01	6.452568999999999555e+00	2.800169205543683384e-02	2.114397649556714498e+00
1.400000000000000000e+01	6.793885999999999648e+00	3.212938700198768316e-02	2.112309511117458793e+00
1.500000000000000000e+01	7.134180999999999884e+00	3.625269624924335604e-02	2.109906749222382416e+00
1.600000000000000000e+01	7.473404999999999632e+00	4.037100564014119153e-02	2.107189721757130485e+00
1.700000000000000000e+01	7.811506999999999756e+00	4.448370176233518158e-02	2.104158833416453600e+00
1.800000000000000000e+01	8.148432999999998927e+00	4.859017203956228492e-02	2.100814535643928949e+00
1.900000000000000000e+01	8.484137999999999735e+00	5.268980482288419115e-02	2.097157326564721647e+00
2.000000000000000000e+01	8.818565999999998795e+00	5.678198948179099398e-02	2.093187750911388090e+00
2.100000000000000000e+01	9.151669000000000054e+00	6.086611649515310390e-02	2.088906399942738634e+00
2.200000000000000000e+01	9.483394999999999797e+00	6.494157754200799437e-02	2.084313911355773818e+00
2.300000000000000000e+01	9.813697999999998700e+00	6.900776559216816042e-02	2.079410969190696790e+00
2.400000000000000000e+01	1.014252999999999894e+01	7.306407499663677974e-02	2.074198303729032133e+00
2.500000000000000000e+01	1.046982999999999997e+01	7.710990157781774657e-02	2.068676691384847555e+00
2.600000000000000000e+01	1.079555000000000042e+01	8.114464271950637408e-02	2.062846954589112602e+00
2.700000000000000000e+01	1.111965999999999966e+01	8.516769745664780344e-02	2.056709961667196218e+00
2.800000000000000000e+01	1.144209999999999994e+01	8.917846656484912371e-02	2.050266626709534634e+00
2.900000000000000000e+01	1.176280999999999999e+01	9.317635264963254615e-02	2.043517909435477620e+00
3.000000000000000000e+01	1.208174999999999955e+01	9.716076023541588003e-02	2.036464815050342381e+00
3.100000000000000000e+01	1.239888000000000012e+01	1.011310958542071259e-01	2.029108394095688883e+00
3.200000000000000000e+01	1.271414000000000044e+01	1.050867681340001136e-01	2.021449742292845464e+00
3.300000000000000000e+01	1.302749000000000024e+01	1.090271878868580568e-01	2.013490000379703382e+00
3.400000000000000000e+01	1.333888999999999925e+01	1.129517681966716036e-01	2.005230353940806509e+00
3.500000000000000000e+01	1.364827000000000012e+01	1.168599245065785885e-01	1.996672033230761256e+00
3.600000000000000000e+01	1.395561000000000007e+01	1.207510747060324685e-01	1.987816312990993151e+00
3.700000000000000000e+01	1.426083999999999996e+01	1.246246392175060641e-01	1.978664512259877828e+00
3.800000000000000000e+01	1.456392999999999915e+01	1.284800410828185468e-01	1.969217994176272191e+00
3.900000000000000000e+01	1.486482999999999954e+01	1.323167060490718916e-01	1.959478165776479264e+00
4.000000000000000000e+01	1.516348999999999947e+01	1.361340626541843180e-01	1.949446477784672505e+00
4.100000000000000000e+01	1.545987000000000045e+01	1.399315423120083002e-01	1.939124424396814872e+00
4.200000000000000000e+01	1.575393000000000043e+01	1.437085793970202530e-01	1.928513543058101742e+00
4.300000000000000000e+01	1.604561999999999955e+01	1.474646113285688342e-01	1.917615414233960536e+00
4.400000000000000000e+01	1.633489000000000146e+01	1.511990786546702770e-01	1.906431661174646797e+00
4.500000000000000000e+01	1.662171000000000021e+01	1.549114251353371774e-01	1.894963949673463155e+00
4.600000000000000000e+01	1.690601999999999805e+01	1.586010978254292492e-01	1.883213987818643576e+00
4.700000000000000000e+01	1.718778999999999968e+01	1.622675471570131367e-01	1.871183525738938425e+00
4.800000000000000000e+01	1.746697999999999951e+01	1.659102270212192975e-01	1.858874355342935436e+00
4.900000000000000000e+01	1.774354000000000298e+01	1.695285948495835471e-01	1.846288310052162318e+00
5.000000000000000000e+01	1.801742999999999739e+01	1.731221116948613581e-01	1.833427264527998535e+00
5.100000000000000000e+01	1.828860999999999848e+01	1.766902423113027865e-01	1.820293134392453549e+00
5.200000000000000000e+01	1.855702999999999747e+01	1.802324552343760045e-01	1.806887875942835953e+00
5.300000000000000000e+01	1.882267000000000223e+01	1.837482228599277012e-01	1.793213485860369216e+00
5.400000000000000000e+01	1.908547999999999689e+01	1.872370215227685819e-01	1.779272000912791585e+00
5.500000000000000000e+01	1.934541000000000111e+01	1.906983315746716701e-01	1.765065497650982307e+00
5.600000000000000000e+01	1.960242999999999824e+01	1.941316374617731710e-01	1.750596092099665713e+00
5.700000000000000000e+01	1.985649999999999693e+01	1.975364278013626018e-01	1.735865939442234884e+00
5.800000000000000000e+01	2.010759000000000185e+01	2.009121954580522507e-01	1.720877233699740438e+00
5.900000000000000000e+01	2.035564999999999714e+01	2.042584376193135876e-01	1.705632207404098155e+00
6.000000000000000000e+01	2.060063999999999851e+01	2.075746558703701616e-01	1.690133131265557420e+00
6.100000000000000000e+01	2.084253999999999962e+01	2.108603562684352450e-01	1.674382313834485325e+00
6.200000000000000000e+01	2.108129999999999882e+01	2.141150494162834261e-01	1.658382101157512389e+00
6.300000000000000000e+01	2.131689000000000078e+01	2.173382505351450222e-01	1.642134876428096302e+00
6.400000000000000000e+01	2.154926999999999992e+01	2.205294795369129868e-01	1.625643059631548981e+00
6.500000000000000000e+01	2.177841000000000093e+01	2.236882610956506534e-01	1.608909107184586684e+00
6.600000000000000000e+01	2.200426999999999822e+01	2.268141247183905196e-01	1.591935511569453121e+00
6.700000000000000000e+01	2.222681999999999647e+01	2.299066048152130504e-01	1.574724800962668203e+00
6.800000000000000000e+01	2.244603000000000037e+01	2.329652407685949833e-01	1.557279538858464152e+00
6.900000000000000000e+01	2.266185999999999723e+01	2.359895770020176142e-01	1.539602323686958929e+00
7.000000000000000000e+01	2.287427999999999884e+01	2.389791630478234064e-01	1.521695788427124274e+00
7.100000000000000000e+01	2.308324999999999960e+01	2.419335536143123744e-01	1.503562600214612965e+00
7.200000000000000000e+01	2.328875999999999635e+01	2.448523086520670300e-01	1.485205459944492379e+00
7.300000000000000000e+01	2.349074999999999847e+01	2.477349934194967018e-01	1.466627101868954952e+00
7.400000000000000000e+01	2.368921000000000276e+01	2.505811785475915987e-01	1.447830293190055961e+00
7.500000000000000000e+01	2.388410999999999973e+01	2.533904401038756804e-01	1.428817833647546554e+00
7.600000000000000000e+01	2.407542000000000115e+01	2.561623596555508975e-01	1.409592555101858879e+00
7.700000000000000000e+01	2.426312000000000069e+01	2.588965243318215315e-01	1.390157321112307054e+00
7.800000000000000000e+01	2.444713000000000136e+01	2.615925268853904750e-01	1.370515026510567447e+00
7.900000000000000000e+01	2.462749999999999773e+01	2.642499657531174884e-01	1.350668596969499369e+00
8.000000000000000000e+01	2.480413000000000068e+01	2.668684451158312987e-01	1.330620988567374319e+00
8.100000000000000000e+01	2.497706000000000159e+01	2.694475749572857737e-01	1.310375187347574188e+00
8.200000000000000000e+01	2.514620999999999640e+01	2.719869711222521746e-01	1.289934208873827481e+00
8.300000000000000000e+01	2.531156999999999613e+01	2.744862553737376087e-01	1.269301097781049492e+00
8.400000000000000000e+01	2.547312999999999761e+01	2.769450554493232408e-01	1.248478927321848397e+00
8.500000000000000000e+01	2.563087000000000160e+01	2.793630051166112738e-01	1.227470798908774974e+00
8.600000000000000000e+01	2.578472000000000008e+01	2.817397442277747577e-01	1.206279841652371676e+00
8.700000000000000000e+01	2.593471999999999866e+01	2.840749187732006242e-01	1.184909211895101677e+00
8.800000000000000000e+01	2.608080999999999960e+01	2.863681809342185636e-01	1.163362092741217824e+00
8.900000000000000000e+01	2.622296999999999656e+01	2.886191891349078609e-01	1.141641693582645889e+00
9.000000000000000000e+01	2.636119000000000057e+01	2.908276080929741436e-01	1.119751249620954958e+00
9.100000000000000000e+01	2.649544000000000210e+01	2.929931088696890451e-01	1.097694021385482444e+00
9.200000000000000000e+01	2.662568999999999875e+01	2.951153689188848461e-01	1.075473294247682787e+00
9.300000000000000000e+01	2.675195999999999685e+01	2.971940721349967118e-01	1.053092377931783341e+00
9.400000000000000000e+01	2.687416999999999945e+01	2.992289089001464175e-01	1.030554606021805819e+00
9.500000000000000000e+01	2.699235000000000184e+01	3.012195761302584596e-01	1.007863335465037924e+00
9.600000000000000000e+01	2.710647999999999769e+01	3.031657773202041106e-01	9.850219460720254228e-01
9.700000000000000000e+01	2.721654000000000195e+01	3.050672225879653698e-01	9.620338400131541734e-01
9.800000000000000000e+01	2.732245999999999952e+01	3.069236287178115918e-01	9.389024413119085866e-01
9.900000000000000000e+01	2.742430999999999841e+01	3.087347192024844089e-01	9.156311953348683641e-01
1.000000000000000000e+02	2.752201999999999771e+01	3.105002242843824534e-01	8.922235682785323307e-01
1.010000000000000000e+02	2.761558000000000135e+01	3.122198809957410504e-01	8.686830466530349737e-01
1.020000000000000000e+02	2.770499000000000223e+01	3.138934331978011083e-01	8.450131367628382906e-01
1.030000000000000000e+02	2.779023000000000110e+01	3.155206316189598237e-01	8.212173641844783267e-01
1.040000000000000000e+02	2.787127999999999872e+01	3.171012338918993145e-01	7.972992732414380113e-01
1.050000000000000000e+02	2.794816000000000145e+01	3.186350045896869099e-01	7.732624264762273381e-01
1.060000000000000000e+02	2.802078999999999809e+01	3.201217152608408778e-01	7.491104041197537144e-01
1.070000000000000000e+02	2.808923999999999666e+01	3.215611444633583171e-01	7.248468035580524216e-01
1.080000000000000000e+02	2.815346999999999866e+01	3.229530777976979405e-01	7.004752387964667815e-01
1.090000000000000000e+02	2.821343000000000245e+01	3.242973079387145852e-01	6.759993399213498622e-01
1.100000000000000000e+02	2.826915999999999940e+01	3.255936346665399550e-01	6.514227525593706547e-01
1.110000000000000000e+02	2.832063999999999737e+01	3.268418648964044326e-01	6.267491373345089878e-01
1.120000000000000000e+02	2.836784000000000106e+01	3.280418127073971846e-01	6.019821693228127879e-01
1.130000000000000000e+02	2.841080000000000183e+01	3.291932993701581212e-01	5.771255375050036163e-01
1.140000000000000000e+02	2.844944999999999879e+01	3.302961533734994348e-01	5.521829442170143043e-01
1.150000000000000000e+02	2.848382999999999754e+01	3.313502104499518319e-01	5.271581045985316294e-01
1.160000000000000000e+02	2.851393000000000200e+01	3.323553136002317943e-01	5.020547460396381778e-01
1.170000000000000000e+02	2.853974000000000188e+01	3.333113131166259846e-01	4.768766076256252262e-01
1.180000000000000000e+02	2.856127000000000038e+01	3.342180666052901317e-01	4.516274395800631836e-01
1.190000000000000000e+02	2.857845999999999975e+01	3.350754390074580646e-01	4.263110027062186336e-01
1.200000000000000000e+02	2.859138999999999697e+01	3.358833026195586768e-01	4.009310678268873107e-01
1.210000000000000000e+02	2.859998999999999825e+01	3.366415371122367106e-01	3.754914152227427082e-01
1.220000000000000000e+02	2.860430000000000206e+01	3.373500295482757538e-01	3.499958340692706504e-01
1.230000000000000000e+02	2.860430000000000206e+01	3.380086743994198950e-01	3.244481218723795357e-01
1.240000000000000000e+02	2.859998999999999825e+01	3.386173735620919278e-01	2.988520839027734022e-01
1.250000000000000000e+02	2.859138999999999697e+01	3.391760363720056071e-01	2.732115326291648660e-01
1.260000000000000000e+02	2.857845999999999975e+01	3.396845796176699572e-01	2.475302871504152513e-01
1.270000000000000000e+02	2.856127000000000038e+01	3.401429275527832474e-01	2.218121726266925886e-01
1.280000000000000000e+02	2.853974000000000188e+01	3.405510119075155218e-01	1.960610197097190366e-01
1.290000000000000000e+02	2.851393000000000200e+01	3.409087718986770210e-01	1.702806639722080628e-01
1.300000000000000000e+02	2.848382999999999754e+01	3.412161542387714963e-01	1.444749453365633263e-01
1.310000000000000000e+02	2.844944999999999879e+01	3.414731131439338596e-01	1.186477075029303413e-01
1.320000000000000000e+02	2.841080000000000183e+01	3.416796103407488960e-01	9.280279737668951923e-02
1.330000000000000000e+02	2.836784000000000106e+01	3.418356150719524256e-01	6.694406449546523585e-02
1.340000000000000000e+02	2.832063999999999737e+01	3.419411041010124164e-01	4.107536045574954053e-02
1.350000000000000000e+02	2.826915999999999940e+01	3.419960617155899940e-01	1.520053833921479469e-02
1.360000000000000000e+02	2.821343000000000245e+01	3.420004797298796806e-01	-1.067654786119518265e-02
1.370000000000000000e+02	2.815346999999999866e+01	3.419543574858289747e-01	-3.655204381530524627e-02
1.380000000000000000e+02	2.808923999999999666e+01	3.418577018532357181e-01	-6.242209542980365483e-02
1.390000000000000000e+02	2.802078999999999809e+01	3.417105272287256357e-01	-8.828284942230144039e-02
1.400000000000000000e+02	2.794816000000000145e+01	3.415128555336074956e-01	-1.141304538952663539e-01
1.410000000000000000e+02	2.787127999999999872e+01	3.412647162106079990e-01	-1.399610589097575464e-01
1.420000000000000000e+02	2.779023000000000110e+01	3.409661462194865655e-01	-1.657708170588614860e-01
1.430000000000000000e+02	2.770499000000000223e+01	3.406171900315302925e-01	-1.915558840407554364e-01
1.440000000000000000e+02	2.761558000000000135e+01	3.402178996229296426e-01	-2.173124192313085068e-01
1.450000000000000000e+02	2.752201999999999771e+01	3.397683344670371919e-01	-2.430365862561299495e-01
1.460000000000000000e+02	2.742430999999999841e+01	3.392685615255089937e-01	-2.687245535619920411e-01
1.470000000000000000e+02	2.732245999999999952e+01	3.387186552383308347e-01	-2.943724949875271557e-01
1.480000000000000000e+02	2.721654000000000195e+01	3.381186975127306593e-01	-3.199765903331270867e-01
1.490000000000000000e+02	2.710647999999999769e+01	3.374687777109783848e-01	-3.455330259299536078e-01
1.500000000000000000e+02	2.699235000000000184e+01	3.367689926370761033e-01	-3.710379952079732591e-01
1.510000000000000000e+02	2.687416999999999945e+01	3.360194465223388383e-01	-3.964876992629374763e-01
1.520000000000000000e+02	2.675195999999999685e+01	3.352202510098699073e-01	-4.218783474222221330e-01
1.530000000000000000e+02	2.662568999999999875e+01	3.343715251379317799e-01	-4.472061578094359557e-01
1.540000000000000000e+02	2.649544000000000210e+01	3.334733953222156488e-01	-4.724673579077253716e-01
1.550000000000000000e+02	2.636119000000000057e+01	3.325259953370121035e-01	-4.976581851216790864e-01
1.560000000000000000e+02	2.622296999999999656e+01	3.315294662952857907e-01	-5.227748873377584538e-01
1.570000000000000000e+02	2.608080999999999960e+01	3.304839566276570606e-01	-5.478137234831680358e-01
1.580000000000000000e+02	2.593471999999999866e+01	3.293896220602933744e-01	-5.727709640830758175e-01
1.590000000000000000e+02	2.578472000000000008e+01	3.282466255917144138e-01	-5.976428918161116322e-01
1.600000000000000000e+02	2.563087000000000160e+01	3.270551374685136681e-01	-6.224258020680544234e-01
1.610000000000000000e+02	2.547312999999999761e+01	3.258153351600010517e-01	-6.471160034836220820e-01
1.620000000000000000e+02	2.531156999999999613e+01	3.245274033317687157e-01	-6.717098185162946322e-01
1.630000000000000000e+02	2.514620999999999640e+01	3.231915338181858832e-01	-6.962035839760719602e-01
1.640000000000000000e+02	2.497706000000000159e+01	3.218079255938254279e-01	-7.205936515750990257e-01
1.650000000000000000e+02	2.480413000000000068e+01	3.203767847438274141e-01	-7.448763884710688510e-01
1.660000000000000000e+02	2.462749999999999773e+01	3.188983244332025402e-01	-7.690481778083289033e-01
1.670000000000000000e+02	2.444713000000000136e+01	3.173727648750824248e-01	-7.931054192565978322e-01
1.680000000000000000e+02	2.426312000000000069e+01	3.158003332979190114e-01	-8.170445295472293923e-01
1.690000000000000000e+02	2.407542000000000115e+01	3.141812639116395300e-01	-8.408619430069315115e-01
1.700000000000000000e+02	2.388410999999999973e+01	3.125157978727615138e-01	-8.645541120888632358e-01
1.710000000000000000e+02	2.368921000000000276e+01	3.108041832484728650e-01	-8.881175079010373841e-01
1.720000000000000000e+02	2.349074999999999847e+01	3.090466749796832446e-01	-9.115486207319342116e-01
1.730000000000000000e+02	2.328875999999999635e+01	3.072435348430510027e-01	-9.348439605732697943e-01
1.740000000000000000e+02	2.308324999999999960e+01	3.053950314119921461e-01	-9.580000576398223222e-01
1.750000000000000000e+02	2.287427999999999884e+01	3.035014400166770598e-01	-9.810134628862489103e-01
1.760000000000000000e+02	2.266185999999999723e+01	3.015630427030207561e-01	-1.003880748520811217e+00
1.770000000000000000e+02	2.244603000000000037e+01	2.995801281906725344e-01	-1.026598508515941255e+00
1.780000000000000000e+02	2.222681999999999647e+01	2.975529918300122700e-01	-1.049163359115554250e+00
1.790000000000000000e+02	2.200426999999999822e+01	2.954819355581586038e-01	-1.071571939339056367e+00
1.800000000000000000e+02	2.177841000000000093e+01	2.933672678539958056e-01	-1.093820911481952596e+00
1.810000000000000000e+02	2.154926999999999992e+01	2.912093036922270284e-01	-1.115906961612989301e+00
1.820000000000000000e+02	2.131689000000000078e+01	2.890083644964591136e-01	-1.137826800067760491e+00
1.830000000000000000e+02	2.108129999999999882e+01	2.867647780913277766e-01	-1.159577161938688761e+00
1.840000000000000000e+02	2.084253999999999962e+01	2.844788786536684988e-01	-1.181154807561331177e+00
1.850000000000000000e+02	2.060063999999999851e+01	2.821510066627421764e-01	-1.202556522996915955e+00
1.860000000000000000e+02	2.035564999999999714e+01	2.797815088495209657e-01	-1.223779120511052865e+00
1.870000000000000000e+02	2.010759000000000185e+01	2.773707381450438714e-01	-1.244819439048539644e+00
1.880000000000000000e+02	1.985649999999999693e+01	2.749190536278485197e-01	-1.265674344704190712e+00
1.890000000000000000e+02	1.960242999999999824e+01	2.724268204704872742e-01	-1.286340731189626219e+00
1.900000000000000000e+02	1.934541000000000111e+01	2.698944098851353557e-01	-1.306815520295946609e+00
1.910000000000000000e+02	1.908547999999999689e+01	2.673221990683002924e-01	-1.327095662352224315e+00
1.920000000000000000e+02	1.882267000000000223e+01	2.647105711446385290e-01	-1.347178136679746174e+00
1.930000000000000000e+02	1.855702999999999747e+01	2.620599151098908508e-01	-1.367059952041933091e+00
1.940000000000000000e+02	1.828860999999999848e+01	2.593706257729416764e-01	-1.386738147089880080e+00
1.950000000000000000e+02	1.801742999999999739e+01	2.566431036970135970e-01	-1.406209790803442328e+00
1.960000000000000000e+02	1.774354000000000298e+01	2.538777551400045462e-01	-1.425471982927801529e+00
1.970000000000000000e+02	1.746697999999999951e+01	2.510749919939759822e-01	-1.444521854405454997e+00
1.980000000000000000e+02	1.718778999999999968e+01	2.482352317238033790e-01	-1.463356567803552055e+00
1.990000000000000000e+02	1.690601999999999805e+01	2.453588973049954380e-01	-1.481973317736524187e+00
2.000000000000000000e+02	1.662171000000000021e+01	2.424464171606929008e-01	-1.500369331283939900e+00
2.010000000000000000e+02	1.633489000000000146e+01	2.394982250978558991e-01	-1.518541868403525896e+00
2.020000000000000000e+02	1.604561999999999955e+01	2.365147602426497797e-01	-1.536488222339287946e+00
2.030000000000000000e+02	1.575393000000000043e+01	2.334964669750375643e-01	-1.554205720024678161e+00
2.040000000000000000e+02	1.545987000000000045e+01	2.304437948625915611e-01	-1.571691722480739406e+00
2.050000000000000000e+02	1.516348999999999947e+01	2.273571985935306794e-01	-1.588943625209176203e+00
2.060000000000000000e+02	1.486482999999999954e+01	2.242371379089960204e-01	-1.605958858580288418e+00
2.070000000000000000e+02	1.456392999999999915e+01	2.210840775345734588e-01	-1.622734888215710214e+00
2.080000000000000000e+02	1.426083999999999996e+01	2.178984871110735688e-01	-1.639269215365903420e+00
2.090000000000000000e+02	1.395561000000000007e+01	2.146808411245803294e-01	-1.655559377282335154e+00
2.100000000000000000e+02	1.364827000000000012e+01	2.114316188357771575e-01	-1.671602947584301946e+00
2.110000000000000000e+02	1.333888999999999925e+01	2.081513042085622600e-01	-1.687397536620331540e+00
2.120000000000000000e+02	1.302749000000000024e+01	2.048403858379635456e-01	-1.702940791824116840e+00
2.130000000000000000e+02	1.271414000000000044e+01	2.014993568773628951e-01	-1.718230398064925613e+00
2.140000000000000000e+02	1.239888000000000012e+01	1.981287149650431956e-01	-1.733264077992431762e+00
2.150000000000000000e+02	1.208174999999999955e+01	1.947289621500654655e-01	-1.748039592375921769e+00
2.160000000000000000e+02	1.176280999999999999e+01	1.913006048174902551e-01	-1.762554740437824563e+00
2.170000000000000000e+02	1.144209999999999994e+01	1.878441536129527578e-01	-1.776807360181508866e+00
2.180000000000000000e+02	1.111965999999999966e+01	1.843601233666028461e-01	-1.790795328713311596e+00
2.190000000000000000e+02	1.079555000000000042e+01	1.808490330164232995e-01	-1.804516562558733384e+00
2.200000000000000000e+02	1.046982999999999997e+01	1.773114055309344961e-01	-1.817969017972770329e+00
2.210000000000000000e+02	1.014252999999999894e+01	1.737477678312997487e-01	-1.831150691244323836e+00
2.220000000000000000e+02	9.813697999999998700e+00	1.701586507128416415e-01	-1.844059618994648098e+00
2.230000000000000000e+02	9.483394999999999797e+00	1.665445887659814661e-01	-1.856693878469790837e+00
2.240000000000000000e+02	9.151669000000000054e+00	1.629061202966127497e-01	-1.869051587826984662e+00
2.250000000000000000e+02	8.818565999999998795e+00	1.592437872459225578e-01	-1.881130906414940851e+00
2.260000000000000000e+02	8.484137999999999735e+00	1.555581351096702314e-01	-1.892930035048010051e+00
2.270000000000000000e+02	8.148432999999998927e+00	1.518497128569372967e-01	-1.904447216274168353e+00
2.280000000000000000e+02	7.811506999999999756e+00	1.481190728483597063e-01	-1.915680734636783455e+00
2.290000000000000000e+02	7.473404999999999632e+00	1.443667707538548450e-01	-1.926628916930131163e+00
2.300000000000000000e+02	7.134180999999999884e+00	1.405933654698563184e-01	-1.937290132448610702e+00
2.310000000000000000e+02	6.793885999999999648e+00	1.367994190360673490e-01	-1.947662793229638423e+00
2.320000000000000000e+02	6.452568999999999555e+00	1.329854965517462684e-01	-1.957745354290168827e+00
2.330000000000000000e+02	6.110284999999999300e+00	1.291521660915366243e-01	-1.967536313856816932e+00
2.340000000000000000e+02	5.767080999999999236e+00	1.252999986208531702e-01	-1.977034213589544231e+00
2.350000000000000000e+02	5.423012999999999195e+00	1.214295679108387954e-01	-1.986237638798874050e+00
2.360000000000000000e+02	5.078130999999999950e+00	1.175414504529020965e-01	-1.995145218656606323e+00
2.370000000000000000e+02	4.732485999999999748e+00	1.136362253728505634e-01	-2.003755626399999379e+00
2.380000000000000000e+02	4.386131999999999920e+00	1.097144743446312604e-01	-2.012067579529388084e+00
2.390000000000000000e+02	4.039120999999999739e+00	1.057767815036912834e-01	-2.020079839999209703e+00
2.400000000000000000e+02	3.691501999999999395e+00	1.018237333599731620e-01	-2.027791214402407061e+00
2.410000000000000000e+02	3.343331999999999748e+00	9.785591871055489277e-02	-2.035200554148183905e+00
2.420000000000000000e+02	2.994659999999999656e+00	9.387392855195024477e-02	-2.042306755633083171e+00
2.430000000000000000e+02	2.645540999999999698e+00	8.987835599208132686e-02	-2.049108760405369711e+00
2.440000000000000000e+02	2.296024999999999761e+00	8.586979616193608777e-02	-2.055605555322681077e+00
2.450000000000000000e+02	1.946166999999999536e+00	8.184884612692576444e-02	-2.061796172702934360e+00
2.460000000000000000e+02	1.596017999999999493e+00	7.781610479795286750e-02	-2.067679690468458453e+00
2.470000000000000000e+02	1.245631999999999628e+00	7.377217284220501103e-02	-2.073255232283336191e+00
2.480000000000000000e+02	8.950603999999995342e-01	6.971765259368685463e-02	-2.078521967683933713e+00
2.490000000000000000e+02	5.443570999999995941e-01	6.565314796350421589e-02	-2.083479112202593519e+00
2.500000000000000000e+02	1.935744999999995664e-01	6.157926434991220499e-02	-2.088125927484482336e+00
2.510000000000000000e+02	-1.572345000000004156e-01	5.749660854814356292e-02	-2.092461721397562702e+00
2.520000000000000000e+02	-5.080171000000004433e-01	5.340578866002738262e-02	-2.096485848135689611e+00
2.530000000000000000e+02	-8.587204000000003834e-01	4.930741400341388109e-02	-2.100197708314797573e+00
2.540000000000000000e+02	-1.209292000000000478e+00	4.520209502141815661e-02	-2.103596749062180304e+00
2.550000000000000000e+02	-1.559678000000000342e+00	4.109044319149555979e-02	-2.106682464098837748e+00
2.560000000000000000e+02	-1.909827000000000385e+00	3.697307093436441594e-02	-2.109454393814886419e+00
2.570000000000000000e+02	-2.259685000000000610e+00	3.285059152278690248e-02	-2.111912125338016644e+00
2.580000000000000000e+02	-2.609201000000000548e+00	2.872361899022364898e-02	-2.114055292594988700e+00
2.590000000000000000e+02	-2.958320000000000505e+00	2.459276803937505973e-02	-2.115883576366160312e+00
2.600000000000000000e+02	-3.306992000000000598e+00	2.045865395062223743e-02	-2.117396704333029511e+00
2.610000000000000000e+02	-3.655162000000000244e+00	1.632189249038333220e-02	-2.118594451118801736e+00
2.620000000000000000e+02	-4.002781000000000589e+00	1.218309981939598788e-02	-2.119476638321953654e+00
2.630000000000000000e+02	-4.349792000000000769e+00	8.042892400941857242e-03	-2.120043134542808350e+00
2.640000000000000000e+02	-4.696146000000000598e+00	3.901886909025985804e-03	-2.120293855403107663e+00
2.650000000000000000e+02	-5.041791000000000800e+00	-2.392998634758911579e-04	-2.120228763558578144e+00
2.660000000000000000e+02	-5.386673000000000044e+00	-4.380051096686279899e-03	-2.119847868704494598e+00
2.670000000000000000e+02	-5.730741000000000085e+00	-8.519750035600369420e-03	-2.119151227574235463e+00
2.680000000000000000e+02	-6.073945000000000149e+00	-1.265778008195007562e-02	-2.118138943930833573e+00
2.690000000000000000e+02	-6.416229000000000404e+00	-1.679352488604487006e-02	-2.116811168551518296e+00
2.700000000000000000e+02	-6.757546000000000497e+00	-2.092636843857546142e-02	-2.115168099205261498e+00
2.710000000000000000e+02	-7.097841000000000733e+00	-2.505569516236747299e-02	-2.113209980623317552e+00
2.720000000000000000e+02	-7.437065000000000481e+00	-2.918089000406935002e-02	-2.110937104462770719e+00
2.730000000000000000e+02	-7.775167000000000606e+00	-3.330133852576362685e-02	-2.108349809263096564e+00
2.740000000000000000e+02	-8.112092999999999776e+00	-3.741642699648588255e-02	-2.105448480395734734e+00
2.750000000000000000e+02	-8.447798000000000584e+00	-4.152554248363832939e-02	-2.102233550006688656e+00
2.760000000000000000e+02	-8.782225999999999644e+00	-4.562807294428526672e-02	-2.098705496952160132e+00
2.770000000000000000e+02	-9.115329000000000903e+00	-4.972340731631449962e-02	-2.094864846727223728e+00
2.780000000000000000e+02	-9.447055000000000646e+00	-5.381093560945420656e-02	-2.090712171387556939e+00
2.790000000000000000e+02	-9.777357999999999549e+00	-5.789004899612936600e-02	-2.086248089464230571e+00
2.800000000000000000e+02	-1.010618999999999978e+01	-6.196013990214501582e-02	-2.081473265871584211e+00
2.810000000000000000e+02	-1.043349000000000082e+01	-6.602060209718359218e-02	-2.076388411808185008e+00
2.820000000000000000e+02	-1.075921000000000127e+01	-7.007083078510059626e-02	-2.070994284650899964e+00
2.830000000000000000e+02	-1.108332000000000050e+01	-7.411022269400806273e-02	-2.065291687842083057e+00
2.840000000000000000e+02	-1.140576000000000079e+01	-7.813817616613046024e-02	-2.059281470769907418e+00
2.850000000000000000e+02	-1.172647000000000084e+01	-8.215409124741987479e-02	-2.052964528641848307e+00
2.860000000000000000e+02	-1.204541000000000039e+01	-8.615736977691840215e-02	-2.046341802351345329e+00
2.870000000000000000e+02	-1.236254000000000097e+01	-9.014741547585193582e-02	-2.039414278337660313e+00
2.880000000000000000e+02	-1.267780000000000129e+01	-9.412363403644499749e-02	-2.032182988438945959e+00
2.890000000000000000e+02	-1.299115000000000109e+01	-9.808543321044128904e-02	-2.024649009738558991e+00
2.900000000000000000e+02	-1.330255000000000010e+01	-1.020322228973176287e-01	-2.016813464404629386e+00
2.910000000000000000e+02	-1.361193000000000097e+01	-1.059634152321785178e-01	-2.008677519522917621e+00
2.920000000000000000e+02	-1.391927000000000092e+01	-1.098784246733162523e-01	-2.000242386922978177e+00
2.930000000000000000e+02	-1.422450000000000081e+01	-1.137766680894267690e-01	-1.991509322997662812e+00
2.940000000000000000e+02	-1.452759000000000000e+01	-1.176575648464652929e-01	-1.982479628515980918e+00
2.950000000000000000e+02	-1.482849000000000039e+01	-1.215205368941305042e-01	-1.973154648429356284e+00
2.960000000000000000e+02	-1.512715000000000032e+01	-1.253650088519635830e-01	-1.963535771671297558e+00
2.970000000000000000e+02	-1.542353000000000129e+01	-1.291904080950503353e-01	-1.953624430950519297e+00
2.980000000000000000e+02	-1.571759000000000128e+01	-1.329961648393114260e-01	-1.943422102537546658e+00
2.990000000000000000e+02	-1.600928000000000395e+01	-1.367817122263709217e-01	-1.932930306044825297e+00
3.000000000000000000e+02	-1.629854999999999876e+01	-1.405464864079883913e-01	-1.922150604200379975e+00
3.010000000000000000e+02	-1.658536999999999750e+01	-1.442899266300426420e-01	-1.911084602615050532e+00
3.020000000000000000e+02	-1.686968000000000245e+01	-1.480114753160551300e-01	-1.899733949543337852e+00
3.030000000000000000e+02	-1.715144999999999698e+01	-1.517105781502389172e-01	-1.888100335637903360e+00
3.040000000000000000e+02	-1.743064000000000391e+01	-1.553866841600632376e-01	-1.876185493697748008e+00
3.050000000000000000e+02	-1.770720000000000027e+01	-1.590392457983194063e-01	-1.863991198410116290e+00
3.060000000000000000e+02	-1.798109000000000179e+01	-1.626677190246763882e-01	-1.851519266086162574e+00
3.070000000000000000e+02	-1.825227000000000288e+01	-1.662715633867150877e-01	-1.838771554390412843e+00
3.080000000000000000e+02	-1.852069000000000187e+01	-1.698502421004264851e-01	-1.825749962064072696e+00
3.090000000000000000e+02	-1.878632999999999953e+01	-1.734032221301648746e-01	-1.812456428642213346e+00
3.100000000000000000e+02	-1.904914000000000129e+01	-1.769299742680420784e-01	-1.798892934164882940e+00
3.110000000000000000e+02	-1.930906999999999840e+01	-1.804299732127517264e-01	-1.785061498882183795e+00
3.120000000000000000e+02	-1.956609000000000265e+01	-1.839026976478120856e-01	-1.770964182953359778e+00
3.130000000000000000e+02	-1.982016000000000133e+01	-1.873476303192139758e-01	-1.756603086139943759e+00
3.140000000000000000e+02	-2.007124999999999915e+01	-1.907642581124651682e-01	-1.741980347493000014e+00
3.150000000000000000e+02	-2.031931000000000154e+01	-1.941520721290175278e-01	-1.727098145034520194e+00
3.160000000000000000e+02	-2.056430000000000291e+01	-1.975105677620660471e-01	-1.711958695433009270e+00
3.170000000000000000e+02	-2.080619999999999692e+01	-2.008392447717087526e-01	-1.696564253673321199e+00
3.180000000000000000e+02	-2.104496000000000322e+01	-2.041376073594568519e-01	-1.680917112720781370e+00
3.190000000000000000e+02	-2.128054999999999808e+01	-2.074051642420818853e-01	-1.665019603179656915e+00
3.200000000000000000e+02	-2.151292999999999722e+01	-2.106414287247916350e-01	-1.648874092946018166e+00
3.210000000000000000e+02	-2.174206999999999823e+01	-2.138459187737221379e-01	-1.632482986855046780e+00
3.220000000000000000e+02	-2.196793000000000262e+01	-2.170181570877354194e-01	-1.615848726322840490e+00
3.230000000000000000e+02	-2.219048000000000087e+01	-2.201576711695125976e-01	-1.598973788982768207e+00
3.240000000000000000e+02	-2.240968999999999767e+01	-2.232639933959306711e-01	-1.581860688316437447e+00
3.250000000000000000e+02	-2.262552000000000163e+01	-2.263366610877144414e-01	-1.564511973279312240e+00
3.260000000000000000e+02	-2.283794000000000324e+01	-2.293752165783511376e-01	-1.546930227921055279e+00
3.270000000000000000e+02	-2.304690999999999690e+01	-2.323792072822587762e-01	-1.529118071000638901e+00
3.280000000000000000e+02	-2.325242000000000075e+01	-2.353481857621982365e-01	-1.511078155596285555e+00
3.290000000000000000e+02	-2.345441000000000287e+01	-2.382817097959167296e-01	-1.492813168710303451e+00
3.300000000000000000e+02	-2.365287000000000006e+01	-2.411793424420173027e-01	-1.474325830868856491e+00
3.310000000000000000e+02	-2.384776999999999703e+01	-2.440406521050393074e-01	-1.455618895716753070e+00
3.320000000000000000e+02	-2.403907999999999845e+01	-2.468652125997430613e-01	-1.436695149607299493e+00
3.330000000000000000e+02	-2.422677999999999798e+01	-2.496526032145906238e-01	-1.417557411187271077e+00
3.340000000000000000e+02	-2.441078999999999866e+01	-2.524024087744078937e-01	-1.398208530977092856e+00
3.350000000000000000e+02	-2.459116000000000213e+01	-2.551142197022256419e-01	-1.378651390946250332e+00
3.360000000000000000e+02	-2.476778999999999797e+01	-2.577876320802845456e-01	-1.358888904084031068e+00
3.370000000000000000e+02	-2.494071999999999889e+01	-2.604222477101964528e-01	-1.338924013965647974e+00
3.380000000000000000e+02	-2.510987000000000080e+01	-2.630176741722573541e-01	-1.318759694313789144e+00
3.390000000000000000e+02	-2.527523000000000053e+01	-2.655735248838952400e-01	-1.298398948555701926e+00
3.400000000000000000e+02	-2.543679000000000201e+01	-2.680894191572521512e-01	-1.277844809375827673e+00
3.410000000000000000e+02	-2.559452999999999889e+01	-2.705649822558862105e-01	-1.257100338264095951e+00
3.420000000000000000e+02	-2.574837999999999738e+01	-2.729998454505871419e-01	-1.236168625059928639e+00
3.430000000000000000e+02	-2.589838000000000306e+01	-2.753936460742987813e-01	-1.215052787492002073e+00
3.440000000000000000e+02	-2.604446999999999690e+01	-2.777460275761361452e-01	-1.193755970713884285e+00
3.450000000000000000e+02	-2.618663000000000096e+01	-2.800566395744941151e-01	-1.172281346835558846e+00
3.460000000000000000e+02	-2.632484999999999786e+01	-2.823251379092352464e-01	-1.150632114450953258e+00
3.470000000000000000e+02	-2.645909999999999940e+01	-2.845511846929511535e-01	-1.128811498161518267e+00
3.480000000000000000e+02	-2.658935000000000315e+01	-2.867344483612913608e-01	-1.106822748095922293e+00
3.490000000000000000e+02	-2.671562000000000126e+01	-2.888746037223474672e-01	-1.084669139425964435e+00
3.500000000000000000e+02	-2.683783000000000385e+01	-2.909713320050911212e-01	-1.062353971878732706e+00
3.510000000000000000e+02	-2.695600999999999914e+01	-2.930243209068529309e-01	-1.039880569245130060e+00
3.520000000000000000e+02	-2.707014000000000209e+01	-2.950332646398403647e-01	-1.017252278884793082e+00
3.530000000000000000e+02	-2.718019999999999925e+01	-2.969978639766833739e-01	-9.944724712275149203e-01
3.540000000000000000e+02	-2.728612000000000393e+01	-2.989178262950035747e-01	-9.715445392712335204e-01
3.550000000000000000e+02	-2.738797000000000281e+01	-3.007928656210002161e-01	-9.484718980766403407e-01
3.560000000000000000e+02	-2.748568000000000211e+01	-3.026227026720445523e-01	-9.252579842585290093e-01
3.570000000000000000e+02	-2.757923999999999864e+01	-3.044070648982790117e-01	-9.019062554739080140e-01
3.580000000000000000e+02	-2.766864999999999952e+01	-3.061456865232126678e-01	-8.784201899069956632e-01
3.590000000000000000e+02	-2.775388999999999839e+01	-3.078383085833073518e-01	-8.548032857511583815e-01
3.600000000000000000e+02	-2.783494000000000312e+01	-3.094846789665507969e-01	-8.310590606878508479e-01
3.610000000000000000e+02	-2.791181999999999874e+01	-3.110845524500069903e-01	-8.071910513626798789e-01
3.620000000000000000e+02	-2.798445000000000249e+01	-3.126376907363425106e-01	-7.832028128586171478e-01
3.630000000000000000e+02	-2.805290000000000106e+01	-3.141438624893198028e-01	-7.590979181664833098e-01
3.640000000000000000e+02	-2.811713000000000306e+01	-3.156028433682539491e-01	-7.348799576527644817e-01
3.650000000000000000e+02	-2.817708999999999975e+01	-3.170144160614284945e-01	-7.105525385248242509e-01
3.660000000000000000e+02	-2.823282000000000380e+01	-3.183783703184624447e-01	-6.861192842936323366e-01
3.670000000000000000e+02	-2.828430000000000177e+01	-3.196945029816276040e-01	-6.615838342340386591e-01
3.680000000000000000e+02	-2.833149999999999835e+01	-3.209626180161078146e-01	-6.369498428427178283e-01
3.690000000000000000e+02	-2.837445999999999913e+01	-3.221825265391977666e-01	-6.122209792938457795e-01
3.700000000000000000e+02	-2.841311000000000320e+01	-3.233540468484372155e-01	-5.874009268925725058e-01
3.710000000000000000e+02	-2.844749000000000194e+01	-3.244770044486744442e-01	-5.624933825264170073e-01
3.720000000000000000e+02	-2.847758999999999929e+01	-3.255512320780574731e-01	-5.375020561146117704e-01
3.730000000000000000e+02	-2.850339999999999918e+01	-3.265765697329471862e-01	-5.124306700555251171e-01
3.740000000000000000e+02	-2.852492999999999768e+01	-3.275528646917489350e-01	-4.872829586722241535e-01
3.750000000000000000e+02	-2.854211999999999705e+01	-3.284799715376609530e-01	-4.620626676562428758e-01
3.760000000000000000e+02	-2.855505000000000138e+01	-3.293577521803330299e-01	-4.367735535096860522e-01
3.770000000000000000e+02	-2.856365000000000265e+01	-3.301860758764353920e-01	-4.114193829856935269e-01
3.780000000000000000e+02	-2.856795999999999935e+01	-3.309648192491322360e-01	-3.860039325273973421e-01
3.790000000000000000e+02	-2.856795999999999935e+01	-3.316938663064583626e-01	-3.605309877054347911e-01
3.800000000000000000e+02	-2.860430000000000206e+01	-3.323731084585961892e-01	-3.350043426540839087e-01
3.810000000000000000e+02	-2.859568000000000154e+01	-3.330024445340496464e-01	-3.094277995061510134e-01
3.820000000000000000e+02	-2.858274999999999721e+01	-3.335817807947136782e-01	-2.838051678266392819e-01
3.830000000000000000e+02	-2.856551000000000329e+01	-3.341110309498362407e-01	-2.581402640453284159e-01
3.840000000000000000e+02	-2.854395999999999844e+01	-3.345901161688708547e-01	-2.324369108883322932e-01
3.850000000000000000e+02	-2.851812999999999931e+01	-3.350189650932187124e-01	-2.066989368087001344e-01
3.860000000000000000e+02	-2.848798000000000030e+01	-3.353975138468568429e-01	-1.809301754161921905e-01
3.870000000000000000e+02	-2.845354999999999990e+01	-3.357257060458527231e-01	-1.551344649062599279e-01
3.880000000000000000e+02	-2.841483000000000203e+01	-3.360034928067623383e-01	-1.293156474883614127e-01
3.890000000000000000e+02	-2.837183000000000277e+01	-3.362308327539111907e-01	-1.034775688136791022e-01
3.900000000000000000e+02	-2.832453000000000287e+01	-3.364076920255571479e-01	-7.762407740230614639e-02
3.910000000000000000e+02	-2.827300000000000324e+01	-3.365340442789342967e-01	-5.175902407003349359e-02
3.920000000000000000e+02	-2.821717999999999904e+01	-3.366098706941762497e-01	-2.588626135476696996e-02
3.930000000000000000e+02	-2.815713000000000221e+01	-3.366351599771196246e-01	-9.642942706567273368e-06
3.940000000000000000e+02	-2.809282999999999930e+01	-3.366099083609861431e-01	2.586697690564523228e-02
3.950000000000000000e+02	-2.802429000000000059e+01	-3.365341196069436269e-01	5.173974392957954999e-02
3.960000000000000000e+02	-2.795154000000000138e+01	-3.364078050035460565e-01	7.760480444224898688e-02
3.970000000000000000e+02	-2.787456000000000245e+01	-3.362309833650518054e-01	1.034583059046800813e-01
3.980000000000000000e+02	-2.779337999999999909e+01	-3.360036810286215481e-01	1.292963974995847976e-01
3.990000000000000000e+02	-2.770801999999999765e+01	-3.357259318503953427e-01	1.551152307049436796e-01
4.000000000000000000e+02	-2.761849000000000132e+01	-3.353977772004497204e-01	1.809109598672284380e-01
4.010000000000000000e+02	-2.752479000000000298e+01	-3.350192659566360032e-01	2.066797427741970949e-01
4.020000000000000000e+02	-2.742694999999999794e+01	-3.345904544972997385e-01	2.324177412271955789e-01
4.030000000000000000e+02	-2.732495999999999725e+01	-3.341114066928834725e-01	2.581211216128331820e-01
4.040000000000000000e+02	-2.721887000000000256e+01	-3.335821938964133038e-01	2.837860554740033736e-01
4.050000000000000000e+02	-2.710867999999999967e+01	-3.330028949328709964e-01	3.094087200801173831e-01
4.060000000000000000e+02	-2.699437999999999960e+01	-3.323735960874535378e-01	3.349852989964856032e-01
4.070000000000000000e+02	-2.687604000000000326e+01	-3.316943910927205863e-01	3.605119826527791171e-01
4.080000000000000000e+02	-2.675363999999999720e+01	-3.309653811146335833e-01	3.859849689104415393e-01
4.090000000000000000e+02	-2.662718999999999880e+01	-3.301866747374874178e-01	4.114004636290211070e-01
4.100000000000000000e+02	-2.649674999999999869e+01	-3.293583879477367526e-01	4.367546812312936844e-01
4.110000000000000000e+02	-2.636231000000000080e+01	-3.284806441167202884e-01	4.620438452671096208e-01
4.120000000000000000e+02	-2.622390000000000043e+01	-3.275535739822849068e-01	4.872641889758997924e-01
4.130000000000000000e+02	-2.608154000000000394e+01	-3.265773156293126922e-01	5.124119558477112646e-01
4.140000000000000000e+02	-2.593524000000000029e+01	-3.255520144691531614e-01	5.374834001827429875e-01
4.150000000000000000e+02	-2.578504999999999825e+01	-3.244778232179647004e-01	5.624747876492534049e-01
4.160000000000000000e+02	-2.563094000000000250e+01	-3.233549018739685366e-01	5.873823958397749179e-01
4.170000000000000000e+02	-2.547299000000000291e+01	-3.221834176936160254e-01	6.122025148255700877e-01
4.180000000000000000e+02	-2.531119999999999948e+01	-3.209635451666777994e-01	6.369314477092026250e-01
4.190000000000000000e+02	-2.514558999999999855e+01	-3.196954659902525031e-01	6.615655111751932438e-01
4.200000000000000000e+02	-2.497619999999999862e+01	-3.183793690417042188e-01	6.861010360386362583e-01
4.210000000000000000e+02	-2.480304000000000286e+01	-3.170154503505297483e-01	7.105343677917097533e-01
4.220000000000000000e+02	-2.462615000000000265e+01	-3.156039130691599137e-01	7.348618671480185993e-01
4.230000000000000000e+02	-2.444552999999999798e+01	-3.141449674427009842e-01	7.590799105846436357e-01
4.240000000000000000e+02	-2.426124999999999687e+01	-3.126388307776188924e-01	7.831848908818683785e-01
4.250000000000000000e+02	-2.407330000000000325e+01	-3.110857274093719593e-01	8.071732176604610176e-01
4.260000000000000000e+02	-2.388170999999999822e+01	-3.094858886689969557e-01	8.310413179164473085e-01
4.270000000000000000e+02	-2.368654000000000082e+01	-3.078395528486524979e-01	8.547856365533137435e-01
4.280000000000000000e+02	-2.348779000000000394e+01	-3.061469651661264391e-01	8.784026369115157662e-01
4.290000000000000000e+02	-2.328551000000000215e+01	-3.044083777283108083e-01	9.018888012952679389e-01
4.300000000000000000e+02	-2.307972000000000179e+01	-3.026240494936510705e-01	9.252406314964903844e-01
4.310000000000000000e+02	-2.287044000000000210e+01	-3.007942462335758682e-01	9.484546493158539926e-01
4.320000000000000000e+02	-2.265771999999999764e+01	-2.989192404929092994e-01	9.715273970808609993e-01
4.330000000000000000e+02	-2.244158000000000186e+01	-2.969993115492778890e-01	9.944554381608445848e-01
4.340000000000000000e+02	-2.222207000000000221e+01	-2.950347453715111978e-01	1.017235357478857960e+00
4.350000000000000000e+02	-2.199920000000000186e+01	-2.930258345770484496e-01	1.039863762020336369e+00
4.360000000000000000e+02	-2.177302000000000248e+01	-2.909728783883538394e-01	1.062337281338474826e+00
4.370000000000000000e+02	-2.154355000000000331e+01	-2.888761825883473522e-01	1.084652568056258426e+00
4.380000000000000000e+02	-2.131083999999999889e+01	-2.867360594748600833e-01	1.106806298365034191e+00
4.390000000000000000e+02	-2.107491999999999877e+01	-2.845528278141172818e-01	1.128795172519594159e+00
4.400000000000000000e+02	-2.083581000000000216e+01	-2.823268127932595517e-01	1.150615915329662231e+00
4.410000000000000000e+02	-2.059356999999999971e+01	-2.800583459719069856e-01	1.172265276647718180e+00
4.420000000000000000e+02	-2.034823000000000093e+01	-2.777477652327733915e-01	1.193740031853112837e+00
4.430000000000000000e+02	-2.009982000000000113e+01	-2.753954147313407153e-01	1.215036982332353466e+00
4.440000000000000000e+02	-1.984837000000000273e+01	-2.730016448445965471e-01	1.236152955955543753e+00
4.450000000000000000e+02	-1.959394000000000347e+01	-2.705668121188476993e-01	1.257084807548850991e+00
4.460000000000000000e+02	-1.933655000000000257e+01	-2.680912792166121328e-01	1.277829419362983332e+00
4.470000000000000000e+02	-1.907625000000000171e+01	-2.655754148626019995e-01	1.298383701537567214e+00
4.480000000000000000e+02	-1.881307999999999936e+01	-2.630195937888032409e-01	1.318744592561369444e+00
4.490000000000000000e+02	-1.854706000000000188e+01	-2.604241966786591811e-01	1.338909059728313089e+00
4.500000000000000000e+02	-1.827824999999999989e+01	-2.577896101103698268e-01	1.358874099589179041e+00
4.510000000000000000e+02	-1.800668999999999897e+01	-2.551162264993109829e-01	1.378636738398974160e+00
4.520000000000000000e+02	-1.773241000000000156e+01	-2.524044440395850630e-01	1.398194032559857636e+00
4.530000000000000000e+02	-1.745546000000000220e+01	-2.496546666447120033e-01	1.417543069059579608e+00
4.540000000000000000e+02	-1.717587000000000330e+01	-2.468673038874657499e-01	1.436680965905376972e+00
4.550000000000000000e+02	-1.689370000000000260e+01	-2.440427709388709177e-01	1.455604872553228235e+00
4.560000000000000000e+02	-1.660898000000000252e+01	-2.411814885063628677e-01	1.474311970332444766e+00
4.570000000000000000e+02	-1.632175000000000153e+01	-2.382838827711246388e-01	1.492799472865501187e+00
4.580000000000000000e+02	-1.603206999999999738e+01	-2.353503853246091959e-01	1.511064626483054951e+00
4.590000000000000000e+02	-1.573996999999999957e+01	-2.323814331042532988e-01	1.529104710634109132e+00
4.600000000000000000e+02	-1.544549000000000127e+01	-2.293774683283983096e-01	1.546917038291220736e+00
4.610000000000000000e+02	-1.514869000000000021e+01	-2.263389384304216045e-01	1.564498956350736325e+00
4.620000000000000000e+02	-1.484960000000000058e+01	-2.232662959920928558e-01	1.581847846027961690e+00
4.630000000000000000e+02	-1.454828000000000010e+01	-2.201599986761637595e-01	1.598961123247219840e+00
4.640000000000000000e+02	-1.424476000000000120e+01	-2.170205091581988155e-01	1.615836239026751553e+00
4.650000000000000000e+02	-1.393909000000000020e+01	-2.138482950576626740e-01	1.632470679858369689e+00
4.660000000000000000e+02	-1.363132000000000055e+01	-2.106438288682674909e-01	1.648861968081850149e+00
4.670000000000000000e+02	-1.332149000000000072e+01	-2.074075878875972778e-01	1.665007662253968457e+00
4.680000000000000000e+02	-1.300966000000000022e+01	-2.041400541460157980e-01	1.680905357512143761e+00
4.690000000000000000e+02	-1.269585999999999970e+01	-2.008417143348679712e-01	1.696552685932646076e+00
4.700000000000000000e+02	-1.238015000000000043e+01	-1.975130597339901373e-01	1.711947316883283055e+00
4.710000000000000000e+02	-1.206257000000000090e+01	-1.941545861385333138e-01	1.727086957370550291e+00
4.720000000000000000e+02	-1.174317000000000100e+01	-1.907667937851167395e-01	1.741969352381163683e+00
4.730000000000000000e+02	-1.142200000000000060e+01	-1.873501872773191690e-01	1.756592285217934757e+00
4.740000000000000000e+02	-1.109910999999999959e+01	-1.839052755105178849e-01	1.770953577829951442e+00
4.750000000000000000e+02	-1.077454000000000001e+01	-1.804325715960918564e-01	1.785051091136982349e+00
4.760000000000000000e+02	-1.044834999999999958e+01	-1.769325927849934033e-01	1.798882725348097900e+00
4.770000000000000000e+02	-1.012058000000000035e+01	-1.734058603907054352e-01	1.812446420274424375e+00
4.780000000000000000e+02	-9.791289000000000797e+00	-1.698528997115939798e-01	1.825740155636000894e+00
4.790000000000000000e+02	-9.460518000000000427e+00	-1.662742399526643822e-01	1.838761951362703151e+00
4.800000000000000000e+02	-9.128315999999999875e+00	-1.626704141467396614e-01	1.851509867889162608e+00
4.810000000000000000e+02	-8.794741000000000142e+00	-1.590419590750645207e-01	1.863982006443665185e+00
4.820000000000000000e+02	-8.459837000000000273e+00	-1.553894151873539686e-01	1.876176509330967246e+00
4.830000000000000000e+02	-8.123655000000001181e+00	-1.517133265212955440e-01	1.888091560208992714e+00
4.840000000000000000e+02	-7.786249000000000642e+00	-1.480142406215140816e-01	1.899725384359377101e+00
4.850000000000000000e+02	-7.447667000000000037e+00	-1.442927084580185315e-01	1.911076248951802503e+00
4.860000000000000000e+02	-7.107961000000000418e+00	-1.405492843441344675e-01	1.922142463302103144e+00
4.870000000000000000e+02	-6.767181000000000779e+00	-1.367845258539411302e-01	1.932922379124087486e+00
4.880000000000000000e+02	-6.425380000000000535e+00	-1.329989937392229427e-01	1.943414390775043188e+00
4.890000000000000000e+02	-6.082609000000000599e+00	-1.291932518459449897e-01	1.953616935494899565e+00
4.900000000000000000e+02	-5.738918000000000852e+00	-1.253678670302717790e-01	1.963528493638990513e+00
4.910000000000000000e+02	-5.394360000000000710e+00	-1.215234090741329626e-01	1.973147588904409000e+00
4.920000000000000000e+02	-5.048987000000000336e+00	-1.176604506003580963e-01	1.982472788549891618e+00
4.930000000000000000e+02	-4.702850000000000641e+00	-1.137795669873837567e-01	1.991502703609227876e+00
4.940000000000000000e+02	-4.356005000000000571e+00	-1.098813362835532464e-01	2.000235989098140710e+00
4.950000000000000000e+02	-4.008498000000000339e+00	-1.059663391210183547e-01	2.008671344214617349e+00
4.960000000000000000e+02	-3.660388000000000641e+00	-1.020351586292538165e-01	2.016807512532664770e+00
4.970000000000000000e+02	-3.311721000000000359e+00	-9.808838034820369089e-02	2.024643282189446669e+00
4.980000000000000000e+02	-2.962553000000000214e+00	-9.412659214106462724e-02	2.032177486065790184e+00
4.990000000000000000e+02	-2.609201000000000548e+00	-9.015038410672591984e-02	2.039409001960027279e+00
5.000000000000000000e+02	-2.259685000000000610e+00	-8.616034849187652334e-02	2.046336752755138377e+00
5.010000000000000000e+02	-1.909827000000000385e+00	-8.215707960278936794e-02	2.052959706579192911e+00
5.020000000000000000e+02	-1.559678000000000342e+00	-7.814117371680308344e-02	2.059276876959037939e+00
5.030000000000000000e+02	-1.209292000000000478e+00	-7.411322899350594740e-02	2.065287322967237493e+00
5.040000000000000000e+02	-8.587204000000003834e-01	-7.007384538564230547e-02	2.070990149362215149e+00
5.050000000000000000e+02	-5.080171000000004433e-01	-6.602362454975188588e-02	2.076384506721602463e+00
5.060000000000000000e+02	-1.572345000000004156e-01	-6.196316975655250664e-02	2.081469591568757327e+00
5.070000000000000000e+02	1.935744999999995664e-01	-5.789308580108663144e-02	2.086244646492438459e+00
5.080000000000000000e+02	5.443570999999995941e-01	-5.381397891263654115e-02	2.090708960259621385e+00
5.090000000000000000e+02	8.950603999999995342e-01	-4.972645666442887524e-02	2.094861867921435472e+00
5.100000000000000000e+02	1.245631999999999628e+00	-4.563112788313885421e-02	2.098702750912203818e+00
5.110000000000000000e+02	1.596017999999999493e+00	-4.152860255820500085e-02	2.102231037141581105e+00
