0.0	0.0051952383086506446	-2.105462660251636200e-06	2.026412518002363577e-02
0.0019569471624266144	0.005930377366772177	3.747174902046326883e-05	2.026243156295418762e-02
0.003913894324853229	0.006664665146823641	7.704267631464004561e-05	2.025769004887575941e-02
0.005870841487279843	0.007397993361649692	1.166013669203267540e-04	2.024990135101205346e-02
0.007827788649706457	0.008130253803806557	1.561418703762274928e-04	2.023906664094747912e-02
0.009784735812133072	0.00886133835830012	1.956582389567772468e-04	2.022518754845092220e-02
0.011741682974559686	0.009591139015403878	2.351445285668051898e-04	2.020826616123057654e-02
0.0136986301369863	0.010319547883559625	2.745947996356519851e-04	2.018830502461992429e-02
0.015655577299412915	0.011046457202363606	3.140031180106063686e-04	2.016530714119486520e-02
0.01761252446183953	0.011771759355640678	3.533635558495270353e-04	2.013927597032205002e-02
0.019569471624266144	0.012495346884608884	3.926701925125151722e-04	2.011021542763853295e-02
0.021526418786692758	0.01321711250113668	4.319171154525030588e-04	2.007812988446277744e-02
0.023483365949119372	0.013936949101094876	4.710984211046265191e-04	2.004302416713710927e-02
0.025440313111545987	0.014654749777805173	5.102082157742451017e-04	2.000490355630173134e-02
0.0273972602739726	0.015370407835586996	5.492406165234782044e-04	1.996377378610042150e-02
0.029354207436399216	0.01608381680340414	5.881897520561228101e-04	1.991964104331797256e-02
0.03131115459882583	0.016794870448612532	6.270497636008205613e-04	1.987251196644959292e-02
0.033268101761252444	0.017503462790810245	6.658148057923404372e-04	1.982239364470231302e-02
0.03522504892367906	0.01820948811579067	7.044790475508444895e-04	1.976929361692864734e-02
0.03718199608610567	0.01891284098959955	7.430366729590064242e-04	1.971321987049255708e-02
0.03913894324853229	0.019613416272696346	7.814818821368463113e-04	1.965418084006801888e-02
0.0410958904109589	0.020311109134220295	8.198088921141567396e-04	1.959218540637023762e-02
0.043052837573385516	0.021005815066361108	8.580119377003826145e-04	1.952724289481983302e-02
0.04500978473581213	0.021697429898834247	8.960852723518270956e-04	1.945936307414007291e-02
0.046966731898238745	0.02238584981346032	9.340231690360535719e-04	1.938855615488746173e-02
0.04892367906066536	0.023070971358848027	9.718199210933521582e-04	1.931483278791585462e-02
0.050880626223091974	0.023752691465179814	1.009469843095140394e-03	1.923820406277436043e-02
0.05283757338551859	0.024430907459099135	1.046967271699174003e-03	1.915868150603920739e-02
0.0547945205479452	0.02510551707869802	1.084306566501430343e-03	1.907627707957993204e-02
0.05675146771037182	0.02577641848860344	1.121482110884545720e-03	1.899100317876005820e-02
0.05870841487279843	0.026443510295160726	1.158488312862673104e-03	1.890287263057254669e-02
0.060665362035225046	0.027106691561711856	1.195319605922633924e-03	1.881189869171038045e-02
0.06262230919765166	0.027765861823966682	1.231970449861239606e-03	1.871809504657245826e-02
0.06457925636007827	0.02842092110546431	1.268435331618654677e-03	1.862147580520517529e-02
0.06653620352250489	0.029071769933122094	1.304708766107677206e-03	1.852205550117997507e-02
0.0684931506849315	0.029718309352869336	1.340785297038812537e-03	1.841984908940719895e-02
0.07045009784735812	0.03036044094536232	1.376659497741012164e-03	1.831487194388654871e-02
0.07240704500978473	0.030998066841777545	1.412325971977962391e-03	1.820713985539450241e-02
0.07436399217221135	0.0316310897396793	1.447779354759789203e-03	1.809666902910906511e-02
0.07632093933463796	0.032259412918957835	1.483014313150067673e-03	1.798347608217216662e-02
0.07827788649706457	0.03288294025783407	1.518025547068008185e-03	1.786757804119007767e-02
0.08023483365949119	0.03350157624892643	1.552807790085698487e-03	1.774899233967226417e-02
0.0821917808219178	0.034115226015375436	1.587355810220287492e-03	1.762773681540901957e-02
0.08414872798434442	0.034723795327021155	1.621664410720985742e-03	1.750382970778827096e-02
0.08610567514677103	0.035327190616628756	1.655728430850764328e-03	1.737728965505200979e-02
0.08806262230919765	0.03592531899615686	1.689542746662640827e-03	1.724813569149268727e-02
0.09001956947162426	0.03651808827306347	1.723102271770428438e-03	1.711638724459007416e-02
0.09197651663405088	0.03710540696664374	1.756401958113833813e-03	1.698206413208895246e-02
0.09393346379647749	0.03768718432439415	1.789436796717794971e-03	1.684518655901808687e-02
0.0958904109589041	0.03826333033839691	1.822201818445934795e-03	1.670577511465099960e-02
0.09784735812133072	0.0388337557617186	1.854692094748023679e-03	1.656385076940888879e-02
0.09980430528375733	0.039398372124816665	1.886902738401338535e-03	1.641943487170622815e-02
0.10176125244618395	0.03995709175194761	1.918828904245802828e-03	1.627254914473953359e-02
0.10371819960861056	0.04050982777756983	1.950465789912803755e-03	1.612321568321972362e-02
0.10567514677103718	0.04105649416273475	1.981808636547564926e-03	1.597145695004861463e-02
0.10763209393346379	0.04159700571145911	2.012852729524983696e-03	1.581729577294001265e-02
0.1095890410958904	0.04213127808707142	2.043593399158805200e-03	1.566075534098597052e-02
0.11154598825831702	0.042659227828525395	2.074026021404046152e-03	1.550185920116863882e-02
0.11350293542074363	0.04318077236667298	2.104146018552546533e-03	1.534063125481830922e-02
0.11545988258317025	0.04369583004048981	2.133948859921552896e-03	1.517709575401814809e-02
0.11741682974559686	0.04420432011324507	2.163430062535229206e-03	1.501127729795617531e-02
0.11937377690802348	0.04470616278860861	2.192585191798991553e-03	1.484320082922502629e-02
0.12133072407045009	0.045201279226687284	2.221409862166563980e-03	1.467289163007005730e-02
0.1232876712328767	0.045689591559982694	2.249899737799658690e-03	1.450037531858637020e-02
0.12524461839530332	0.046171022909262616	2.278050533220173958e-03	1.432567784486530119e-02
0.12720156555772993	0.04664549739933788	2.305858013954823881e-03	1.414882548709098069e-02
0.12915851272015655	0.047112940174736925	2.333317997172091544e-03	1.396984484758755432e-02
0.13111545988258316	0.04757327741526967	2.360426352311414087e-03	1.378876284881761297e-02
0.13307240704500978	0.048026436351472836	2.387179001704507319e-03	1.360560672933249816e-02
0.1350293542074364	0.04847234527992837	2.413571921188732271e-03	1.342040403967504660e-02
0.136986301369863	0.04891093357844682	2.439601140712414819e-03	1.323318263823540855e-02
0.13894324853228962	0.04934213172110757	2.465262744932024234e-03	1.304397068706055623e-02
0.14090019569471623	0.04976587129314748	2.490552873801124383e-03	1.285279664761812025e-02
0.14285714285714285	0.05018208500569009	2.515467723151004753e-03	1.265968927651518749e-02
0.14481409001956946	0.05059070671030674	2.540003545262910223e-03	1.246467762117269007e-02
0.14677103718199608	0.050991671413401926	2.564156649431773710e-03	1.226779101545607403e-02
0.1487279843444227	0.051384915290414244	2.587923402521378428e-03	1.206905907526285675e-02
0.1506849315068493	0.051770375699825344	2.611300229510856927e-03	1.186851169406778414e-02
0.15264187866927592	0.052147991196968335	2.634283614032451471e-03	1.166617903842620194e-02
0.15459882583170254	0.0525177015476281	2.656870098900447272e-03	1.146209154343638681e-02
0.15655577299412915	0.05287944774142531	2.679056286631207023e-03	1.125627990816146715e-02
0.15851272015655576	0.05323317200497632	2.700838839954225641e-03	1.104877509101161691e-02
0.16046966731898238	0.053578817814821385	2.722214482314124981e-03	1.083960830508727893e-02
0.162426614481409	0.05391632991011333	2.743179998363515660e-03	1.062881101348404737e-02
0.1643835616438356	0.05424565430505918	2.763732234446655313e-03	1.041641492455994827e-02
0.16634050880626222	0.05456673830110738	2.783868099073823904e-03	1.020245198716585033e-02
0.16829745596868884	0.05487953049887314	2.803584563386348014e-03	9.986954385839666784e-03
0.17025440313111545	0.05518398080979491	2.822878661612207313e-03	9.769954535965132483e-03
0.17221135029354206	0.05548004046751475	2.841747491512147325e-03	9.551485078895850106e-03
0.17416829745596868	0.055767662038975825	2.860188214816237334e-03	9.331578877045327083e-03
0.1761252446183953	0.056046799435230145	2.878198057650807953e-03	9.110269008943783914e-03
0.1780821917808219	0.056317407921950224	2.895774310955697654e-03	8.887588764262457225e-03
0.18003913894324852	0.05657944412963785	2.912914330891755790e-03	8.663571638806107089e-03
0.18199608610567514	0.056832866063524154	2.929615539238528393e-03	8.438251329474568199e-03
0.18395303326810175	0.05707763311315461	2.945875423782077281e-03	8.211661729194002363e-03
0.18590998043052837	0.05731370606165336	2.961691538692874399e-03	7.983836921818691923e-03
0.18786692759295498	0.05754104709466097	2.977061504893699362e-03	7.754811177004133915e-03
0.1898238747553816	0.05775961980894041	2.991983010417508578e-03	7.524618945052124509e-03
0.1917808219178082	0.057969389220645824	3.006453810755200899e-03	7.293294851728736664e-03
0.19373776908023482	0.05817032177324924	3.020471729193239044e-03	7.060873693055854522e-03
0.19569471624266144	0.058362385345120324	3.034034657141075619e-03	6.827390430077123241e-03
0.19765166340508805	0.058545549256754655	3.047140554448326058e-03	6.592880183599089672e-03
0.19960861056751467	0.05871978427764624	3.059787449711654644e-03	6.357378228908255532e-03
0.20156555772994128	0.05888506263280013	3.071973440571309447e-03	6.120919990464972898e-03
0.2035225048923679	0.059041358008881294	3.083696693997283605e-03	5.883541036574818639e-03
0.2054794520547945	0.05918864555999632	3.094955446565037047e-03	5.645277074038392365e-03
0.20743639921722112	0.05932690191310433	3.105748004720754359e-03	5.406163942780270806e-03
0.20939334637964774	0.05945610517305443	3.116072745036091527e-03	5.166237610457895778e-03
0.21135029354207435	0.05957623492724638	3.125928114452373400e-03	4.925534167051315131e-03
0.21330724070450097	0.05968727224991254	3.135312630514205424e-03	4.684089819434458443e-03
0.21526418786692758	0.0597891997060183	3.144224881592468015e-03	4.441940885928875524e-03
0.2172211350293542	0.05988200135477922	3.152663527096653644e-03	4.199123790840702738e-03
0.2191780821917808	0.059965662752793185	3.160627297676521074e-03	3.955675058981651671e-03
0.22113502935420742	0.060040170956786106	3.168114995413032903e-03	3.711631310174944715e-03
0.22309197651663404	0.06010551452596978	3.175125493998545191e-03	3.467029253746884993e-03
0.22504892367906065	0.0601616835240113	3.181657738906230968e-03	3.221905683005016861e-03
0.22700587084148727	0.06020866952061326	3.187710747548702043e-03	2.976297469703647648e-03
0.22896281800391388	0.06024646559270428	3.193283609425809615e-03	2.730241558497529912e-03
0.2309197651663405	0.06027506632524015	3.198375486261605029e-03	2.483774961384640090e-03
0.2328767123287671	0.06029446781161528	3.202985612130432921e-03	2.236934752138759579e-03
0.23483365949119372	0.060304667653685494	3.207113293572142441e-03	1.989758060732816670e-03
0.23679060665362034	0.060305664961402564	3.210757909696398352e-03	1.742282067753763699e-03
0.23874755381604695	0.0602974603520616	3.213918912276076800e-03	1.494543998809804916e-03
0.24070450097847357	0.06028005594916282	3.216595825829729732e-03	1.246581118930913589e-03
0.24266144814090018	0.060253455380888964	3.218788247693105814e-03	9.984307269633547685e-04
0.2446183953033268	0.060217663778200516	3.220495848079723503e-03	7.501301499591669399e-04
0.2465753424657534	0.06017268777255072	3.221718370130472863e-03	5.017167375613976231e-04
0.24853228962818003	0.06011853549322274	3.222455629952257396e-03	2.532278563858999859e-04
0.25048923679060664	0.060055216564291795	3.222707516645651610e-03	4.700884400640430935e-06
0.25244618395303325	0.05998274210121499	3.222473992321585583e-03	-2.438267946967670441e-04
0.25440313111545987	0.059901124707052285	3.221755092107041803e-03	-4.923177971023438024e-04
0.2563600782778865	0.05981037846832162	3.220550924139773362e-03	-7.407347445290456741e-04
0.2583170254403131	0.05971051895049233	3.218861669552035721e-03	-9.890402698292768188e-04
0.2602739726027397	0.05960156319312044	3.216687582443343314e-03	-1.237197022615661290e-03
0.2622309197651663	0.05948352970463016	3.214028989842245346e-03	-1.485167674879359989e-03
0.26418786692759294	0.0593564384567458	3.210886291657134243e-03	-1.732914926604976454e-03
0.26614481409001955	0.059220310878578986	3.207259960616090644e-03	-1.980401511381253438e-03
0.26810176125244617	0.05907516985037564	3.203150542195777519e-03	-2.227590202006757454e-03
0.2700587084148728	0.058921039696928176	3.198558654539386450e-03	-2.474443816089600626e-03
0.2720156555772994	0.05875794618065778	3.193484988363656015e-03	-2.720925221640484951e-03
0.273972602739726	0.05858591649437254	3.187930306854974000e-03	-2.966997342658125696e-03
0.2759295499021526	0.058404979253706836	3.181895445554579465e-03	-3.212623164706249895e-03
0.27788649706457924	0.058215164489248065	3.175381312232876396e-03	-3.457765740481380003e-03
0.27984344422700586	0.05801650363835642	3.168388886752890581e-03	-3.702388195370448585e-03
0.28180039138943247	0.05780902953668417	3.160919220922871458e-03	-3.946453732997553220e-03
0.2837573385518591	0.057592776409400755	3.152973438338083599e-03	-4.189925640758892719e-03
0.2857142857142857	0.05736777986213001	3.144552734211792169e-03	-4.432767295345100590e-03
0.2876712328767123	0.057134076871606446	3.135658375195475751e-03	-4.674942168250199002e-03
0.2896281800391389	0.056891705776057205	3.126291699188298197e-03	-4.916413831266217005e-03
0.29158512720156554	0.05664070626531669	3.116454115135859886e-03	-5.157145961962796010e-03
0.29354207436399216	0.05638111937068092	3.106147102818260057e-03	-5.397102349150830619e-03
0.29549902152641877	0.056112987454508816	3.095372212627510097e-03	-5.636246898329387578e-03
0.2974559686888454	0.05583635419957764	3.084131065334319924e-03	-5.874543637115107499e-03
0.299412915851272	0.055551264598199944	3.072425351844299511e-03	-6.111956720653174274e-03
0.3013698630136986	0.055257764941109684	3.060256832943612434e-03	-6.348450437009172179e-03
0.30332681017612523	0.05495590280612469	3.047627339034115253e-03	-6.583989212540893900e-03
0.30528375733855184	0.054645727046593574	3.034538769858028708e-03	-6.818537617249358779e-03
0.30724070450097846	0.054327287779634276	3.020993094212172814e-03	-7.052060370108263233e-03
0.30919765166340507	0.054000636374172344	3.006992349651821383e-03	-7.284522344370946562e-03
0.3111545988258317	0.05366582543878662	2.992538642184208904e-03	-7.515888572854242423e-03
0.3131115459882583	0.05332290880936987	2.977634145951744884e-03	-7.746124253198248023e-03
0.3150684931506849	0.05297194153661279	2.962281102904973373e-03	-7.975194753101332718e-03
0.31702544031311153	0.05261297987331851	2.946481822465339684e-03	-8.203065615529595012e-03
0.31898238747553814	0.052246081261556075	2.930238681177803339e-03	-8.429702563899889312e-03
0.32093933463796476	0.05187130431966034	2.913554122353355803e-03	-8.655071507235781447e-03
0.32289628180039137	0.051488708829086315	2.896430655701494588e-03	-8.879138545295518770e-03
0.324853228962818	0.05109835572112574	2.878870856952710135e-03	-9.101869973671369504e-03
0.3268101761252446	0.05070030706349359	2.860877367471041828e-03	-9.323232288859459663e-03
0.3287671232876712	0.05029462604679245	2.842452893856762131e-03	-9.543192193299413623e-03
0.33072407045009783	0.04988137697086214	2.823600207539243064e-03	-9.761716600383012546e-03
0.33268101761252444	0.04946062523102261	2.804322144360081766e-03	-9.978772639431086541e-03
0.33463796477495106	0.0490324373042174	2.784621604146522451e-03	-1.019432766063801434e-02
0.33659491193737767	0.04859688073506509	2.764501550275266263e-03	-1.040834923998289370e-02
0.3385518590998043	0.048154024121826663	2.743965009226714130e-03	-1.062080518410682579e-02
0.3405088062622309	0.04770393710229534	2.723015070129721979e-03	-1.083166353515546861e-02
0.3424657534246575	0.04724669033961685	2.701654884296931635e-03	-1.104089257558614999e-02
0.34442270058708413	0.0467823555080466	2.679887664750743755e-03	-1.124846083293889153e-02
0.34637964774951074	0.04631100527865134	2.657716685740012588e-03	-1.145433708457050878e-02
0.34833659491193736	0.0458327133049617	2.635145282247532399e-03	-1.165849036235116001e-02
0.350293542074364	0.04534755420858256	2.612176849488381455e-03	-1.186088995732261300e-02
0.3522504892367906	0.04485560356476801	2.588814842399215534e-03	-1.206150542431748754e-02
0.3542074363992172	0.04435693788796691	2.565062775118567753e-03	-1.226030658653889938e-02
0.3561643835616438	0.04385163461734592	2.540924220458248839e-03	-1.245726354009965564e-02
0.35812133072407043	0.04333977210229561	2.516402809365923289e-03	-1.265234665852043618e-02
0.36007827788649704	0.04282142958792609	2.491502230378935152e-03	-1.284552659718625305e-02
0.36203522504892366	0.042296687200557626	2.466226229069479279e-03	-1.303677429776045962e-02
0.3639921722113503	0.04176562593321196	2.440578607481180915e-03	-1.322606099255579405e-02
0.3659491193737769	0.041228327631110104	2.414563223557194670e-03	-1.341335820886161052e-02
0.3679060665362035	0.04068487497718125	2.388183990559884437e-03	-1.359863777322678144e-02
0.3698630136986301	0.040135351477588545	2.361444876482187913e-03	-1.378187181569758349e-02
0.37181996086105673	0.039579841447275985	2.334349903450748127e-03	-1.396303277400990674e-02
0.37377690802348335	0.03901842999554167	2.306903147120898268e-03	-1.414209339773523678e-02
0.37573385518590996	0.03845120301164145	2.279108736063597401e-03	-1.431902675237966757e-02
0.3776908023483366	0.03787824715042734	2.250970851144408133e-03	-1.449380622343541918e-02
0.3796477495107632	0.03729964981802501	2.222493724894602975e-03	-1.466640552038423785e-02
0.3816046966731898	0.03671549915755367	2.193681640874509987e-03	-1.483679868065201045e-02
0.3835616438356164	0.036125884034892516	2.164538933029163618e-03	-1.500496007351411962e-02
0.38551859099804303	0.03553089402449658	2.135069985036396924e-03	-1.517086440395082857e-02
0.38747553816046965	0.03493061939526573	2.105279229647440652e-03	-1.533448671645218191e-02
0.38943248532289626	0.03432515109646918	2.075171148020142371e-03	-1.549580239877186225e-02
0.3913894324853229	0.03371458074372856	2.044750269044912777e-03	-1.565478718562934510e-02
0.3933463796477495	0.0330990006050621	2.014021168663475067e-03	-1.581141716235996350e-02
0.3953033268101761	0.03247850358699179	1.982988469180553982e-03	-1.596566876851214165e-02
0.3972602739726027	0.03185318322071607	1.951656838568580857e-03	-1.611751880139139850e-02
0.39921722113502933	0.0312231336483492	1.920030989765532424e-03	-1.626694441955052473e-02
0.40117416829745595	0.030588449609229643	1.888115679966008735e-03	-1.641392314622539331e-02
0.40313111545988256	0.029949226426298065	1.855915709905644985e-03	-1.655843287271597034e-02
0.4050880626223092	0.029305559992546443	1.823435923138982994e-03	-1.670045186171191520e-02
0.4070450097847358	0.02865754675753927	1.790681205310899271e-03	-1.683995875056234007e-02
0.4090019569471624	0.028005283714007016	1.757656483421697656e-03	-1.697693255448918387e-02
0.410958904109589	0.027348868384512972	1.724366725085990778e-03	-1.711135266974377067e-02
0.41291585127201563	0.026688398808192848	1.690816937785458380e-03	-1.724319887670607357e-02
0.41487279843444225	0.02602397352756799	1.657012168115620625e-03	-1.737245134292613943e-02
0.41682974559686886	0.025355691575431303	1.622957501026724841e-03	-1.749909062610732063e-02
0.4187866927592955	0.024683652461805657	1.588658059058857151e-03	-1.762309767703081412e-02
0.4207436399217221	0.02400795616097438	1.554119001571411911e-03	-1.774445384242104989e-02
0.4227005870841487	0.02332870309858247	1.519345523967006572e-03	-1.786314086775154381e-02
0.4246575342465753	0.02264599413880798	1.484342856909989837e-03	-1.797914089999077397e-02
0.42661448140900193	0.021959930571601925	1.449116265539636145e-03	-1.809243649028764028e-02
0.42857142857142855	0.02127061409999534	1.413671048678158534e-03	-1.820301059659613571e-02
0.43052837573385516	0.02057814682747214	1.378012538033657631e-03	-1.831084658623884434e-02
0.4324853228962818	0.019882631245405426	1.342146097398113453e-03	-1.841592823840884283e-02
0.4344422700587084	0.01918417022055581	1.306077121840563135e-03	-1.851823974660963060e-02
0.436399217221135	0.018482866982628895	1.269811036895566493e-03	-1.861776572103280084e-02
0.4383561643835616	0.01777882511189039	1.233353297747091055e-03	-1.871449119087295956e-02
0.44031311154598823	0.017072148526835588	1.196709388407942538e-03	-1.880840160657964652e-02
0.44227005870841485	0.016362941471910857	1.159884820894844636e-03	-1.889948284204593168e-02
0.44422700587084146	0.015651308505284615	1.122885134399321866e-03	-1.898772119673324335e-02
0.4461839530332681	0.014937354486664152	1.085715894454486940e-03	-1.907310339773222660e-02
0.4481409001956947	0.014221184565156007	1.048382692097865393e-03	-1.915561660175928854e-02
0.4500978473581213	0.013502904167165883	1.010891143030391006e-03	-1.923524839708846274e-02
0.4520547945205479	0.012782618984335541	9.732468867716785339e-04	-1.931198680541843307e-02
0.45401174168297453	0.012060434961512583	9.354555858117257015e-04	-1.938582028367429391e-02
0.45596868884540115	0.011336458284749834	8.975229247591542253e-04	-1.945673772574388685e-02
0.45792563600782776	0.010610795369330947	8.594546094861237355e-04	-1.952472846414839494e-02
0.4598825831702544	0.009883552847817789	8.212563662700530500e-04	-1.958978227164694455e-02
0.461839530332681	0.00915483755811665	7.829339409322596047e-04	-1.965188936277500673e-02
0.4637964774951076	0.008424756531558546	7.444930979736725119e-04	-1.971104039531634128e-02
0.4657534246575342	0.007693416980990393	7.059396197077276707e-04	-1.976722647170825117e-02
0.46771037181996084	0.00696092628887251	6.672793053905855471e-04	-1.982043914037997373e-02
0.46966731898238745	0.006227391995378536	6.285179703488056333e-04	-1.987067039702397273e-02
0.47162426614481406	0.005492921786493998	5.896614451045907764e-04	-1.991791268579995444e-02
0.4735812133072407	0.004757623482108711	5.507155744987590187e-04	-1.996215890047142033e-02
0.4755381604696673	0.004021605024099687	5.116862168115547324e-04	-2.000340238547460361e-02
0.4774951076320939	0.0032849744643995487	4.725792428814390173e-04	-2.004163693691960249e-02
0.4794520547945205	0.0025478399530471053	4.334005352219963522e-04	-2.007685680352357810e-02
0.48140900195694714	0.001810309726215235	3.941559871370729122e-04	-2.010905668747585417e-02
0.48336594911937375	0.0010724920942122422	3.548515018343048459e-04	-2.013823174523484902e-02
0.48532289628180036	0.0003344954294527979	3.154929915371496485e-04	-2.016437758825661425e-02
0.487279843444227	-0.00040357184560629763	2.760863765955619579e-04	-2.018749028365499076e-02
0.4892367906066536	-0.0011416012705687416	2.366375845954536337e-04	-2.020756635479318067e-02
0.4911937377690802	-0.0018794843592446115	1.971525494670512573e-04	-2.022460278180671436e-02
0.4931506849315068	-0.002617112611842635	1.576372105923137378e-04	-2.023859700205769135e-02
0.49510763209393344	-0.0033543775272133767	1.180975119115224128e-04	-2.024954691052028091e-02
0.49706457925636005	-0.004091170615146905	7.853940102918571787e-05	-2.025745086009732646e-02
0.49902152641878667	-0.004827383408728387	3.896882831939984301e-05	-2.026230766186812998e-02
0.5009784735812133	-0.005562907476755928	-6.082539692217112528e-07	-2.026411658526728818e-02
0.5029354207436398	-0.006297634436223345	-4.018589260888607223e-05	-2.026287735819456981e-02
0.5048923679060665	-0.0070314559648721915	-7.975813428811342988e-05	-2.025859016705586213e-02
0.5068493150684932	-0.007764263813815499	-1.193190265072420942e-04	-2.025125565673512040e-02
0.5088062622309197	-0.008495949820237115	-1.588626184738041642e-04	-2.024087493049737257e-02
0.5107632093933463	-0.009226405920169403	-1.983829619976588997e-04	-2.022744954982275828e-02
0.512720156555773	-0.00995552416135217	-2.378741123857202027e-04	-2.021098153417165075e-02
0.5146771037181996	-0.010683196716175725	-2.773301293361651529e-04	-2.019147336068088244e-02
0.5166340508806262	-0.011409315894710649	-3.167450778319822911e-04	-2.016892796379114380e-02
0.5185909980430528	-0.012133774157827184	-3.561130290337174574e-04	-2.014334873480557592e-02
0.5205479452054794	-0.01285646413040558	-3.954280611713049151e-04	-2.011473952137964386e-02
0.5225048923679061	-0.013577278614640398	-4.346842604348206420e-04	-2.008310462694236700e-02
0.5244618395303327	-0.014296110603440727	-4.738757218640457644e-04	-2.004844881004899312e-02
0.5264187866927592	-0.015012853293927592	-5.129965502366981567e-04	-2.001077728366522021e-02
0.5283757338551859	-0.01572740010103051	-5.520408609551926164e-04	-1.997009571438305639e-02
0.5303326810176126	-0.01643964467118448	-5.910027809318172363e-04	-1.992641022156841843e-02
0.5322896281800391	-0.01714948089612879	-6.298764494721636152e-04	-1.987972737644069093e-02
0.5342465753424657	-0.017856802926808583	-6.686560191567005344e-04	-1.983005420108424274e-02
0.5362035225048923	-0.018561505187379805	-7.073356567203503177e-04	-1.977739816739217463e-02
0.538160469667319	-0.019263482389318347	-7.459095439299296380e-04	-1.972176719594238153e-02
0.5401174168297456	-0.01996262954563366	-7.843718784593426644e-04	-1.966316965480614451e-02
0.5420743639921721	-0.02065884198518744	-8.227168747623677140e-04	-1.960161435828937024e-02
0.5440313111545988	-0.021352015367116374	-8.609387649429268204e-04	-1.953711056560676271e-02
0.5459882583170255	-0.022042045695359495	-8.990317996227005243e-04	-1.946966797948901026e-02
0.547945205479452	-0.02272882933328966	-9.369902488059496512e-04	-1.939929674472333845e-02
0.5499021526418786	-0.023412263018447853	-9.748084027414359804e-04	-1.932600744662745992e-02
0.5518590998043053	-0.024092243877379915	-1.012480572781283839e-03	-1.924981110945735846e-02
0.5538160469667319	-0.024768669440573817	-1.050001092236674304e-03	-1.917071919474901132e-02
0.5557729941291585	-0.025441437657497176	-1.087364317230235522e-03	-1.908874359959430306e-02
0.557729941291585	-0.02611044691173224	-1.124564627544995775e-03	-1.900389665485148136e-02
0.5596868884540117	-0.02677559603620705	-1.161596427469790450e-03	-1.891619112329032126e-02
0.5616438356164384	-0.027436784328520397	-1.198454146640970473e-03	-1.882564019767233449e-02
0.5636007827788649	-0.028093911566358515	-1.235132240880302580e-03	-1.873225749876631166e-02
0.5655577299412915	-0.028746878023000678	-1.271625193028932651e-03	-1.863605707329945085e-02
0.5675146771037182	-0.029395584482910856	-1.307927513777277628e-03	-1.853705339184445744e-02
0.5694716242661448	-0.030039932257412496	-1.344033742490741102e-03	-1.843526134664285471e-02
0.5714285714285714	-0.03067982320044304	-1.379938448031102927e-03	-1.833069624936486605e-02
0.573385518590998	-0.03131515972438493	-1.415636229573477047e-03	-1.822337382880622955e-02
0.5753424657534246	-0.03194584481596902	-1.451121717418712639e-03	-1.811331022852225026e-02
0.5772994129158513	-0.03257178205224623	-1.486389573801103490e-03	-1.800052200439948222e-02
0.5792563600782779	-0.03319287561662414	-1.521434493691309082e-03	-1.788502612216535254e-02
0.5812133072407044	-0.03380903031496327	-1.556251205594337160e-03	-1.776683995483616801e-02
0.5831702544031311	-0.03442015159172862	-1.590834472342489295e-03	-1.764598128010385486e-02
0.5851272015655578	-0.03502614554619181	-1.625179091883142621e-03	-1.752246827766179918e-02
0.5870841487279843	-0.03562691894867869	-1.659279898061243475e-03	-1.739631952647026358e-02
0.5890410958904109	-0.03622237925685723	-1.693131761396412995e-03	-1.726755400196169909e-02
0.5909980430528375	-0.03681243463205998	-1.726729589854524146e-03	-1.713619107318645196e-02
0.5929549902152642	-0.03739699395563589	-1.760068329613653261e-03	-1.700225049989923312e-02
0.5949119373776908	-0.03797596684532511	-1.793142965824281836e-03	-1.686575242958686036e-02
0.5968688845401173	-0.03854926367165166	-1.825948523363630409e-03	-1.672671739443763392e-02
0.598825831702544	-0.03911679557432647	-1.858480067584030631e-03	-1.658516630825286262e-02
0.6007827788649707	-0.03967847447865565	-1.890732705055193051e-03	-1.644112046330099136e-02
0.6027397260273972	-0.04023421311194683	-1.922701584300287375e-03	-1.629460152711479509e-02
0.6046966731898238	-0.04078392501990709	-1.954381896525702895e-03	-1.614563153923212133e-02
0.6066536203522505	-0.04132752458302544	-1.985768876344393488e-03	-1.599423290788069135e-02
0.6086105675146771	-0.041864927032933055	-2.016857802492694196e-03	-1.584042840660740414e-02
0.6105675146771037	-0.042396048468734196	-2.047643998540497282e-03	-1.568424117085274669e-02
0.6125244618395302	-0.04292080587330042	-2.078122833594685422e-03	-1.552569469447070624e-02
0.6144814090019569	-0.043439117129520616	-2.108289722995719453e-03	-1.536481282619481942e-02
0.6164383561643836	-0.04395090103649971	-2.138140129007259482e-03	-1.520161976605082128e-02
0.6183953033268101	-0.044456077325698014	-2.167669561498746043e-03	-1.503614006171642876e-02
0.6203522504892367	-0.044954566677004114	-2.196873578620803843e-03	-1.486839860482887590e-02
0.6223091976516634	-0.04544629073473275	-2.225747787473392626e-03	-1.469842062724067283e-02
0.62426614481409	-0.045931172123540386	-2.254287844766591966e-03	-1.452623169722420428e-02
0.6262230919765166	-0.046409134464250386	-2.282489457473918949e-03	-1.435185771562574354e-02
0.6281800391389432	-0.046880102389579785	-2.310348383478096762e-03	-1.417532491196937978e-02
0.6301369863013698	-0.04734400155975959	-2.337860432209155383e-03	-1.399665984051157684e-02
0.6320939334637965	-0.04780075867804013	-2.365021465274780212e-03	-1.381588937624683711e-02
0.6340508806262231	-0.04825030150607416	-2.391827397082816730e-03	-1.363304071086514010e-02
0.6360078277886496	-0.04869255887916879	-2.418274195455826642e-03	-1.344814134866175077e-02
0.6379647749510763	-0.049127460721398265	-2.444357882237613994e-03	-1.326121910239996642e-02
0.639921722113503	-0.04955493806056934	-2.470074533891624107e-03	-1.307230208912752573e-02
0.6418786692759295	-0.04997492304303142	-2.495420282091127730e-03	-1.288141872594715000e-02
0.6438356164383561	-0.0503873489483226	-2.520391314301091961e-03	-1.268859772574211855e-02
0.6457925636007827	-0.05079215020364397	-2.544983874351675925e-03	-1.249386809285710914e-02
0.6477495107632094	-0.05118926239815372	-2.569194263003228909e-03	-1.229725911873547767e-02
0.649706457925636	-0.05157862229707324	-2.593018838502741518e-03	-1.209880037751306231e-02
0.6516634050880625	-0.05196016785559665	-2.616454017131636216e-03	-1.189852172156973323e-02
0.6536203522504892	-0.05233383823259631	-2.639496273744835250e-03	-1.169645327703891513e-02
0.6555772994129159	-0.05269957380411577	-2.662142142301023549e-03	-1.149262543927592750e-02
0.6575342465753424	-0.05305731617664278	-2.684388216384002088e-03	-1.128706886828600292e-02
0.659491193737769	-0.053407008200154524	-2.706231149715098306e-03	-1.107981448411224021e-02
0.6614481409001957	-0.053748593980926726	-2.727667656656505239e-03	-1.087089346218469629e-02
0.6634050880626223	-0.05408201889409977	-2.748694512705516374e-03	-1.066033722863089436e-02
0.6653620352250489	-0.05440722959599419	-2.769308554979563013e-03	-1.044817745554861392e-02
0.6673189823874754	-0.054724174036167784	-2.789506682691966083e-03	-1.023444605624186828e-02
0.6692759295499021	-0.05503280146920747	-2.809285857618375962e-03	-1.001917518042033141e-02
0.6712328767123288	-0.05533306246624846	-2.828643104553770198e-03	-9.802397209363456279e-03
0.6731898238747553	-0.05562490892621408	-2.847575511759996552e-03	-9.584144751049602021e-03
0.6751467710371819	-0.05590829408676933	-2.866080231403759886e-03	-9.364450635251059946e-03
0.6771037181996086	-0.05618317253498133	-2.884154479984988272e-03	-9.143347908595871737e-03
0.6790606653620352	-0.05644950021768025	-2.901795538755540162e-03	-8.920869829596791978e-03
0.6810176125244618	-0.056707234451514585	-2.919000754128155042e-03	-8.697049863648621468e-03
0.6829745596868884	-0.05695633393269444	-2.935767538075608959e-03	-8.471921677994256536e-03
0.684931506849315	-0.05719675874641686	-2.952093368520014235e-03	-8.245519136660375489e-03
0.6868884540117417	-0.057428470375967614	-2.967975789712184401e-03	-8.017876295363693742e-03
0.6888454011741683	-0.05765143171149363	-2.983412412601040096e-03	-7.789027396388125898e-03
0.6908023483365948	-0.05786560705844116	-2.998400915192963971e-03	-7.559006863434148890e-03
0.6927592954990215	-0.058070962145654034	-3.012939042901082061e-03	-7.327849296440697505e-03
0.6947162426614482	-0.058267464133127465	-3.027024608884403088e-03	-7.095589466380552469e-03
0.6966731898238747	-0.05845508161941269	-3.040655494376759329e-03	-6.862262310030171723e-03
0.6986301369863013	-0.05863378464866785	-3.053829649005522159e-03	-6.627902924714330901e-03
0.700587084148728	-0.058803544717351046	-3.066545091100012464e-03	-6.392546563026858461e-03
0.7025440313111546	-0.058964334780551526	-3.078799907989589885e-03	-6.156228627527853166e-03
0.7045009784735812	-0.059116129257955466	-3.090592256291362343e-03	-5.918984665418344955e-03
0.7064579256360077	-0.05925890403944263	-3.101920362187461210e-03	-5.680850363193358510e-03
0.7084148727984344	-0.05939263649031096	-3.112782521691870394e-03	-5.441861541273783701e-03
0.7103718199608611	-0.059517305456125866	-3.123177100906734342e-03	-5.202054148618340083e-03
0.7123287671232876	-0.059632891267192005	-3.133102536268133221e-03	-4.961464257316052645e-03
0.7142857142857142	-0.05973937574264458	-3.142557334781278904e-03	-4.720128057160189426e-03
0.7162426614481409	-0.05983674219415846	-3.151540074245087059e-03	-4.478081850204678437e-03
0.7181996086105675	-0.05992497542927298	-3.160049403466112360e-03	-4.235362045303374227e-03
0.7201565557729941	-0.06000406175433103	-3.168084042461791726e-03	-3.992005152633519398e-03
0.7221135029354206	-0.06007398897703099	-3.175642782652981274e-03	-3.748047778203793083e-03
0.7240704500978473	-0.060134746408590456	-3.182724487045756213e-03	-3.503526618347940422e-03
0.726027397260274	-0.06018632486552108	-3.189328090402432890e-03	-3.258478454204994778e-03
0.7279843444227005	-0.06022871667101401	-3.195452599401808671e-03	-3.012940146186478263e-03
0.7299412915851271	-0.06026191565593566	-3.201097092788572802e-03	-2.766948628431939276e-03
0.7318982387475538	-0.06028591715943399	-3.206260721511886968e-03	-2.520540903253229523e-03
0.7338551859099804	-0.060300718029155584	-3.210942708853099098e-03	-2.273754035568521011e-03
0.735812133072407	-0.06030631662107413	-3.215142350542576563e-03	-2.026625147327084774e-03
0.7377690802348336	-0.060302712798931284	-3.218859014865646604e-03	-1.779191411925225763e-03
0.7397260273972602	-0.06028990793329106	-3.222092142757616677e-03	-1.531490048614743242e-03
0.7416829745596869	-0.06026790490020917	-3.224841247887869078e-03	-1.283558316904318507e-03
0.7436399217221135	-0.06023670807951917	-3.227105916733019001e-03	-1.035433510954844073e-03
0.74559686888454	-0.0601963233527372	-3.228885808639113918e-03	-7.871529539697216327e-04
0.7475538160469667	-0.06014675810058784	-3.230180655872876439e-03	-5.387539925805212441e-04
0.7495107632093934	-0.060088021200153344	-3.230990263661975490e-03	-2.902739912293861866e-04
0.7514677103718199	-0.06002012302164928	-3.231314510224326652e-03	-4.175032654857913680e-05
0.7534246575342465	-0.05994307542482951	-3.231153346786409548e-03	2.067796182618056636e-04
0.7553816046966731	-0.05985689175502376	-3.230506797590603114e-03	4.552784590569381199e-04
0.7573385518590998	-0.059761586838811526	-3.229374959891541386e-03	7.037088163707598846e-04
0.7592954990215264	-0.059657176979335744	-3.227758003941483267e-03	9.520333210385184932e-04
0.7612524461839529	-0.05954367995126081	-3.225656172964702379e-03	1.200214619817931800e-03
0.7632093933463796	-0.05942111499537865	-3.223069783120901741e-03	1.448215381007956614e-03
0.7651663405088063	-0.059289502812867705	-3.219999223457657191e-03	1.695998300064139762e-03
0.7671232876712328	-0.05914886555920946	-3.216444955851894324e-03	1.943526105210149511e-03
0.7690802348336594	-0.05899922683776724	-3.212407514940415418e-03	2.190761563044112906e-03
0.7710371819960861	-0.05884061169303297	-3.207887508039476785e-03	2.437667484139357642e-03
0.7729941291585127	-0.0586730466035466	-3.202885615053435199e-03	2.684206728638539874e-03
0.7749510763209393	-0.058496559474494114	-3.197402588372479006e-03	2.930342211840138589e-03
0.7769080234833659	-0.05831117962998989	-3.191439252759446961e-03	3.176036909776914965e-03
0.7788649706457925	-0.058116937805049146	-3.184996505225774245e-03	3.421253864784978404e-03
0.7808219178082192	-0.05791386613725676	-3.178075314896557004e-03	3.665956191063049659e-03
0.7827788649706457	-0.057701998158138625	-3.170676722864776160e-03	3.910107080220913585e-03
0.7847358121330723	-0.05748136878424192	-3.162801842034699152e-03	4.153669806816059733e-03
0.786692759295499	-0.057252014307931066	-3.154451856954470015e-03	4.396607733878099208e-03
0.7886497064579256	-0.057013972387906044	-3.145628023637933330e-03	4.638884318419615564e-03
0.7906066536203522	-0.056767282039449724	-3.136331669375700282e-03	4.880463116933055068e-03
0.7925636007827788	-0.05651198362441151	-3.126564192535496306e-03	5.121307790872649778e-03
0.7945205479452054	-0.056248118840934266	-3.116327062351819353e-03	5.361382112120380294e-03
0.7964774951076321	-0.05597573071293169	-3.105621818704932657e-03	5.600649968435587010e-03
0.7984344422700587	-0.05569486357932371	-3.094450071889237076e-03	5.839075368886888912e-03
0.8003913894324852	-0.055405563083036964	-3.082813502371049060e-03	6.076622449266036105e-03
0.8023483365949119	-0.05510787615977816	-3.070713860535818907e-03	6.313255477482689927e-03
0.8043052837573386	-0.05480185102658792	-3.058152966424841808e-03	6.548938858939162659e-03
0.8062622309197651	-0.054487537170182336	-3.045132709461480323e-03	6.783637141884738680e-03
0.8082191780821917	-0.05416498533509064	-3.031655048166957255e-03	7.017315022748237853e-03
0.8101761252446184	-0.05383424751159602	-3.017722009865755374e-03	7.249937351448470721e-03
0.812133072407045	-0.05349537692348794	-3.003335690380658229e-03	7.481469136681608879e-03
0.8140900195694716	-0.05314842801563343	-2.988498253717502759e-03	7.711875551184487788e-03
0.8160469667318981	-0.052793456441375314	-2.973211931739657993e-03	7.941121936973499426e-03
0.8180039138943248	-0.05243051904976527	-2.957479023832314865e-03	8.169173810557770268e-03
0.8199608610567515	-0.05205967387263954	-2.941301896556605330e-03	8.395996868126250762e-03
0.821917808219178	-0.051680980111545136	-2.924682983293618466e-03	8.621556990707783877e-03
0.8238747553816046	-0.05129449812452407	-2.907624783878377719e-03	8.845820249303203847e-03
0.8258317025440313	-0.05090028941276421	-2.890129864223802726e-03	9.068752909989100802e-03
0.8277886497064579	-0.05049841660712368	-2.872200855934749393e-03	9.290321438991999692e-03
0.8297455968688845	-0.05008894345453684	-2.853840455912160304e-03	9.510492507732601353e-03
0.831702544031311	-0.0496719348043096	-2.835051425947387061e-03	9.729232997839150701e-03
0.8336594911937377	-0.04924745659431166	-2.815836592306769984e-03	9.946510006129016118e-03
0.8356164383561644	-0.04881557583707306	-2.796198845306494679e-03	1.016229084955816431e-02
0.837573385518591	-0.048376360605792756	-2.776141138877839983e-03	1.037654307013725560e-02
0.8395303326810175	-0.047929880020266095	-2.755666490122839381e-03	1.058923443981407177e-02
0.8414872798434442	-0.04747620423273913	-2.734777978860439187e-03	1.080033296532132391e-02
0.8434442270058709	-0.04701540441369637	-2.713478747163241937e-03	1.100980689298901825e-02
0.8454011741682974	-0.046547552737589495	-2.691771998884857128e-03	1.121762471352100166e-02
0.847358121330724	-0.04607272236851339	-2.669660999177988960e-03	1.142375516673450192e-02
0.8493150684931506	-0.045590987445836825	-2.647149074003278448e-03	1.162816724626238724e-02
0.8512720156555773	-0.04510242306979449	-2.624239609629010466e-03	1.183083020421720789e-02
0.8532289628180039	-0.044607105287046166	-2.600936052121752533e-03	1.203171355581622061e-02
0.8551859099804304	-0.04410511107621045	-2.577241906827985613e-03	1.223078708396707105e-02
0.8571428571428571	-0.043596518333378444	-2.553160737846834477e-03	1.242802084381297058e-02
0.8590998043052838	-0.04308140585761407	-2.528696167493947947e-03	1.262338516723708268e-02
0.8610567514677103	-0.04255985333644622	-2.503851875756622682e-03	1.281685066732527606e-02
0.8630136986301369	-0.04203194133135919	-2.478631599740265066e-03	1.300838824278643599e-02
0.8649706457925636	-0.04149775126328656	-2.453039133106238879e-03	1.319796908233002164e-02
0.8669275929549902	-0.04095736539811392	-2.427078325501232352e-03	1.338556466899979910e-02
0.8688845401174168	-0.04041086683219551	-2.400753081978181450e-03	1.357114678446343266e-02
0.8708414872798433	-0.039858339477889956	-2.374067362408866042e-03	1.375468751325715361e-02
0.87279843444227	-0.03929986804911985	-2.347025180888271355e-03	1.393615924698475214e-02
0.8747553816046967	-0.03873553804695965	-2.319630605130770188e-03	1.411553468847055216e-02
0.8767123287671232	-0.03816543574525618	-2.291887755858265999e-03	1.429278685586540809e-02
0.8786692759295498	-0.03758964817628606	-2.263800806180342809e-03	1.446788908670536451e-02
0.8806262230919765	-0.037008263116453756	-2.235373980966536434e-03	1.464081504192230911e-02
0.8825831702544031	-0.03642136907203475	-2.206611556210838921e-03	1.481153870980582085e-02
0.8845401174168297	-0.03582905526496597	-2.177517858388483031e-03	1.498003440991599149e-02
0.8864970645792563	-0.03523141161868782	-2.148097263805162031e-03	1.514627679694620713e-02
0.8884540117416829	-0.03462852874404063	-2.118354197938735958e-03	1.531024086453566455e-02
0.8904109589041096	-0.034020497925218156	-2.088293134773539731e-03	1.547190194903088831e-02
0.8923679060665362	-0.03340741110578101	-2.057918596127417555e-03	1.563123573319557050e-02
0.8943248532289627	-0.03278936087473181	-2.027235150971527008e-03	1.578821824986850406e-02
0.8962818003913894	-0.03216644045265504	-1.996247414743086267e-03	1.594282588556867122e-02
0.898238747553816	-0.03153874367792284	-1.964960048651107419e-03	1.609503538404721823e-02
0.9001956947162426	-0.03090636499296877	-1.933377758975245728e-03	1.624482384978574376e-02
0.9021526418786692	-0.030269399430630655	-1.901505296357892819e-03	1.639216875144018648e-02
0.9041095890410958	-0.029627942600564186	-1.869347455089560373e-03	1.653704792523008962e-02
0.9060665362035225	-0.028982090675728003	-1.836909072387734329e-03	1.667943957827244111e-02
0.9080234833659491	-0.028331940378940802	-1.804195027669248811e-03	1.681932229185979788e-02
0.9099804305283756	-0.027677588969511547	-1.771210241816310524e-03	1.695667502468216348e-02
0.9119373776908023	-0.02701913422994264	-1.737959676436312204e-03	1.709147711599194944e-02
0.913894324853229	-0.02635667445270653	-1.704448333115483449e-03	1.722370828871188503e-02
0.9158512720156555	-0.025690308427094966	-1.670681252666561534e-03	1.735334865248504277e-02
0.9178082191780821	-0.025020135426141534	-1.636663514370542260e-03	1.748037870666679580e-02
0.9197651663405088	-0.02434625519361603	-1.602400235212638998e-03	1.760477934325815549e-02
0.9217221135029354	-0.0236687679310906	-1.567896569112599324e-03	1.772653184977995150e-02
0.923679060665362	-0.022987774285076142	-1.533157706149426095e-03	1.784561791208765652e-02
0.9256360078277885	-0.02230337533422779	-1.498188871780698102e-03	1.796201961712616188e-02
0.9275929549902152	-0.02161567257661905	-1.462995326056543014e-03	1.807571945562429575e-02
0.9295499021526419	-0.020924767917081828	-1.427582362828407666e-03	1.818670032472861214e-02
0.9315068493150684	-0.020230763654611225	-1.391955308952768809e-03	1.829494553057598588e-02
0.933463796477495	-0.01953376246983305	-1.356119523489841350e-03	1.840043879080474967e-02
0.9354207436399217	-0.018833867412531916	-1.320080396897479894e-03	1.850316423700387736e-02
0.9373776908023483	-0.018131181889238252	-1.283843350220333860e-03	1.860310641709994259e-02
0.9393346379647749	-0.017425809650870573	-1.247413834274398430e-03	1.870025029768144706e-02
0.9412915851272015	-0.016717854780431324	-1.210797328827117013e-03	1.879458126626013317e-02
0.9432485322896281	-0.016007421680753604	-1.173999341773086617e-03	1.888608513346905909e-02
0.9452054794520548	-0.015294615062295305	-1.137025408305572787e-03	1.897474813519690884e-02
0.9471624266144814	-0.014579539930978354	-1.099881090083891988e-03	1.906055693465846801e-02
0.9491193737769079	-0.01386230157606894	-1.062571974396813237e-03	1.914349862440073435e-02
0.9510763209393346	-0.013143005558096556	-1.025103673322129904e-03	1.922356072824445844e-02
0.9530332681017613	-0.012421757696807648	-9.874818228824645480e-04	1.930073120316085078e-02
0.9549902152641878	-0.0116986640591509	-9.497120821975094497e-04	1.937499844108307376e-02
0.9569471624266144	-0.010973830947289856	-9.118001326327696129e-04	1.944635127065236571e-02
0.958904109589041	-0.010247364886640015	-8.737516769449553628e-04	1.951477895889845715e-02
0.9608610567514677	-0.009519372613926332	-8.355724384241883674e-04	1.958027121285399116e-02
0.9628180039138943	-0.008789961065256582	-7.972681600330748563e-04	1.964281818110286126e-02
0.9647749510763208	-0.008059237364207862	-7.588446035428629858e-04	1.970241045526202259e-02
0.9667318982387475	-0.007327308809921276	-7.203075486667423564e-04	1.975903907139673135e-02
0.9686888454011742	-0.006594282865201423	-6.816627921904449498e-04	1.981269551136892113e-02
0.9706457925636007	-0.005860267144615795	-6.429161471003057814e-04	1.986337170411849040e-02
0.9726027397260273	-0.005125369402591014	-6.040734417088447408e-04	1.991106002687737311e-02
0.974559686888454	-0.0043896975215008795	-5.651405187780855939e-04	1.995575330631615615e-02
0.9765166340508806	-0.003653359499742733	-5.261232346406722118e-04	1.999744481962309819e-02
0.9784735812133072	-0.0029164634397974088	-4.870274583189447104e-04	2.003612829551539715e-02
0.9804305283757337	-0.0021791175362686327	-4.478590706421341195e-04	2.007179791518250156e-02
0.9823874755381604	-0.0014414300638986523	-4.086239633617394420e-04	2.010444831316140352e-02
0.9843444227005871	-0.0007035093655547418	-3.693280382653034541e-04	2.013407457814370138e-02
0.9863013698630136	3.4536159816976896e-05	-3.299772062886509446e-04	2.016067225371437344e-02
0.9882583170254402	0.0007725980692745119	-2.905773866267509389e-04	2.018423733902210623e-02
0.9902152641878669	0.0015105678880038712	-2.511345058433647791e-04	2.020476628938112570e-02
0.9921722113502935	0.0022483371214872035	-2.116544969795432153e-04	2.022225601680437135e-02
0.9941291585127201	0.0029857972677204245	-1.721432986611917064e-04	2.023670389046801701e-02
0.9960861056751467	0.0037228398294831383	-1.326068542057674371e-04	2.024810773710716827e-02
0.9980430528375733	0.004459356326664714	-9.305111072827052031e-05	2.025646584134281267e-02
1.0	0.00519523830865063	-5.348201824669235208e-05	2.026177694593981130e-02
