0.0	0.030045785081841834	3.112609989136342075e-04	9.660662424655523661e-02
0.0019569471624266144	0.03374005946744853	4.999176011314149411e-04	9.657531282616901858e-02
0.003913894324853229	0.037429211557875604	6.884988492082781946e-04	9.652946257430092269e-02
0.005870841487279843	0.04111269231209539	8.769763533735233825e-04	9.646908039343013441e-02
0.007827788649706457	0.04478995356358583	1.065321739474471389e-03	9.639417537373017042e-02
0.009784735812133072	0.04846044809133474	1.253506653248021583e-03	9.630475879170044551e-02
0.011741682974559686	0.052123629690693736	1.441502764589215179e-03	9.620084410846865830e-02
0.0136986301369863	0.05577895324408786	1.629281771816161548e-03	9.608244696776428728e-02
0.015655577299412915	0.05942587479158583	1.816815405930688205e-03	9.594958519356353022e-02
0.01761252446183953	0.06306385160133682	2.004075434874063970e-03	9.580227878740597836e-02
0.019569471624266144	0.06669234223987879	2.191033667777169281e-03	9.564054992538359445e-02
0.021526418786692758	0.07031080664232409	2.377661959204460315e-03	9.546442295480211948e-02
0.023483365949119372	0.0739187061824272	2.563932213391093961e-03	9.527392439051581008e-02
0.025440313111545987	0.0775155037425401	2.749816388472575701e-03	9.506908291093578434e-02
0.0273972602739726	0.08110066378346033	2.935286500706295928e-03	9.484992935371262812e-02
0.029354207436399216	0.08467365241417608	3.120314628684310674e-03	9.461649671109398363e-02
0.03131115459882583	0.08823393746151395	3.304872917536743563e-03	9.436882012495777239e-02
0.033268101761252444	0.09178098853969308	3.488933583125166694e-03	9.410693688152178826e-02
0.03522504892367906	0.09531427711979032	3.672468916225337700e-03	9.383088640573047923e-02
0.03718199608610567	0.09883327659912068	3.855451286698654591e-03	9.354071025531979222e-02
0.03913894324853229	0.10233746237053655	4.037853147651708670e-03	9.323645211456085824e-02
0.0410958904109589	0.10582631189164937	4.219647039583296691e-03	9.291815778768362788e-02
0.043052837573385516	0.10929930475397738	4.400805594518296393e-03	9.258587519198129001e-02
0.04500978473581213	0.1127559227520215	4.581301540127737104e-03	9.223965435059663931e-02
0.046966731898238745	0.1161956499522732	4.761107703834492090e-03	9.187954738499136409e-02
0.04892367906066536	0.1196179727621555	4.940197016903942126e-03	9.150560850709950345e-02
0.050880626223091974	0.12302237999889953	5.118542518519014414e-03	9.111789401116615617e-02
0.05283757338551859	0.1264083629583585	5.296117359838968010e-03	9.071646226527270429e-02
0.0547945205479452	0.12977541548375918	5.472894808041328142e-03	9.030137370254988360e-02
0.05675146771037182	0.13312303403439277	5.648848250346346668e-03	8.987269081207990840e-02
0.05870841487279843	0.13645071775424486	5.823951198023399715e-03	8.943047812948913544e-02
0.060665362035225046	0.1397579685405637	5.998177290378707560e-03	8.897480222723261334e-02
0.06262230919765166	0.14304429111236777	6.171500298723773918e-03	8.850573170457197436e-02
0.06457925636007827	0.14630919307888973	6.343894130323960052e-03	8.802333717724826478e-02
0.06653620352250489	0.14955218500795645	6.515332832326585673e-03	8.752769126685117085e-02
0.0684931506849315	0.1527727804943024	6.685790595667979834e-03	8.701886858988625018e-02
0.07045009784735812	0.15597049622781395	6.855241758958875546e-03	8.649694574654186174e-02
0.07240704500978473	0.15914485206170162	7.023660812347580842e-03	8.596200130915751525e-02
0.07436399217221135	0.16229537108059627	7.191022401360325222e-03	8.541411581039519418e-02
0.07632093933463796	0.1654215796685656	7.357301330718235902e-03	8.485337173111577591e-02
0.07827788649706457	0.1685230075770456	7.522472568130324569e-03	8.427985348796190879e-02
0.08023483365949119	0.17159918799268215	7.686511248061948624e-03	8.369364742064967777e-02
0.0821917808219178	0.17464965760507686	7.849392675478177039e-03	8.309484177897062673e-02
0.08414872798434442	0.1776739566744306	8.011092329561469300e-03	8.248352670950631627e-02
0.08610567514677103	0.18067162909907758	8.171585867403137471e-03	8.185979424205730437e-02
0.08806262230919765	0.18364222248290332	8.330849127668033677e-03	8.122373827578857619e-02
0.09001956947162426	0.18658528820263737	8.488858134231877517e-03	8.057545456509365711e-02
0.09197651663405088	0.18950038147501239	8.645589099790733367e-03	7.991504070517926883e-02
0.09393346379647749	0.1923870614237812	8.801018429442041685e-03	7.924259611737306808e-02
0.0958904109589041	0.19524489114658045	8.955122724236675227e-03	7.855822203415625815e-02
0.09784735812133072	0.19807343778163183	9.107878784701529257e-03	7.786202148392375177e-02
0.09980430528375733	0.20087227257426937	9.259263614332054193e-03	7.715409927547380031e-02
0.10176125244618395	0.2036409709432811	9.409254423054238051e-03	7.643456198222964293e-02
0.10371819960861056	0.20637911254705327	9.557828630655521712e-03	7.570351792619557652e-02
0.10567514677103718	0.20908628134950424	9.704963870184102337e-03	7.496107716164975010e-02
0.10763209393346379	0.21176206568579548	9.850637991316158262e-03	7.420735145857605686e-02
0.1095890410958904	0.2144060583278044	9.994829063690436818e-03	7.344245428583791313e-02
0.11154598825831702	0.2170178565493467	1.013751538020973841e-02	7.266650079409618657e-02
0.11350293542074363	0.21959706219113198	1.027867546030879729e-02	7.187960779847395176e-02
0.11545988258317025	0.22214328172543765	1.041828805318803335e-02	7.108189376097069634e-02
0.11741682974559686	0.22465612632048537	1.055633214101275690e-02	7.027347877262855869e-02
0.11937377690802348	0.22713521190450356	1.069278694207725922e-02	6.945448453545333134e-02
0.12133072407045009	0.22958015922945932	1.082763191393337245e-02	6.862503434409303327e-02
0.1232876712328767	0.23199059393444202	1.096084675648302705e-02	6.778525306727650745e-02
0.12524461839530332	0.23436614660868108	1.109241141503428812e-02	6.693526712901537445e-02
0.12720156555772993	0.23670645285417924	1.122230608332048900e-02	6.607520448957145132e-02
0.12915851272015655	0.23901115334794384	1.135051120648193114e-02	6.520519462619324413e-02
0.13111545988258316	0.24127989390379498	1.147700748400975156e-02	6.432536851362391506e-02
0.13307240704500978	0.24351232553373275	1.160177587265151175e-02	6.343585860438377688e-02
0.1350293542074364	0.2457081045088433	1.172479758927802429e-02	6.253679880883038222e-02
0.136986301369863	0.24786689241972212	1.184605411371105442e-02	6.162832447499912852e-02
0.13894324853228962	0.2499883562363965	1.196552719151142141e-02	6.071057236822745284e-02
0.14090019569471623	0.25207216836772295	1.208319883672707810e-02	5.978368065056559322e-02
0.14285714285714285	0.2541180067202413	1.219905133460080955e-02	5.884778885997712233e-02
0.14481409001956946	0.25612555475646215	1.231306724423707026e-02	5.790303788933241075e-02
0.14677103718199608	0.2580945015525656	1.242522940122760614e-02	5.694956996519796866e-02
0.1487279843444227	0.26002454185549084	1.253552092023546040e-02	5.598752862642515649e-02
0.1506849315068493	0.2619153761393927	1.264392519753694544e-02	5.501705870254124803e-02
0.15264187866927592	0.2637667106614426	1.275042591352124922e-02	5.403830629194622537e-02
0.15459882583170254	0.2655782575169525	1.285500703514724612e-02	5.305141873991853219e-02
0.15655577299412915	0.2673497346937978	1.295765281835717202e-02	5.205654461643317160e-02
0.15851272015655576	0.26908086612611576	1.305834781044680482e-02	5.105383369379531272e-02
0.16046966731898238	0.27077138174725796	1.315707685239176673e-02	5.004343692409308347e-02
0.162426614481409	0.2724210175419722	1.325382508112963806e-02	4.902550641647252655e-02
0.1643835616438356	0.27402951559779	1.334857793179748675e-02	4.800019541423854869e-02
0.16634050880626222	0.2755966241555983	1.344132113992452943e-02	4.696765827178504132e-02
0.16829745596868884	0.2771220976593704	1.353204074357955249e-02	4.592805043135783638e-02
0.17025440313111545	0.2786056968050323	1.362072308547281757e-02	4.488152839965366819e-02
0.17221135029354206	0.2800471885884434	1.370735481501205583e-02	4.382824972425914539e-02
0.17416829745596868	0.281446346352466	1.379192289031234281e-02	4.276837296993286214e-02
0.1761252446183953	0.28280294983310067	1.387441458015946198e-02	4.170205769473442348e-02
0.1780821917808219	0.28411678520466566	1.395481746592651742e-02	4.062946442600404162e-02
0.18003913894324852	0.2853876451239961	1.403311944344348174e-02	3.955075463619593668e-02
0.18199608610567514	0.28661532877364115	1.410930872481940511e-02	3.846609071856976758e-02
0.18395303326810175	0.2877996419040348	1.418337384021702181e-02	3.737563596274325745e-02
0.18590998043052837	0.28894039687462	1.425530363957944364e-02	3.627955453010991288e-02
0.18786692759295498	0.2900374126939026	1.432508729430875295e-02	3.517801142912558438e-02
0.1898238747553816	0.2910905150584131	1.439271429889617780e-02	3.407117249046734409e-02
0.1917808219178082	0.29209953639055514	1.445817447250362722e-02	3.295920434206871252e-02
0.19373776908023482	0.2930643158753192	1.452145796049635930e-02	3.184227438403485627e-02
0.19569471624266144	0.29398469949584016	1.458255523592653924e-02	3.072055076344145513e-02
0.19765166340508805	0.29486054006777795	1.464145710096746190e-02	2.959420234902127717e-02
0.19960861056751467	0.29569169727250233	1.469815468829822717e-02	2.846339870574185818e-02
0.20156555772994128	0.2964780376890598	1.475263946243866170e-02	2.732831006927863293e-02
0.2035225048923679	0.2972194348249043	1.480490322103429103e-02	2.618910732038693887e-02
0.2054794520547945	0.297915769145374	1.485493809609114875e-02	2.504596195917692739e-02
0.20743639921722112	0.29856692810189234	1.490273655516024913e-02	2.389904607929534824e-02
0.20939334637964774	0.2991728061588786	1.494829140247156546e-02	2.274853234201774932e-02
0.21135029354207435	0.29973330481934857	1.499159578001730241e-02	2.159459395025545986e-02
0.21330724070450097	0.300248332649189	1.503264316858433057e-02	2.043740462248090639e-02
0.21526418786692758	0.3007178053000892	1.507142738873560629e-02	1.927713856657534836e-02
0.2172211350293542	0.3011416455311138	1.510794260174046395e-02	1.811397045360290184e-02
0.2191780821917808	0.3015197832289016	1.514218331045358822e-02	1.694807539151495235e-02
0.22113502935420742	0.3018521554264763	1.517414436014257774e-02	1.577962889878858563e-02
0.22309197651663404	0.30213870632065426	1.520382093926397372e-02	1.460880687800342019e-02
0.22504892367906065	0.3023793872880359	1.523120858018758156e-02	1.343578558936051048e-02
0.22700587084148727	0.3025741568995693	1.525630315986907688e-02	1.226074162414740598e-02
0.22896281800391388	0.30272298093367267	1.527910090047068271e-02	1.108385187815350524e-02
0.2309197651663405	0.30282583238790467	1.529959836992990374e-02	9.905293525039307947e-03
0.2328767123287671	0.3028826914891724	1.531779248247621024e-02	8.725243989664089109e-03
0.23483365949119372	0.302893545702467	1.533368049909557967e-02	7.543880921375627040e-03
0.23679060665362034	0.3028583897381178	1.534726002794283353e-02	6.361382167266144139e-03
0.23874755381604695	0.3027772255575551	1.535852902470172254e-02	5.177925745398587361e-03
0.24070450097847357	0.30265006237757774	1.536748579289267530e-02	3.993689818006947688e-03
0.24266144814090018	0.3024769166731142	1.537412898412820854e-02	2.808852664675100252e-03
0.2446183953033268	0.30225781217847403	1.537845759831590539e-02	1.623592655497860075e-03
0.2465753424657534	0.301992779887083	1.538047098380898245e-02	4.380882242284227191e-04
0.24853228962818003	0.3016818580496987	1.538016883750438143e-02	-7.474821585836789002e-04
0.25048923679060664	0.3013250921711012	1.537755120488840804e-02	-1.932940012460369070e-03
0.25244618395303325	0.30092253500525784	1.537261848002988325e-02	-3.118106873864104171e-03
0.25440313111545987	0.3004742465489581	1.536537140552081404e-02	-4.302804323064503451e-03
0.2563600782778865	0.2999802940339195	1.535581107236460262e-02	-5.486854010998386440e-03
0.2583170254403131	0.29944075191736164	1.534393891981180799e-02	-6.670077686119066027e-03
0.2602739726027397	0.29885570187105126	1.532975673514346514e-02	-7.852297221231168203e-03
0.2622309197651663	0.29822523276881835	1.531326665340203112e-02	-9.033334640306532257e-03
0.26418786692759294	0.2975494406725442	1.529447115706995645e-02	-1.021301214527743639e-02
0.26614481409001955	0.29682842881662724	1.527337307569597187e-02	-1.139115214280306092e-02
0.26810176125244617	0.29606230759092783	1.524997558546911831e-02	-1.256757727100500655e-02
0.2700587084148728	0.2952511945221972	1.522428220874057041e-02	-1.374211042616817029e-02
0.2720156555772994	0.294395214253997	1.519629681349340261e-02	-1.491457478940258659e-02
0.273972602739726	0.29349449852511356	1.516602361276025122e-02	-1.608479385326243988e-02
0.2759295499021526	0.29254918614647674	1.513346716398909254e-02	-1.725259144831822744e-02
0.27788649706457924	0.2915594229765877	1.509863236835713891e-02	-1.841779176967792836e-02
0.27984344422700586	0.29052536189546724	1.506152447003299318e-02	-1.958021940345349224e-02
0.28180039138943247	0.2894471627771323	1.502214905538717428e-02	-2.073969935316825192e-02
0.2837573385518591	0.2883249924606114	1.498051205215111814e-02	-2.189605706610161726e-02
0.2857142857142857	0.2871590247195098	1.493661972852480292e-02	-2.304911845956695779e-02
0.2876712328767123	0.2859494402301366	1.489047869223309936e-02	-2.419870994711861151e-02
0.2896281800391389	0.2846964265382049	1.484209588953102482e-02	-2.534465846468442196e-02
0.29158512720156554	0.2834001780241197	1.479147860415801728e-02	-2.648679149661936974e-02
0.29354207436399216	0.2820608958668666	1.473863445624142184e-02	-2.762493710167683580e-02
0.29549902152641877	0.2806787880065163	1.468357140114932499e-02	-2.875892393889327436e-02
0.2974559686888454	0.2792540691053594	1.462629772829291373e-02	-2.988858129338260727e-02
0.299412915851272	0.2777869605076888	1.456682205987856922e-02	-3.101373910203623907e-02
0.3013698630136986	0.27627769019824533	1.450515334960982700e-02	-3.213422797912514339e-02
0.30332681017612523	0.2747264927593437	1.444130088133946735e-02	-3.324987924179979848e-02
0.30528375733855184	0.27313360932669817	1.437527426767187984e-02	-3.436052493548438780e-02
0.30724070450097846	0.27149928754396474	1.430708344851593788e-02	-3.546599785916135228e-02
0.30919765166340507	0.2698237815160197	1.423673868958862283e-02	-3.656613159054244999e-02
0.3111545988258317	0.26810735176099504	1.416425058086956401e-02	-3.766076051112271506e-02
0.3131115459882583	0.26635026516108845	1.408963003500679143e-02	-3.874971983111327734e-02
0.3150684931506849	0.2645527949121733	1.401288828567389365e-02	-3.983284561424946246e-02
0.31702544031311153	0.26271522047222334	1.393403688587886713e-02	-4.090997480247045293e-02
0.31898238747553814	0.26083782750858064	1.385308770622487376e-02	-4.198094524046659670e-02
0.32093933463796476	0.2589209078440843	1.377005293312319467e-02	-4.304559570009103969e-02
0.32289628180039137	0.2569647594020846	1.368494506695863699e-02	-4.410376590463160190e-02
0.324853228962818	0.2549696861503651	1.359777692020767634e-02	-4.515529655293942096e-02
0.3268101761252446	0.25293599804399675	1.350856161550962296e-02	-4.620002934341085193e-02
0.3287671232876712	0.2508640109671474	1.341731258369107706e-02	-4.723780699781878617e-02
0.33072407045009783	0.24875404667387038	1.332404356174400097e-02	-4.826847328498996142e-02
0.33268101761252444	0.24660643272789864	1.322876859075771544e-02	-4.929187304432453010e-02
0.33463796477495106	0.24442150244146654	1.313150201380506796e-02	-5.030785220915470757e-02
0.33659491193737767	0.24219959481318656	1.303225847378318772e-02	-5.131625782993848306e-02
0.3385518590998043	0.23994105446500608	1.293105291120908579e-02	-5.231693809728527045e-02
0.3405088062622309	0.23764623157826764	1.282790056197045080e-02	-5.330974236480989781e-02
0.3424657534246575	0.23531548182890205	1.272281695503196287e-02	-5.429452117181152865e-02
0.34442270058708413	0.2329491663217767	1.261581791009752478e-02	-5.527112626577400378e-02
0.34637964774951074	0.23054765152422793	1.250691953522868605e-02	-5.623941062468447438e-02
0.34833659491193736	0.22811130919880182	1.239613822441966787e-02	-5.719922847916660696e-02
0.350293542074364	0.2256405163352303	1.228349065512935982e-02	-5.815043533442527252e-02
0.3522504892367906	0.22313565508167016	1.216899378577061645e-02	-5.909288799199944459e-02
0.3542074363992172	0.22059711267522844	1.205266485315728553e-02	-6.002644457131972588e-02
0.3561643835616438	0.2180252813718043	1.193452136990928898e-02	-6.095096453106779028e-02
0.35812133072407043	0.21542055837527008	1.181458112181622139e-02	-6.186630869033390295e-02
0.36007827788649704	0.21278334576602165	1.169286216515978867e-02	-6.277233924956981959e-02
0.36203522504892366	0.21011405042892076	1.156938282399556754e-02	-6.366891981133365741e-02
0.3639921722113503	0.20741308398065794	1.144416168739440659e-02	-6.455591540082371294e-02
0.3659491193737769	0.2046808626965621	1.131721760664396691e-02	-6.543319248619813844e-02
0.3679060665362035	0.2019178074368809	1.118856969241077345e-02	-6.630061899867729924e-02
0.3698630136986301	0.19912434357256	1.105823731186320914e-02	-6.715806435242593908e-02
0.37181996086105673	0.19630090091054472	1.092624008575591478e-02	-6.800539946421220450e-02
0.37377690802348335	0.19344791361863212	1.079259788547600601e-02	-6.884249677284012825e-02
0.37573385518590996	0.19056582014989543	1.065733083005154097e-02	-6.966923025835340677e-02
0.3776908023483366	0.18765506316670832	1.052045928312273296e-02	-7.048547546100684957e-02
0.3796477495107632	0.18471608946439355	1.038200384987632459e-02	-7.129110950000304425e-02
0.3816046966731898	0.1817493498945179	1.024198537394359863e-02	-7.208601109199137824e-02
0.3835616438356164	0.17875529928786132	1.010042493426249917e-02	-7.287006056932640585e-02
0.38551859099804303	0.17573439637707974	9.957343841904322743e-03	-7.364313989808322913e-02
0.38747553816046965	0.17268710371908927	9.812763636865463532e-03	-7.440513269582665901e-02
0.38943248532289626	0.16961388761719057	9.666706084824693013e-03	-7.515592424913201952e-02
0.3913894324853229	0.16651521804295916	9.519193173866478952e-03	-7.589540153085444496e-02
0.3933463796477495	0.16339156855792236	9.370247111170810356e-03	-7.662345321714449098e-02
0.3953033268101761	0.16024341623504437	9.219890319670026244e-03	-7.733996970420729811e-02
0.3972602739726027	0.1570712415800424	9.068145434673189481e-03	-7.804484312480272634e-02
0.39921722113502933	0.15387552845255187	8.915035300458475781e-03	-7.873796736448415712e-02
0.40117416829745595	0.15065676398716438	8.760582966834108698e-03	-7.941923807757335363e-02
0.40313111545988256	0.14741543851435557	8.604811685668341953e-03	-8.008855270286913131e-02
0.4050880626223092	0.1441520454813231	8.447744907389035524e-03	-8.074581047908722942e-02
0.4070450097847358	0.14086708137275467	8.289406277453337246e-03	-8.139091246002939928e-02
0.4090019569471624	0.1375610456315421	8.129819632787997283e-03	-8.202376152947915555e-02
0.410958904109589	0.13423444057946193	7.969008998200856689e-03	-8.264426241582201182e-02
0.41291585127201563	0.13088777133783658	7.806998582764086009e-03	-8.325232170638798002e-02
0.41487279843444225	0.12752154574819588	7.643812776169612785e-03	-8.384784786151443237e-02
0.41682974559686886	0.12413627429295288	7.479476145057428402e-03	-8.443075122832674473e-02
0.4187866927592955	0.12073247001610929	7.314013429317223550e-03	-8.500094405423502808e-02
0.4207436399217221	0.11731064844400793	7.147449538363942999e-03	-8.555834050014475556e-02
0.4227005870841487	0.11387132750614246	6.979809547387825185e-03	-8.610285665337927274e-02
0.4246575342465753	0.11041502745604237	6.811118693579486065e-03	-8.663441054031241484e-02
0.42661448140900193	0.10694227079224279	6.641402372330606693e-03	-8.715292213870909355e-02
0.42857142857142855	0.10345358217935302	6.470686133410815180e-03	-8.765831338977222997e-02
0.43052837573385516	0.09994948836923698	6.298995677121318158e-03	-8.815050820989391023e-02
0.4324853228962818	0.09643051812231324	6.126356850425873288e-03	-8.862943250210944535e-02
0.4344422700587084	0.09289720212898993	5.952795643059707355e-03	-8.909501416725212897e-02
0.436399217221135	0.08935007293123941	5.778338183616878697e-03	-8.954718311480742987e-02
0.4383561643835616	0.08578966484432718	5.603010735616806466e-03	-8.998587127346456549e-02
0.44031311154598823	0.08221651387869981	5.426839693550442045e-03	-9.041101260136434614e-02
0.44227005870841485	0.07863115766204162	5.249851578906741811e-03	-9.082254309604133324e-02
0.44422700587084146	0.0750341353615091	5.072073036180016307e-03	-9.122040080405900697e-02
0.4461839530332681	0.07142598760614663	4.893530828858761242e-03	-9.160452583033651397e-02
0.4481409001956947	0.0678072564094938	4.714251835396575732e-03	-9.197486034716549630e-02
0.4500978473581213	0.06417848509238645	4.534263045165774081e-03	-9.233134860291569712e-02
0.4520547945205479	0.06054021820596014	4.353591554394290429e-03	-9.267393693042805247e-02
0.45401174168297453	0.056893001454857546	4.172264562086530279e-03	-9.300257375509393687e-02
0.45596868884540115	0.05323738162064545	3.990309365928690170e-03	-9.331720960261941089e-02
0.45792563600782776	0.049573906485446025	3.807753358179274093e-03	-9.361779710647331887e-02
0.4598825831702544	0.045903124755781725	3.624624021545353510e-03	-9.390429101501800158e-02
0.461839530332681	0.04222558598664098	3.440948925045208932e-03	-9.417664819832163858e-02
0.4637964774951076	0.038541840505761905	3.256755719857979282e-03	-9.443482765465120721e-02
0.4657534246575342	0.03485243933813968	3.072072135160946148e-03	-9.467879051664511436e-02
0.46771037181996084	0.031157934130755363	2.886925973955070494e-03	-9.490850005716434945e-02
0.46966731898238745	0.027458877077527553	2.701345108879421066e-03	-9.512392169482156157e-02
0.47162426614481406	0.023755820844488663	2.515357478015107714e-03	-9.532502299918714506e-02
0.4735812133072407	0.020049318495181684	2.328991080679398366e-03	-9.551177369567133424e-02
0.4755381604696673	0.016339923416280735	2.142273973210552605e-03	-9.568414567008194649e-02
0.4774951076320939	0.012628189243429896	1.955234264744133005e-03	-9.584211297285676057e-02
0.4794520547945205	0.008914669787302671	1.767900112981339112e-03	-9.598565182297011389e-02
0.48140900195694714	0.005199918959876662	1.580299719950034988e-03	-9.611474061151294157e-02
0.48336594911937375	0.001484490700922302	1.392461327759103064e-03	-9.622935990494586866e-02
0.48532289628180036	-0.002231061095295779	1.204413214346765912e-03	-9.632949244802485600e-02
0.487279843444227	-0.005946182653111251	1.016183689223511310e-03	-9.641512316639885838e-02
0.4892367906066536	-0.009660320388341784	8.278010892102687004e-04	-9.648623916887910656e-02
0.4911937377690802	-0.013372920980975872	6.392937741724619019e-04	-9.654282974937992978e-02
0.4931506849315068	-0.01708343144766066	4.506901227506313382e-04	-9.658488638853038322e-02
0.49510763209393344	-0.02079129921399842	2.620185280881586355e-04	-9.661240275495681928e-02
0.49706457925636005	-0.024495972186654634	7.330739355687828382e-05	-9.662537470623608349e-02
0.49902152641878667	-0.028196898825281168	-1.154148715188864534e-04	-9.662380028951905730e-02
0.5009784735812133	-0.031893528214262626	-3.041198561391759308e-04	-9.660767974182467299e-02
0.5029354207436398	-0.035585310134286695	-4.927791519054988603e-04	-9.657701549000428931e-02
0.5048923679060665	-0.039271695133747994	-6.813643572975454496e-04	-9.653181215037624774e-02
0.5068493150684932	-0.04295213459998643	-8.698470819488659687e-04	-9.647207652803098388e-02
0.5088062622309197	-0.04662608083036873	-1.058198950920868084e-03	-9.639781761580652752e-02
0.5107632093933463	-0.05029298710321717	-1.246391608974494001e-03	-9.630904659293472447e-02
0.512720156555773	-0.05395230774859032	-1.434396724838937027e-03	-9.620577682335822167e-02
0.5146771037181996	-0.05760349821892228	-1.622185995476717281e-03	-9.608802385371861821e-02
0.5166340508806262	-0.06124601515952498	-1.809731150344572482e-03	-9.595580541101604577e-02
0.5185909980430528	-0.06487931647896182	-1.997003955649393186e-03	-9.580914139994041456e-02
0.5205479452054794	-0.06850286141929234	-2.183976218598655036e-03	-9.564805389987499074e-02
0.5225048923679061	-0.07211611062619823	-2.370619791644674318e-03	-9.547256716157231926e-02
0.5244618395303327	-0.07571852621899515	-2.556906576722053209e-03	-9.528270760350356083e-02
0.5264187866927592	-0.07930957186053353	-2.742808529477671568e-03	-9.507850380788129829e-02
0.5283757338551859	-0.08288871282699438	-2.928297663492597080e-03	-9.485998651635661749e-02
0.5303326810176126	-0.08645541607758502	-3.113346054495271485e-03	-9.462718862539121201e-02
0.5322896281800391	-0.09000915032413953	-3.297925844565349242e-03	-9.438014518130494190e-02
0.5342465753424657	-0.09354938610062827	-3.482009246327509924e-03	-9.411889337499991515e-02
0.5362035225048923	-0.09707559583257995	-3.665568547134724370e-03	-9.384347253636149411e-02
0.538160469667319	-0.10058725390642075	-3.848576113240196554e-03	-9.355392412833758720e-02
0.5401174168297456	-0.10408383673873409	-4.031004393957465098e-03	-9.325029174069644766e-02
0.5420743639921721	-0.10756482284544638	-4.212825925807994407e-03	-9.293262108346468653e-02
0.5440313111545988	-0.11102969291093717	-4.394013336655636960e-03	-9.260095998004577722e-02
0.5459882583170255	-0.11447792985708054	-4.574539349827337099e-03	-9.225535836002057843e-02
0.547945205479452	-0.11790901891222012	-4.754376788219478664e-03	-9.189586825163077732e-02
0.5499021526418786	-0.12132244768007741	-4.933498578389227708e-03	-9.152254377394625218e-02
0.5518590998043053	-0.12471770620859725	-5.111877754630285257e-03	-9.113544112871782565e-02
0.5538160469667319	-0.12809428705872897	-5.289487463032386573e-03	-9.073461859191649104e-02
0.5557729941291585	-0.13145168537314905	-5.466300965524032579e-03	-9.032013650496019397e-02
0.557729941291585	-0.1347893989449211	-5.642291643897719665e-03	-8.989205726562989052e-02
0.5596868884540117	-0.13810692828609483	-5.817433003817159588e-03	-8.945044531867588078e-02
0.5616438356164384	-0.14140377669624404	-5.991698678805839826e-03	-8.899536714611609722e-02
0.5636007827788649	-0.14467945033094265	-6.165062434216335430e-03	-8.852689125722756902e-02
0.5655577299412915	-0.14793345827017715	-6.337498171179784326e-03	-8.804508817823279709e-02
0.5675146771037182	-0.15116531258669338	-6.508979930534906748e-03	-8.755003044168249704e-02
0.5694716242661448	-0.15437452841427565	-6.679481896736005030e-03	-8.704179257553618099e-02
0.5714285714285714	-0.15756062401595522	-6.848978401739346140e-03	-8.652045109194246575e-02
0.573385518590998	-0.16072312085214568	-7.017443928867301596e-03	-8.598608447572067548e-02
0.5753424657534246	-0.16386154364869998	-7.184853116649769431e-03	-8.543877317254529313e-02
0.5772994129158513	-0.16697542046488353	-7.351180762642164392e-03	-8.487859957683549506e-02
0.5792563600782779	-0.1700642827612629	-7.516401827219504513e-03	-8.430564801935107322e-02
0.5812133072407044	-0.17312766546749997	-7.680491437345970430e-03	-8.372000475449699330e-02
0.5831702544031311	-0.17616510705004731	-7.843424890319392745e-03	-8.312175794733829559e-02
0.5851272015655578	-0.17917614957973765	-8.005177657490097562e-03	-8.251099766032735094e-02
0.5870841487279843	-0.18216033879926116	-8.165725387953544703e-03	-8.188781583974556744e-02
0.5890410958904109	-0.185117224190522	-8.325043912216209541e-03	-8.125230630186137948e-02
0.5909980430528375	-0.18804635904186523	-8.483109245834152476e-03	-8.060456471880679541e-02
0.5929549902152642	-0.19094730051516576	-8.639897593023745243e-03	-7.994468860417446032e-02
0.5949119373776908	-0.19381960971276976	-8.795385350243952946e-03	-7.927277729833775988e-02
0.5968688845401173	-0.1966628517442799	-8.949549109749741632e-03	-7.858893195349551941e-02
0.598825831702544	-0.19947659579316948	-9.102365663115953923e-03	-7.789325551844424045e-02
0.6007827788649707	-0.20226041518321863	-9.253812004731191282e-03	-7.718585272307978973e-02
0.6027397260273972	-0.20501388744475924	-9.403865335261189437e-03	-7.646683006263091387e-02
0.6046966731898238	-0.20773659438071568	-9.552503065081100614e-03	-7.573629578162706377e-02
0.6066536203522505	-0.2104281221324286	-9.699702817676243705e-03	-7.499435985760279089e-02
0.6086105675146771	-0.21308806124524846	-9.845442433010737765e-03	-7.424113398454129653e-02
0.6105675146771037	-0.2157160067338853	-9.989699970863574752e-03	-7.347673155605961848e-02
0.6125244618395302	-0.2183115581474998	-1.013245371413157986e-02	-7.270126764833780009e-02
0.6144814090019569	-0.22087431963451937	-1.027368217209878760e-02	-7.191485900279508126e-02
0.6164383561643836	-0.2234039000071657	-1.041336408367175143e-02	-7.111762400851491528e-02
0.6183953033268101	-0.22589991280567598	-1.055147842058026461e-02	-7.030968268442236435e-02
0.6203522504892367	-0.2283619763622033	-1.068800439054304156e-02	-6.949115666121595536e-02
0.6223091976516634	-0.23078971386437522	-1.082292144039787192e-02	-6.866216916305685480e-02
0.62426614481409	-0.2331827534184975	-1.095620925919577049e-02	-6.782284498901830494e-02
0.6262230919765166	-0.23554072811238164	-1.108784778125867197e-02	-6.697331049429777750e-02
0.6281800391389432	-0.23786327607777974	-1.121781718920020036e-02	-6.611369357119503687e-02
0.6301369863013698	-0.24015004055240696	-1.134609791690905679e-02	-6.524412362985870795e-02
0.6320939334637965	-0.2424006699415305	-1.147267065249456958e-02	-6.436473157880424900e-02
0.6340508806262231	-0.24461481787910988	-1.159751634119399362e-02	-6.347564980520670197e-02
0.6360078277886496	-0.246792143288464	-1.172061618824108559e-02	-6.257701215497035729e-02
0.6379647749510763	-0.24893231044244635	-1.184195166169554544e-02	-6.166895391257923298e-02
0.639921722113503	-0.2510349890231072	-1.196150449523289069e-02	-6.075161178073062995e-02
0.6418786692759295	-0.2530998541808233	-1.207925669089434696e-02	-5.982512385975547603e-02
0.6438356164383561	-0.25512658659286996	-1.219519052179630046e-02	-5.888962962682828262e-02
0.6457925636007827	-0.257114872521418	-1.230928853479900005e-02	-5.794526991496954521e-02
0.6477495107632094	-0.25906440387092955	-1.242153355313404227e-02	-5.699218689184400166e-02
0.649706457925636	-0.26097487824493526	-1.253190867899017791e-02	-5.603052403835861311e-02
0.6516634050880625	-0.2628459990021647	-1.264039729605722674e-02	-5.506042612706183587e-02
0.6536203522504892	-0.2646774753120127	-1.274698307202751929e-02	-5.408203920034954787e-02
0.6555772994129159	-0.26646902220931445	-1.285164996105467479e-02	-5.309551054847864993e-02
0.6575342465753424	-0.26822036064840993	-1.295438220616915159e-02	-5.210098868739401756e-02
0.659491193737769	-0.2699312175564727	-1.305516434165042081e-02	-5.109862333636972648e-02
0.6614481409001957	-0.27160132588607855	-1.315398119535518551e-02	-5.008856539547022063e-02
0.6634050880626223	-0.27323042466699393	-1.325081789100148941e-02	-4.907096692283297729e-02
0.6653620352250489	-0.27481825905715884	-1.334565985040825006e-02	-4.804598111177691561e-02
0.6673189823874754	-0.27636458039284023	-1.343849279568989051e-02	-4.701376226774051093e-02
0.6692759295499021	-0.27786914623793457	-1.352930275140582297e-02	-4.597446578505149511e-02
0.6712328767123288	-0.2793317204323935	-1.361807604666433365e-02	-4.492824812353375663e-02
0.6731898238747553	-0.28075207313975165	-1.370479931718069158e-02	-4.387526678495262678e-02
0.6751467710371819	-0.2821299808937328	-1.378945950728900985e-02	-4.281568028930460984e-02
0.6771037181996086	-0.2834652266439098	-1.387204387190775837e-02	-4.174964815095248000e-02
0.6790606653620352	-0.28475759980039655	-1.395253997845840276e-02	-4.067733085461199688e-02
0.6810176125244618	-0.28600689627754905	-1.403093570873709464e-02	-3.959888983119128764e-02
0.6829745596868884	-0.28721291853665254	-1.410721926073897278e-02	-3.851448743348893228e-02
0.684931506849315	-0.2883754756275711	-1.418137915043488420e-02	-3.742428691175246624e-02
0.6868884540117417	-0.2894943832293406	-1.425340421350025470e-02	-3.632845238910184515e-02
0.6888454011741683	-0.29056946368967757	-1.432328360699578092e-02	-3.522714883682224324e-02
0.6908023483365948	-0.2916005460633887	-1.439100681099980163e-02	-3.412054204952796876e-02
0.6927592954990215	-0.2925874661496537	-1.445656363019197886e-02	-3.300879862020372063e-02
0.6947162426614482	-0.29353006652816344	-1.451994419538816562e-02	-3.189208591512440044e-02
0.6966731898238747	-0.294428196594092	-1.458113896502613582e-02	-3.077057204865974241e-02
0.6986301369863013	-0.29528171259188196	-1.464013872660202380e-02	-2.964442585796508642e-02
0.700587084148728	-0.2960904776478222	-1.469693459805718368e-02	-2.851381687756460864e-02
0.7025440313111546	-0.2968543618013997	-1.475151802911537496e-02	-2.737891531382823443e-02
0.7045009784735812	-0.2975732420354051	-1.480388080256991000e-02	-2.623989201934872825e-02
0.7064579256360077	-0.29824700230477436	-1.485401503552072691e-02	-2.509691846722054628e-02
0.7084148727984344	-0.29887553356414653	-1.490191318056111915e-02	-2.395016672522541981e-02
0.7103718199608611	-0.2994587337941215	-1.494756802691392730e-02	-2.279980942992911735e-02
0.7123287671232876	-0.2999965080261998	-1.499097270151711347e-02	-2.164601976069139427e-02
0.7142857142857142	-0.30048876836638755	-1.503212067005841972e-02	-2.048897141359557611e-02
0.7162426614481409	-0.3009354340174507	-1.507100573795910024e-02	-1.932883857529894833e-02
0.7181996086105675	-0.3013364312998025	-1.510762205130646539e-02	-1.816579589681071791e-02
0.7201565557729941	-0.30169169367101023	-1.514196409773515238e-02	-1.700001846719864998e-02
0.7221135029354206	-0.30200116174390623	-1.517402670725698406e-02	-1.583168178723108263e-02
0.7240704500978473	-0.3022647833032887	-1.520380505303926821e-02	-1.466096174295605965e-02
0.726027397260274	-0.30248251332120146	-1.523129465213146454e-02	-1.348803457922251661e-02
0.7279843444227005	-0.3026543139707778	-1.525649136614005107e-02	-1.231307687314826642e-02
0.7299412915851271	-0.30278015463863833	-1.527939140185154837e-02	-1.113626550753669432e-02
0.7318982387475538	-0.3028600119358319	-1.529999131180354716e-02	-9.957777644248795926e-03
0.7338551859099804	-0.30289386970730825	-1.531828799480372365e-02	-8.777790697531860989e-03
0.735812133072407	-0.30288171903991357	-1.533427869639668317e-02	-7.596482307311491246e-03
0.7377690802348336	-0.30282355826890056	-1.534796100927865101e-02	-6.414030312448306195e-03
0.7397260273972602	-0.3027193929829447	-1.535933287365985091e-02	-5.230612723966058045e-03
0.7416829745596869	-0.30256923602765845	-1.536839257757462163e-02	-4.046407698252455984e-03
0.7436399217221135	-0.3023731075075992	-1.537513875713912050e-02	-2.861593510239398425e-03
0.74559686888454	-0.30213103478676245	-1.537957039675666090e-02	-1.676348526564497331e-03
0.7475538160469667	-0.30184305248755816	-1.538168682927059869e-02	-4.908511787187982717e-04
0.7495107632093934	-0.30150920248826435	-1.538148773606477088e-02	6.947200638144034306e-04
0.7514677103718199	-0.30112953391895453	-1.537897314711145734e-02	1.880186720427756784e-03
0.7534246575342465	-0.30070410315589835	-1.537414344096687743e-02	3.065370326258346715e-03
0.7553816046966731	-0.30023297381443176	-1.536699934471419046e-02	4.250092459055192749e-03
0.7573385518590998	-0.2997162167402971	-1.535754193385404677e-02	5.434174766038953573e-03
0.7592954990215264	-0.29915390999945274	-1.534577263214267039e-02	6.617438990752556177e-03
0.7612524461839529	-0.29854613886635295	-1.533169321137752006e-02	7.799706999895937749e-03
0.7632093933463796	-0.29789299581069995	-1.531530579113056859e-02	8.980800810143629853e-03
0.7651663405088063	-0.29719458048267067	-1.529661283842919522e-02	1.016054261493848018e-02
0.7671232876712328	-0.2964509996966214	-1.527561716738481089e-02	1.133875481125961107e-02
0.7690802348336594	-0.2956623674132735	-1.525232193876918836e-02	1.251526002635973585e-02
0.7710371819960861	-0.2948288047203878	-1.522673065953864674e-02	1.368988114446696713e-02
0.7729941291585127	-0.2939504398119302	-1.519884718230608139e-02	1.486244133344921843e-02
0.7749510763209393	-0.29302740796573734	-1.516867570476099561e-02	1.603276407143450905e-02
0.7769080234833659	-0.29205985151968894	-1.513622076903755123e-02	1.720067317338597537e-02
0.7788649706457925	-0.2910479198463946	-1.510148726103078230e-02	1.836599281762477456e-02
0.7808219178082192	-0.28999176932640514	-1.506448040966104802e-02	1.952854757229966626e-02
0.7827788649706457	-0.28889156331995736	-1.502520578608685688e-02	2.068816242179661105e-02
0.7847358121330723	-0.28774747213726276	-1.498366930286616251e-02	2.184466279308658679e-02
0.786692759295499	-0.2865596730073519	-1.493987721306625459e-02	2.299787458200675677e-02
0.7886497064579256	-0.28532835004548696	-1.489383610932240760e-02	2.414762417947020207e-02
0.7906066536203522	-0.284053694219154	-1.484555292284539009e-02	2.529373849760240683e-02
0.7925636007827788	-0.2827359033126489	-1.479503492237802670e-02	2.643604499579793252e-02
0.7945205479452054	-0.2813751818902728	-1.474228971310091209e-02	2.757437170669600063e-02
0.7964774951076321	-0.2799717412581493	-1.468732523548751945e-02	2.870854726206852059e-02
0.7984344422700587	-0.27852579942468153	-1.463014976410878867e-02	2.983840091861917135e-02
0.8003913894324852	-0.27703758105966336	-1.457077190638746134e-02	3.096376258368714954e-02
0.8023483365949119	-0.2755073174520634	-1.450920060130225786e-02	3.208446284085420680e-02
0.8043052837573386	-0.27393524646649897	-1.444544511804220048e-02	3.320033297544875556e-02
0.8062622309197651	-0.27232161249841647	-1.437951505461117045e-02	3.431120499994503442e-02
0.8082191780821917	-0.2706666664280007	-1.431142033638298054e-02	3.541691167925289235e-02
0.8101761252446184	-0.26897066557282806	-1.424117121460720392e-02	3.651728655589346617e-02
0.812133072407045	-0.267233873639288	-1.416877826486586008e-02	3.761216397505896814e-02
0.8140900195694716	-0.2654565606727894	-1.409425238548138101e-02	3.870137910955039062e-02
0.8160469667318981	-0.2636390030067752	-1.401760479587587857e-02	3.978476798459190666e-02
0.8180039138943248	-0.26178148321056666	-1.393884703488217774e-02	4.086216750251559643e-02
0.8199608610567515	-0.25988429003605856	-1.385799095900667327e-02	4.193341546731551434e-02
0.821917808219178	-0.25794771836328795	-1.377504874064443448e-02	4.299835060906471995e-02
0.8238747553816046	-0.25597206914489823	-1.369003286624672147e-02	4.405681260819375306e-02
0.8258317025440313	-0.2539576493495258	-1.360295613444119193e-02	4.510864211962601483e-02
0.8277886497064579	-0.25190477190412847	-1.351383165410519581e-02	4.615368079676566287e-02
0.8297455968688845	-0.24981375563528116	-1.342267284239226192e-02	4.719177131533632691e-02
0.831702544031311	-0.24768492520946384	-1.332949342271227793e-02	4.822275739706476105e-02
0.8336594911937377	-0.24551861107236708	-1.323430742266545716e-02	4.924648383320818362e-02
0.8356164383561644	-0.24331514938723772	-1.313712917193063032e-02	5.026279650791940640e-02
0.837573385518591	-0.24107488197229304	-1.303797330010793114e-02	5.127154242144866397e-02
0.8395303326810175	-0.23879815623722506	-1.293685473451646611e-02	5.227256971317621043e-02
0.8414872798434442	-0.2364853251188248	-1.283378869794703399e-02	5.326572768447457307e-02
0.8434442270058709	-0.23413674701574927	-1.272879070637047624e-02	5.425086682139485666e-02
0.8454011741682974	-0.23175278572245916	-1.262187656660182337e-02	5.522783881717537036e-02
0.847358121330724	-0.22933381036235131	-1.251306237392064459e-02	5.619649659456853880e-02
0.8493150684931506	-0.22688019532011428	-1.240236450964806239e-02	5.715669432798195504e-02
0.8512720156555773	-0.22439232017333308	-1.228979963868057426e-02	5.810828746543217349e-02
0.8532289628180039	-0.22187056962336707	-1.217538470698131987e-02	5.905113275030554609e-02
0.8551859099804304	-0.21931533342553108	-1.205913693902890306e-02	5.998508824292517888e-02
0.8571428571428571	-0.21672700631860317	-1.194107383522441390e-02	6.091001334191860350e-02
0.8590998043052838	-0.21410598795368757	-1.182121316925678796e-02	6.182576880538493552e-02
0.8610567514677103	-0.2114526828224569	-1.169957298542714449e-02	6.273221677185643330e-02
0.8630136986301369	-0.20876750018480214	-1.157617159593226155e-02	6.362922078105319457e-02
0.8649706457925636	-0.20605085399591536	-1.145102757810784883e-02	6.451664579442600855e-02
0.8669275929549902	-0.20330316283283204	-1.132415977163180563e-02	6.539435821548576777e-02
0.8688845401174168	-0.20052484982045668	-1.119558727568800531e-02	6.626222590991580341e-02
0.8708414872798433	-0.19771634255710085	-1.106532944609108296e-02	6.712011822546345985e-02
0.87279843444227	-0.19487807303955632	-1.093340589237246259e-02	6.796790601160955514e-02
0.8747553816046967	-0.19201047758773085	-1.079983647482834520e-02	6.880546163901066214e-02
0.8767123287671232	-0.18911399676886925	-1.066464130152976544e-02	6.963265901871344699e-02
0.8786692759295498	-0.18618907532138632	-1.052784072529553729e-02	7.044937362113613821e-02
0.8806262230919765	-0.18323616207833515	-1.038945534062816860e-02	7.125548249481611363e-02
0.8825831702544031	-0.18025570989053813	-1.024950598061356855e-02	7.205086428491920547e-02
0.8845401174168297	-0.17724817554939862	-1.010801371378470051e-02	7.283539925150898930e-02
0.8864970645792563	-0.17421401970942105	-9.964999840949831031e-03	7.360896928757316993e-02
0.8884540117416829	-0.17115370681046344	-9.820485891985876112e-03	7.437145793680345618e-02
0.8904109589041096	-0.16806770499974127	-9.674493622597143266e-03	7.512275041112778662e-02
0.8923679060665362	-0.16495648605360919	-9.527045011040204819e-03	7.586273360799057619e-02
0.8943248532289627	-0.16182052529913823	-9.378162254815140125e-03	7.659129612737999859e-02
0.8962818003913894	-0.15866030153551453	-9.227867767323899573e-03	7.730832828859825201e-02
0.898238747553816	-0.15547629695527684	-9.076184174496036705e-03	7.801372214677365635e-02
0.9001956947162426	-0.15226899706541688	-8.923134311382580411e-03	7.870737150911076563e-02
0.9021526418786692	-0.14903889060835793	-8.768741218718281369e-03	7.938917195087738521e-02
0.9041095890410958	-0.14578646948283655	-8.613028139453032458e-03	8.005902083112478862e-02
0.9060665362035225	-0.1425122286647037	-8.456018515252764975e-03	8.071681730813982936e-02
0.9080234833659491	-0.13921666612766212	-8.297735982970396579e-03	8.136246235462621379e-02
0.9099804305283756	-0.13590028276396257	-8.138204371087538747e-03	8.199585877261207634e-02
0.9119373776908023	-0.13256358230507193	-7.977447696127159746e-03	8.261691120808299649e-02
0.913894324853229	-0.1292070712423337	-7.815490159038146825e-03	8.322552616533654413e-02
0.9158512720156555	-0.12583125874763298	-7.652356141551892518e-03	8.382161202105788134e-02
0.9178082191780821	-0.12243665659408647	-7.488070202511873906e-03	8.440507903811274304e-02
0.9197651663405088	-0.11902377907676884	-7.322657074176371420e-03	8.497583937905719975e-02
0.9217221135029354	-0.11559314293349296	-7.156141658495270008e-03	8.553380711936062197e-02
0.923679060665362	-0.11214526726565538	-6.988549023361123949e-03	8.607889826034155478e-02
0.9256360078277885	-0.10868067345916035	-6.819904398835422051e-03	8.661103074181282502e-02
0.9275929549902152	-0.10519988510543994	-6.650233173350319528e-03	8.713012445443542309e-02
0.9295499021526419	-0.10170342792257617	-6.479560889886523505e-03	8.763610125177849486e-02
0.9315068493150684	-0.0981918296765399	-6.307913242128037300e-03	8.812888496208362565e-02
0.933463796477495	-0.09466562010255658	-6.135316070594032389e-03	8.860840139973233387e-02
0.9354207436399217	-0.09112533082660942	-5.961795358748815145e-03	8.907457837641391540e-02
0.9373776908023483	-0.08757149528709215	-5.787377229090069630e-03	8.952734571199330582e-02
0.9393346379647749	-0.08400464865661446	-5.612087939216376525e-03	8.996663524507599041e-02
0.9412915851272015	-0.08042532776397365	-5.435953877874185117e-03	9.039238084326954581e-02
0.9432485322896281	-0.07683407101629967	-5.259001560985241894e-03	9.080451841313921801e-02
0.9452054794520548	-0.07323141832137882	-5.081257627654731622e-03	9.120298590985695397e-02
0.9471624266144814	-0.06961791101016576	-4.902748836160888100e-03	9.158772334654194380e-02
0.9491193737769079	-0.06599409175948527	-4.723502059926786706e-03	9.195867280329109161e-02
0.9510763209393346	-0.06236050451493508	-4.543544283474604088e-03	9.231577843589867938e-02
0.9530332681017613	-0.0587176944139899	-4.362902598363371971e-03	9.265898648426323936e-02
0.9549902152641878	-0.05506620770931466	-4.181604199110392460e-03	9.298824528048092730e-02
0.9569471624266144	-0.05140659169228639	-3.999676379097382578e-03	9.330350525662373107e-02
0.958904109589041	-0.047739394616732704	-3.817146526461506761e-03	9.360471895220172367e-02
0.9608610567514677	-0.04406516562288786	-3.634042119972368499e-03	9.389184102130776477e-02
0.9628180039138943	-0.040384454661565414	-3.450390724895137633e-03	9.416482823944433145e-02
0.9647749510763208	-0.036697812418554854	-3.266219988840861083e-03	9.442363951003043820e-02
0.9667318982387475	-0.03300579023923883	-3.081557637604239765e-03	9.466823587058861844e-02
0.9686888454011742	-0.0293089400534348	-2.896431470989640176e-03	9.489858049861051026e-02
0.9706457925636007	-0.025607814300457166	-2.710869358626091363e-03	9.511463871710015838e-02
0.9726027397260273	-0.02190296585440503	-2.524899235771575160e-03	9.531637799979453263e-02
0.974559686888454	-0.01819494794967042	-2.338549099107648400e-03	9.550376797606008328e-02
0.9765166340508806	-0.014484314106669016	-2.151847002524603491e-03	9.567678043546491706e-02
0.9784735812133072	-0.010771618057789305	-1.964821052898232077e-03	9.583538933202566390e-02
0.9804305283757337	-0.00705741367355807	-1.777499405858396246e-03	9.597957078812856258e-02
0.9823874755381604	-0.003342254889024987	-1.589910261550462646e-03	9.610930309812408534e-02
0.9843444227005871	0.0003733043696427819	-1.402081860389899851e-03	9.622456673159458795e-02
0.9863013698630136	0.004088710258355943	-1.214042478810813510e-03	9.632534433629451331e-02
0.9882583170254402	0.007803409088091969	-1.025820425009194709e-03	9.641162074076269073e-02
0.9902152641878669	0.01151684739768144	-8.374440346811822021e-04	9.648338295660618957e-02
0.9921722113502935	0.015228472026392612	-6.489416667574034051e-04	9.654062018045579674e-02
0.9941291585127201	0.018937730186324945	-4.603416991335995538e-04	9.658332379559235459e-02
0.9960861056751467	0.022644069534610633	-2.716725243986131124e-04	9.661148737324383451e-02
0.9980430528375733	0.02634693824542913	-8.296254555994555006e-05	9.662510667355334038e-02
1.0	0.03004578508184176	1.057598282320350942e-04	9.662417964621725086e-02
