0.0	1.1412912858168873	-1.606182598401719591e-02	1.006715566095516490e+00
0.0019569471624266144	1.160914729193347	-1.409440942070470243e-02	1.007893500666129150e+00
0.003913894324853229	1.1802585867744788	-1.212484163921045272e-02	1.008918385637834536e+00
0.005870841487279843	1.1993174189463949	-1.015342172029920845e-02	1.009790065380862689e+00
0.007827788649706457	1.2180859742022627	-8.180449025984588840e-03	1.010508407529804975e+00
0.009784735812133072	1.2365591931608415	-6.206223154070640222e-03	1.011073303003714230e+00
0.011741682974559686	1.254732212354281	-4.231043892657646022e-03	1.011484666022668844e+00
0.0136986301369863	1.272600367780503	-2.255211174618998102e-03	1.011742434120797673e+00
0.015655577299412915	1.2901591982157974	-2.790250320561069204e-04	1.011846568155767123e+00
0.01761252446183953	1.30740444828358	1.697214449261761748e-03	1.011797052314723278e+00
0.019569471624266144	1.3243320712755928	3.673207175465801558e-03	1.011593894116694647e+00
0.021526418786692758	1.340938231722155	5.648653090157206361e-03	1.011237124411449306e+00
0.023483365949119372	1.3572193077084171	7.623252219971024535e-03	1.010726797374810193e+00
0.025440313111545987	1.3731718929339003	9.596704720127410132e-03	1.010062990500429914e+00
0.0273972602739726	1.3887927985129513	1.156871091996332888e-02	1.009245804588021489e+00
0.029354207436399216	1.4040790545141	1.353897136843784481e-02	1.008275363728053042e+00
0.03131115459882583	1.4190279112366384	1.550718687960404678e-02	1.007151815282903540e+00
0.033268101761252444	1.4336368402231092	1.747305857804072257e-02	1.005875329864486911e+00
0.03522504892367906	1.4479035350067364	1.943628794423689007e-02	1.004446101308343442e+00
0.03718199608610567	1.461825911593187	2.139657685992224501e-02	1.002864346644205984e+00
0.03913894324853229	1.4754021086764126	2.335362765333674068e-02	1.001130306063044095e+00
0.0410958904109589	1.4886304875886713	2.530714314443230709e-02	9.992442428805899945e-01
0.043052837573385516	1.5015096319851884	2.725682668999995784e-02	9.972064434973547664e-01
0.04500978473581213	1.5140383472642702	2.920238222871528525e-02	9.950172173551375954e-01
0.046966731898238745	1.526215659724041	3.114351432609574130e-02	9.926768968900370194e-01
0.04892367906066536	1.5380408154573175	3.307992821936257821e-02	9.901858374819697550e-01
0.050880626223091974	1.5495132789865	3.501132986220090171e-02	9.875444174007065312e-01
0.05283757338551859	1.5606327316406914	3.693742596941086698e-02	9.847530377484308151e-01
0.0547945205479452	1.5713990696776126	3.885792406144331079e-02	9.818121223988317547e-01
0.05675146771037182	1.581812402153217	4.077253250881310298e-02	9.787221179327376674e-01
0.05870841487279843	1.5918730485422474	4.268096057638329222e-02	9.754834935703033949e-01
0.060665362035225046	1.6015815361133048	4.458291846751357562e-02	9.720967410997578551e-01
0.06262230919765166	1.6109385970623422	4.647811736806615329e-02	9.685623748027256674e-01
0.06457925636007827	1.6199451654087942	4.836626949026247985e-02	9.648809313761337325e-01
0.06653620352250489	1.6286023736588984	5.024708811638407824e-02	9.610529698507123131e-01
0.0684931506849315	1.6369115492410482	5.212028764231090711e-02	9.570790715061062714e-01
0.07045009784735812	1.6448742107183418	5.398558362089065504e-02	9.529598397826068990e-01
0.07240704500978473	1.6524920637837757	5.584269280513224493e-02	9.486959001895193255e-01
0.07436399217221135	1.6597669970438245	5.769133319121724779e-02	9.442879002101777219e-01
0.07632093933463796	1.666701077596431	5.953122406132237143e-02	9.397365092036251699e-01
0.07827788649706457	1.6732965464097036	6.136208602624676489e-02	9.350424183029697467e-01
0.08023483365949119	1.679555813507882	6.318364106783749823e-02	9.302063403104363637e-01
0.0821917808219178	1.685481452971386	6.499561258120695184e-02	9.252290095891262389e-01
0.08414872798434442	1.6910761977580104	6.679772541673546782e-02	9.201111819515038759e-01
0.08610567514677103	1.6963429343525693	6.858970592185313631e-02	9.148536345446255380e-01
0.08806262230919765	1.7012846972525097	7.037128198259415268e-02	9.094571657321294245e-01
0.09001956947162426	1.705904663297243	7.214218306491765320e-02	9.039225949730025356e-01
0.09197651663405088	1.710206145849138	7.390214025578849266e-02	8.982507626971456549e-01
0.09393346379647749	1.7141925888343221	7.565088630401199665e-02	8.924425301777534347e-01
0.0958904109589041	1.7178675606516136	7.738815566081630459e-02	8.864987794005281252e-01
0.09784735812133072	1.7212347479580907	7.911368452017621122e-02	8.804204129297509285e-01
0.09980430528375733	1.7242979493399544	8.082721085887233092e-02	8.742083537712248553e-01
0.10176125244618395	1.7270610688774903	8.252847447627961741e-02	8.678635452321170618e-01
0.10371819960861056	1.7295281096130877	8.421721703387904934e-02	8.613869507777155432e-01
0.10567514677103718	1.7317031669313736	8.589318209448663921e-02	8.547795538851267194e-01
0.10763209393346379	1.7335904218606584	8.755611516119361781e-02	8.480423578939331186e-01
0.1095890410958904	1.7351941343049657	8.920576371601193766e-02	8.411763858538354732e-01
0.11154598825831702	1.736518636216029	9.084187725821965542e-02	8.341826803693015435e-01
0.11350293542074363	1.73756832471469	9.246420734239939321e-02	8.270623034412457608e-01
0.11545988258317025	1.7383476551712138	9.407250761616517409e-02	8.198163363057631159e-01
0.11741682974559686	1.7388611342540765	9.566653385757133143e-02	8.124458792699426057e-01
0.11937377690802348	1.7391133129568097	9.724604401219763550e-02	8.049520515447846636e-01
0.12133072407045009	1.7391087796125289	9.881079822990572470e-02	7.973359910752474411e-01
0.1232876712328767	1.7388521529057563	1.003605589012603605e-01	7.895988543674494764e-01
0.12524461839530332	1.7383480748911713	1.018950906936109124e-01	7.817418163130523956e-01
0.12720156555772993	1.737601204028879	1.034141605868265507e-01	7.737660700108527356e-01
0.12915851272015655	1.7366162082457854	1.049175379086807747e-01	7.656728265856090898e-01
0.13111545988258316	1.7353977580325954	1.064049943698791995e-01	7.574633150041312213e-01
0.13307240704500978	1.7339505195859213	1.078763040987254368e-01	7.491387818886601213e-01
0.1350293542074364	1.7322791480049016	1.093312436754199229e-01	7.407004913275682112e-01
0.136986301369863	1.7303882805516546	1.107695921659864885e-01	7.321497246834050010e-01
0.13894324853228962	1.7282825299848041	1.121911311558214525e-01	7.234877803983217337e-01
0.14090019569471623	1.7259664779751929	1.135956447828598836e-01	7.147159737969014381e-01
0.14285714285714285	1.7234446686127938	1.149829197703546302e-01	7.058356368864260322e-01
0.14481409001956946	1.7207216020136933	1.163527454592626631e-01	6.968481181546088976e-01
0.14677103718199608	1.7178017280358704	1.177049138402335854e-01	6.877547823648267888e-01
0.1487279843444227	1.7146894401123542	1.190392195851963514e-01	6.785570103488780536e-01
0.1506849315068493	1.711389069210158	1.203554600785383261e-01	6.692561987973029147e-01
0.15264187866927592	1.7079048779232286	1.216534354478727709e-01	6.598537600472942355e-01
0.15459882583170254	1.70424105470744	1.229329485943895933e-01	6.503511218682330730e-01
0.15655577299412915	1.7004017082654785	1.241938052227850309e-01	6.407497272448799963e-01
0.15851272015655576	1.696390862089238	1.254358138707655501e-01	6.310510341582570293e-01
0.16046966731898238	1.6922124491671393	1.266587859381216596e-01	6.212565153642513049e-01
0.162426614481409	1.687870306863539	1.278625357153669317e-01	6.113676581699758472e-01
0.1643835616438356	1.683368171977165	1.290468804119381807e-01	6.013859642079212309e-01
0.16634050880626222	1.6787096759852578	1.302116401839524540e-01	5.913129492079298721e-01
0.16829745596868884	1.6738983404798393	1.313566381615164091e-01	5.811501427670325848e-01
0.17025440313111545	1.6689375728022575	1.324817004755843020e-01	5.708990881171760456e-01
0.17221135029354206	1.6638306618818908	1.335866562843600336e-01	5.605613418908829138e-01
0.17416829745596868	1.658580774284592	1.346713377992397043e-01	5.501384738848759115e-01
0.1761252446183953	1.6531909504761721	1.357355803102905101e-01	5.396320668217007288e-01
0.1780821917808219	1.647664101305929	1.367792222112620415e-01	5.290437161093899388e-01
0.18003913894324852	1.6420030047148964	1.378021050241263201e-01	5.183750295991985668e-01
0.18199608610567514	1.6362103026732064	1.388040734231429929e-01	5.076276273414495055e-01
0.18395303326810175	1.6302884983506118	1.397849752584455763e-01	4.968031413395272988e-01
0.18590998043052837	1.62423995352391	1.407446615791454470e-01	4.859032153020584333e-01
0.18786692759295498	1.6180668862246699	1.416829866559504991e-01	4.749295043933104976e-01
0.1898238747553816	1.611771368630329	1.425998080032939708e-01	4.638836749818550653e-01
0.1917808219178082	1.6053553252014	1.434949864009711362e-01	4.527674043875282162e-01
0.19373776908023482	1.5988205310671686	1.443683859152800897e-01	4.415823806267268337e-01
0.19569471624266144	1.592168610661934	1.452198739196632615e-01	4.303303021560830888e-01
0.19765166340508805	1.5854010366134823	1.460493211148470305e-01	4.190128776145509160e-01
0.19960861056751467	1.5785191288851435	1.468566015484758791e-01	4.076318255639479471e-01
0.20156555772994128	1.5715240541724254	1.476415926342383167e-01	3.961888742279910947e-01
0.2035225048923679	1.5644168255548625	1.484041751704819057e-01	3.846857612298626439e-01
0.2054794520547945	1.5571983024033709	1.491442333583139213e-01	3.731242333283512624e-01
0.20743639921722112	1.549869190543033	1.498616548191857301e-01	3.615060461526055091e-01
0.20939334637964774	1.5424300426709012	1.505563306119574174e-01	3.498329639355389209e-01
0.21135029354207435	1.5348812590280287	1.512281552494408043e-01	3.381067592459297000e-01
0.21330724070450097	1.5272230883246134	1.518770267144174679e-01	3.263292127192554681e-01
0.21526418786692758	1.5194556289167611	1.525028464751305157e-01	3.145021127873002253e-01
0.2172211350293542	1.5115788302330466	1.531055195002464508e-01	3.026272554065813636e-01
0.2191780821917808	1.503592494448689	1.536849542732859064e-01	2.907064437856299866e-01
0.22113502935420742	1.4954962784048285	1.542410628065204181e-01	2.787414881111731080e-01
0.22309197651663404	1.487289695770037	1.547737606543336253e-01	2.667342052732552538e-01
0.22504892367906065	1.478972119440869	1.552829669260442080e-01	2.546864185893408239e-01
0.22700587084148727	1.4705427841779215	1.557686042981893115e-01	2.425999575274424558e-01
0.22896281800391388	1.4620007894735512	1.562305990262661815e-01	2.304766574283147740e-01
0.2309197651663405	1.4533451026470676	1.566688809559303730e-01	2.183183592267550766e-01
0.2328767123287671	1.4445745621629074	1.570833835336487294e-01	2.061269091720563384e-01
0.23483365949119372	1.4356878811669886	1.574740438168055201e-01	1.939041585476528606e-01
0.23679060665362034	1.42668365123614	1.578408024832604617e-01	1.816519633900000874e-01
0.23874755381604695	1.4175603463351933	1.581836038403567901e-01	1.693721842067341110e-01
0.24070450097847357	1.408316326976057	1.585023958333782179e-01	1.570666856941526079e-01
0.24266144814090018	1.3989498445727895	1.587971300534535835e-01	1.447373364540572027e-01
0.2446183953033268	1.3894590459864318	1.590677617449076098e-01	1.323860087100065253e-01
0.2465753424657534	1.3798419782530829	1.593142498120573014e-01	1.200145780230153364e-01
0.24853228962818003	1.3700965934884557	1.595365568254522581e-01	1.076249230067497648e-01
0.25048923679060664	1.3602207539618993	1.597346490275583231e-01	9.521892504225855369e-02
0.25244618395303325	1.3502122373326384	1.599084963378838153e-01	8.279846799228215981e-02
0.25440313111545987	1.3400687420407544	1.600580723575472097e-01	7.036543791518713731e-02
0.2563600782778865	1.3297878928452145	1.601833543732858467e-01	5.792172277856699747e-02
0.2583170254403131	1.3193672465010502	1.602843233609049511e-01	4.546921217255112113e-02
0.2602739726027397	1.308804297567595	1.603609639881665161e-01	3.300979702286940820e-02
0.2622309197651663	1.2980964843394975	1.604132646171174403e-01	2.054536930371405126e-02
0.26418786692759294	1.2872411948920623	1.604412173058568369e-01	8.077821750439832457e-03
0.26614481409001955	1.2762357732323102	1.604448178097420685e-01	-4.390952427847746864e-03
0.26810176125244617	1.2650775255469868	1.604240655820330652e-01	-1.685905983577967032e-02
0.2700587084148728	1.253763726538633	1.603789637739756191e-01	-2.932460717923664542e-02
0.2720156555772994	1.2422916258406809	1.603095192343227393e-01	-4.178570155284695026e-02
0.273972602739726	1.230658454502447	1.602157425082946784e-01	-5.424045072742731538e-02
0.2759295499021526	1.2188614315347799	1.600976478359775745e-01	-6.668696343731904397e-02
0.27788649706457924	1.206897770507039	1.599552531501611807e-01	-7.912334966757786359e-02
0.27984344422700586	1.1947646861860008	1.597885800736157380e-01	-9.154772094097585189e-02
0.28180039138943247	1.1824594012072343	1.595976539158084073e-01	-1.039581906047678944e-01
0.2837573385518591	1.1699791527694305	1.593825036690601771e-01	-1.163528741171809683e-01
0.2857142857142857	1.1573211993421322	1.591431620041432737e-01	-1.287298893335850347e-01
0.2876712328767123	1.1444828273773056	1.588796652653200192e-01	-1.410873567922978356e-01
0.2896281800391389	1.1314613580151551	1.585920534648240510e-01	-1.534233999999822518e-01
0.29158512720156554	1.1182541537746158	1.582803702767842935e-01	-1.657361457165952290e-01
0.29354207436399216	1.104858625218951	1.579446630305930688e-01	-1.780237242398392816e-01
0.29549902152641877	1.091272237586928	1.575849827037190676e-01	-1.902842696890801599e-01
0.2974559686888454	1.0774925173800742	1.572013839139663749e-01	-2.025159202886818721e-01
0.299412915851272	1.0635170588965814	1.567939249111807432e-01	-2.147168186507186216e-01
0.3013698630136986	1.0493435307024852	1.563626675684041956e-01	-2.268851120570220259e-01
0.30332681017612523	1.0349696820308372	1.559076773724795972e-01	-2.390189527405178205e-01
0.30528375733855184	1.0203933490996708	1.554290234141065263e-01	-2.511164981658100537e-01
0.30724070450097846	1.0056124613396749	1.549267783773495832e-01	-2.631759113089734980e-01
0.30919765166340507	0.990625047522604	1.544010185286013859e-01	-2.751953609365065390e-01
0.3111545988258317	0.975429241781593	1.538518237050013615e-01	-2.871730218834053217e-01
0.3131115459882583	0.9600232895146675	1.532792773023124722e-01	-2.991070753303183838e-01
0.3150684931506849	0.9444055531629266	1.526834662622575389e-01	-3.109957090797340618e-01
0.31702544031311153	0.9285745178550059	1.520644810593168028e-01	-3.228371178311663647e-01
0.31898238747553814	0.9125287969096401	1.514224156869896087e-01	-3.346295034552903558e-01
0.32093933463796476	0.896267137188309	1.507573676435211840e-01	-3.463710752669902360e-01
0.32289628180039137	0.8797884242901621	1.500694379170974813e-01	-3.580600502972771104e-01
0.324853228962818	0.8630916875816318	1.493587309705101396e-01	-3.696946535640325271e-01
0.3268101761252446	0.846176105053349	1.486253547252935903e-01	-3.812731183415441483e-01
0.3287671232876712	0.829041007997237	1.478694205453370270e-01	-3.927936864287827623e-01
0.33072407045009783	0.811685885496858	1.470910432199738216e-01	-4.042546084163874398e-01
0.33268101761252444	0.7941103887243879	1.462903409465506066e-01	-4.156541439523152581e-01
0.33463796477495106	0.7763143350378076	1.454674353124788266e-01	-4.269905620061141271e-01
0.33659491193737767	0.7582977118721956	1.446224512767717296e-01	-4.382621411317830784e-01
0.3385518590998043	0.7400606804192886	1.437555171510689900e-01	-4.494671697291749424e-01
0.3405088062622309	0.7216035790897243	1.428667645801526276e-01	-4.606039463039041659e-01
0.3424657534246575	0.70292692675273	1.419563285219566928e-01	-4.716707797257208012e-01
0.34442270058708413	0.6840314257482616	1.410243472270734932e-01	-4.826659894853100319e-01
0.34637964774951074	0.6649179646669556	1.400709622177604141e-01	-4.935879059494783228e-01
0.34833659491193736	0.6455876208935323	1.390963182664494702e-01	-5.044348706146907224e-01
0.350293542074364	0.6260416629096239	1.381005633737634186e-01	-5.152052363589145756e-01
0.3522504892367906	0.6062815523523403	1.370838487460418753e-01	-5.258973676917374496e-01
0.3542074363992172	0.5863089458251702	1.360463287723803483e-01	-5.365096410027176965e-01
0.3561643835616438	0.5661256964582148	1.349881610011862687e-01	-5.470404448079304593e-01
0.35812133072407043	0.5457338552150197	1.339095061162549338e-01	-5.574881799946745931e-01
0.36007827788649704	0.5251356719436792	1.328105279123696081e-01	-5.678512600642986463e-01
0.36203522504892366	0.5043335961701787	1.316913932704291135e-01	-5.781281113731118193e-01
0.3639921722113503	0.48333027763232383	1.305522721321067670e-01	-5.883171733713439266e-01
0.3659491193737769	0.46212856655294965	1.293933374740446896e-01	-5.984168988401166178e-01
0.3679060665362035	0.4407315136514368	1.282147652815870675e-01	-6.084257541263883295e-01
0.3698630136986301	0.4191423698929502	1.270167345220565291e-01	-6.183422193758434382e-01
0.37181996086105673	0.3973645859751311	1.257994271175778833e-01	-6.281647887636820915e-01
0.37377690802348335	0.37540181155237123	1.245630279174530369e-01	-6.378919707232812986e-01
0.37573385518590996	0.3532578941981145	1.233077246700914481e-01	-6.475222881726907520e-01
0.3776908023483366	0.3309368781060087	1.220337079945003483e-01	-6.570542787389304085e-01
0.3796477495107632	0.3084430025310929	1.207411713513391882e-01	-6.664864949800501925e-01
0.3816046966731898	0.28578069997251787	1.194303110135421786e-01	-6.758175046049290646e-01
0.3835616438356164	0.2629545940997072	1.181013260365142842e-01	-6.850458906907676004e-01
0.38551859099804303	0.23996949742414977	1.167544182279043607e-01	-6.941702518982495462e-01
0.38747553816046965	0.21683040871942344	1.153897921169605156e-01	-7.031892026843370447e-01
0.38943248532289626	0.1935425101923346	1.140076549234722014e-01	-7.121013735126654476e-01
0.3913894324853229	0.17011116440843405	1.126082165263035395e-01	-7.209054110615100708e-01
0.3933463796477495	0.1465419109754956	1.111916894315230775e-01	-7.295999784292890311e-01
0.3953033268101761	0.12284046298885233	1.097582887401346435e-01	-7.381837553375725225e-01
0.3972602739726027	0.09901270324284345	1.083082321154138911e-01	-7.466554383315691101e-01
0.39921722113502933	0.07506468021290551	1.068417397498559601e-01	-7.550137409780561804e-01
0.40117416829745595	0.05100260381318865	1.053590343317392652e-01	-7.632573940607252361e-01
0.40313111545988256	0.026832840934856148	1.038603410113096287e-01	-7.713851457729156147e-01
0.4050880626223092	0.002561910770533707	1.023458873665913649e-01	-7.793957619077007681e-01
0.4070450097847358	-0.021803520069318516	1.008159033688292155e-01	-7.872880260453046786e-01
0.4090019569471624	-0.04625664264209185	9.927062134756686751e-02	-7.950607397378163244e-01
0.410958904109589	-0.07079051095443209	9.771027595536782573e-02	-8.027127226911741076e-01
0.41291585127201563	-0.0953980474327997	9.613510413218283313e-02	-8.102428129443959293e-01
0.41487279843444225	-0.12007204857632248	9.454534506937045668e-02	-8.176498670460240481e-01
0.41682974559686886	-0.14480519078487142	9.294124017337571098e-02	-8.249327602277581883e-01
0.4187866927592955	-0.16959003635502015	9.132303302907214537e-02	-8.320903865752536932e-01
0.4207436399217221	-0.19441903963632784	8.969096936277329291e-02	-8.391216591960554139e-01
0.4227005870841487	-0.21928455334018115	8.804529700491901811e-02	-8.460255103846427982e-01
0.4246575342465753	-0.24417883499319365	8.638626585244198186e-02	-8.528008917845631975e-01
0.42661448140900193	-0.26909405352699484	8.471412783082071796e-02	-8.594467745476246368e-01
0.42857142857142855	-0.29402229599603286	8.302913685582444248e-02	-8.659621494901281746e-01
0.43052837573385516	-0.3189555744148399	8.133154879495568812e-02	-8.723460272461129872e-01
0.4324853228962818	-0.34388583270606854	7.962162142859675884e-02	-8.785974384175925245e-01
0.4344422700587084	-0.3688049537504171	7.789961441086525051e-02	-8.847154337217590925e-01
0.436399217221135	-0.3937047665294674	7.616578923018549330e-02	-8.906990841351325461e-01
0.4383561643835616	-0.4185770533522822	7.442040916958123087e-02	-8.965474810346341084e-01
0.44031311154598823	-0.44341355715653724	7.266373926669586480e-02	-9.022597363355611133e-01
0.44227005870841485	-0.4682059888748358	7.089604627354616218e-02	-9.078349826264444644e-01
0.44422700587084146	-0.49294603485675653	6.911759861601593502e-02	-9.132723733007638289e-01
0.4461839530332681	-0.5176253643371432	6.732866635309499304e-02	-9.185710826855083555e-01
0.4481409001956947	-0.5422356369410299	6.552952113587058591e-02	-9.237303061665539383e-01
0.4500978473581213	-0.5667685102155929	6.372043616627694196e-02	-9.287492603108454814e-01
0.4520547945205479	-0.5912156471794401	6.190168615560918269e-02	-9.336271829853621806e-01
0.45401174168297453	-0.6155687238795553	6.007354728280845518e-02	-9.383633334728467279e-01
0.45596868884540115	-0.6398194369461836	5.823629715252342381e-02	-9.429569925842858913e-01
0.45792563600782776	-0.6639595111359391	5.639021475295605962e-02	-9.474074627681189353e-01
0.4598825831702544	-0.6879807068534631	5.453558041349694518e-02	-9.517140682161615572e-01
0.461839530332681	-0.711874827641936	5.267267576215695080e-02	-9.558761549662281309e-01
0.4637964774951076	-0.7356337276328394	5.080178368280172108e-02	-9.598930910014370488e-01
0.4657534246575342	-0.7592493189453738	4.892318827219573757e-02	-9.637642663461815085e-01
0.46771037181996084	-0.7827135790260313	4.703717479686155695e-02	-9.674890931587570853e-01
0.46966731898238745	-0.8060185579188941	4.514402964976205190e-02	-9.710670058206241073e-01
0.47162426614481406	-0.8291563854573019	4.324404030681134464e-02	-9.744974610222987277e-01
0.4735812133072407	-0.8521192783676779	4.133749528322129552e-02	-9.777799378458541524e-01
0.4755381604696673	-0.874899547276364	3.942468408969009713e-02	-9.809139378440230317e-01
0.4774951076320939	-0.8974896036105	3.750589718844008630e-02	-9.838989851158868039e-01
0.4794520547945205	-0.9198819663840767	3.558142594911039430e-02	-9.867346263791421102e-01
0.48140900195694714	-0.9420692688604752	3.365156260451241527e-02	-9.894204310389315138e-01
0.48336594911937375	-0.9640442650829616	3.171660020625391430e-02	-9.919559912532306400e-01
0.48532289628180036	-0.9857998362647659	2.977683258023882187e-02	-9.943409219947785260e-01
0.487279843444227	-1.007328997030595	2.783255428204970891e-02	-9.965748611095447407e-01
0.4892367906066536	-1.0286249015015911	2.588406055221887173e-02	-9.986574693717230611e-01
0.4911937377690802	-1.0496808492159877	2.393164727139603445e-02	-1.000588430535242823e+00
0.4931506849315068	-1.0704902908779075	2.197561091541851142e-02	-1.002367451381791286e+00
0.49510763209393344	-1.0910468339270025	2.001624851029105631e-02	-1.003994261765339235e+00
0.49706457925636005	-1.1113442479218578	1.805385758708213592e-02	-1.005468614653163284e+00
0.49902152641878667	-1.131376469730329	1.608873613674380657e-02	-1.006790286163356862e+00
0.5009784735812133	-1.151137608520267	1.412118256486108968e-02	-1.007959075598828358e+00
0.5029354207436398	-1.1706219505443072	1.215149564633908122e-02	-1.008974805477776293e+00
0.5048923679060665	-1.1898239637127315	1.017997448003361664e-02	-1.009837321560639767e+00
0.5068493150684932	-1.2087383019486324	8.206918443332749530e-03	-1.010546492873521052e+00
0.5088062622309197	-1.2273598093199638	6.232627146696298470e-03	-1.011102211728073019e+00
0.5107632093933463	-1.2456835239433122	4.257400388159275281e-03	-1.011504393737852725e+00
0.512720156555773	-1.2637046816545552	2.281538107807561111e-03	-1.011752977831134048e+00
0.5146771037181996	-1.2814187194418734	3.053403422316307032e-04	-1.011847926260183606e+00
0.5166340508806262	-1.2988212786369102	-1.670892821034284607e-03	-1.011789224606990389e+00
0.5185909980430528	-1.3159082078602067	-3.646861289080851644e-03	-1.011576881785457349e+00
0.5205479452054794	-1.3326755657173193	-5.622265009192748547e-03	-1.011210930040046252e+00
0.5225048923679061	-1.3491196232424347	-7.596804014412383149e-03	-1.010691424940882266e+00
0.5244618395303327	-1.365236866086588	-9.570178469089881887e-03	-1.010018445375314933e+00
0.5264187866927592	-1.3810239964479314	-1.154208871441349260e-02	-1.009192093535939749e+00
0.5283757338551859	-1.396477934741873	-1.351223531391313772e-02	-1.008212494905079470e+00
0.5303326810176126	-1.41159582100923	-1.548031909892983761e-02	-1.007079798235729573e+00
0.5322896281800391	-1.4263750160609054	-1.744604121404520064e-02	-1.005794175528970547e+00
0.5342465753424657	-1.440813102357949	-1.940910316246260633e-02	-1.004355822007848564e+00
0.5362035225048923	-1.4549078846262045	-2.136920685133431030e-02	-1.002764956087731640e+00
0.538160469667319	-1.4686573902051212	-2.332605463702713128e-02	-1.001021819343141495e+00
0.5401174168297456	-1.482059869130649	-2.527934937031999646e-02	-9.991266764710724502e-01
0.5420743639921721	-1.4951137939525068	-2.722879444152604203e-02	-9.970798152507946988e-01
0.5440313111545988	-1.5078178592864389	-2.917409382553352512e-02	-9.948815465001562552e-01
0.5459882583170255	-1.5201709811024737	-3.111495212675720323e-02	-9.925322040283843794e-01
0.547945205479452	-1.5321722957505188	-3.305107462399456408e-02	-9.900321445853963453e-01
0.5499021526418786	-1.5438211587249886	-3.498216731517946043e-02	-9.873817478076265530e-01
0.5518590998043053	-1.5551171431705102	-3.690793696202673141e-02	-9.845814161603787529e-01
0.5538160469667319	-1.5660600381310954	-3.882809113456041350e-02	-9.816315748767110438e-01
0.5557729941291585	-1.5766498465455268	-4.074233825551992066e-02	-9.785326718928635259e-01
0.557729941291585	-1.5868867829920124	-4.265038764463607857e-02	-9.752851777802394873e-01
0.5596868884540117	-1.596771271185535	-4.455194956277128138e-02	-9.718895856739477868e-01
0.5616438356164384	-1.6063039412316227	-4.644673525591667268e-02	-9.683464111979203093e-01
0.5636007827788649	-1.6154856266406135	-4.833445699903951565e-02	-9.646561923866147081e-01
0.5655577299412915	-1.6243173611067936	-5.021482813977486831e-02	-9.608194896033115384e-01
0.5675146771037182	-1.6328003750571094	-5.208756314195377851e-02	-9.568368854550242109e-01
0.5694716242661448	-1.6409360919744544	-5.395237762896232248e-02	-9.527089847040287607e-01
0.5714285714285714	-1.6487261245008396	-5.580898842692438855e-02	-9.484364141760304179e-01
0.573385518590998	-1.6561722703260466	-5.765711360770203048e-02	-9.440198226649790803e-01
0.5753424657534246	-1.6632765078676435	-5.949647253170626399e-02	-9.394598808345501206e-01
0.5772994129158513	-1.67004099174852	-6.132678589051279716e-02	-9.347572811163028517e-01
0.5792563600782779	-1.6764680480783867	-6.314777574927511739e-02	-9.299127376045338567e-01
0.5812133072407044	-1.6825601695459147	-6.495916558892912696e-02	-9.249269859478420619e-01
0.5831702544031311	-1.6883200103284572	-6.676068034818295749e-02	-9.198007832374185400e-01
0.5851272015655578	-1.6937503808265444	-6.855204646528502421e-02	-9.145349078920830266e-01
0.5870841487279843	-1.6988542422305564	-7.033299191956501883e-02	-9.091301595400788083e-01
0.5890410958904109	-1.7036347009272161	-7.210324627274025677e-02	-9.035873588976491844e-01
0.5909980430528375	-1.7080950027537438	-7.386254070998202192e-02	-8.979073476444106028e-01
0.5929549902152642	-1.7122385271077278	-7.561060808073545580e-02	-8.920909882955430081e-01
0.5949119373776908	-1.716068780920934	-7.734718293928655175e-02	-8.861391640708157214e-01
0.5968688845401173	-1.71958939250549	-7.907200158507023124e-02	-8.800527787604708330e-01
0.598825831702544	-1.7228041052810037	-8.078480210271377082e-02	-8.738327565879798753e-01
0.6007827788649707	-1.7257167713913686	-8.248532440180876557e-02	-8.674800420697013070e-01
0.6027397260273972	-1.728331345220126	-8.417331025640610587e-02	-8.609955998714534653e-01
0.6046966731898238	-1.7306518768134032	-8.584850334422793050e-02	-8.543804146620302964e-01
0.6066536203522505	-1.7326825052195438	-8.751064928559010303e-02	-8.476354909636779622e-01
0.6086105675146771	-1.7344274517546843	-8.915949568203049291e-02	-8.407618529995569689e-01
0.6105675146771037	-1.7358910132035885	-9.079479215463556740e-02	-8.337605445382129110e-01
0.6125244618395302	-1.73707755496516	-9.241629038206082558e-02	-8.266326287350793667e-01
0.6144814090019569	-1.7379915041521083	-9.402374413823853805e-02	-8.193791879710370374e-01
0.6164383561643836	-1.7386373426543014	-9.561690932976754653e-02	-8.120013236880524454e-01
0.6183953033268101	-1.739019600175383	-9.719554403297883671e-02	-8.045001562219238345e-01
0.6203522504892367	-1.7391428472522557	-9.875940853067216585e-02	-7.968768246321561444e-01
0.6223091976516634	-1.7390116882670525	-1.003082653485172365e-01	-7.891324865289942592e-01
0.62426614481409	-1.7386307544612232	-1.018418792911143511e-01	-7.812683178976387310e-01
0.6262230919765166	-1.7380046969613434	-1.033600174777091485e-01	-7.732855129196708477e-01
0.6281800391389432	-1.7371381798262433	-1.048624493775555666e-01	-7.651852837917164640e-01
0.6301369863013698	-1.7360358731250054	-1.063489468449225067e-01	-7.569688605413706917e-01
0.6320939334637965	-1.7347024460553373	-1.078192841537377045e-01	-7.486374908404183071e-01
0.6340508806262231	-1.7331425601117652	-1.092732380318645474e-01	-7.401924398153734153e-01
0.6360078277886496	-1.731360862313009	-1.107105876950061768e-01	-7.316349898553685671e-01
0.6379647749510763	-1.7293619784978242	-1.121311148802316415e-01	-7.229664404174236392e-01
0.639921722113503	-1.7271505066984902	-1.135346038791197609e-01	-7.141881078291194562e-01
0.6418786692759295	-1.7247310106010028	-1.149208415705139791e-01	-7.053013250887162355e-01
0.6438356164383561	-1.7221080131009217	-1.162896174528857685e-01	-6.963074416627319518e-01
0.6457925636007827	-1.7192859899636697	-1.176407236762988667e-01	-6.872078232810286957e-01
0.6477495107632094	-1.7162693635979407	-1.189739550739717239e-01	-6.780038517294230127e-01
0.649706457925636	-1.713062496950704	-1.202891091934325946e-01	-6.686969246398597466e-01
0.6516634050880625	-1.7096696875321291	-1.215859863272614055e-01	-6.592884552781834717e-01
0.6536203522504892	-1.706095161578565	-1.228643895434164829e-01	-6.497798723295273859e-01
0.6555772994129159	-1.7023430683615128	-1.241241247151379373e-01	-6.401726196813719572e-01
0.6575342465753424	-1.698417474650327	-1.253650005504264031e-01	-6.304681562042867560e-01
0.659491193737769	-1.6943223593361598	-1.265868286210912463e-01	-6.206679555303967755e-01
0.6614481409001957	-1.6900616082244444	-1.277894233913628719e-01	-6.107735058296156483e-01
0.6634050880626223	-1.6856390090029643	-1.289726022460671861e-01	-6.007863095836597500e-01
0.6653620352250489	-1.6810582463923267	-1.301361855183553740e-01	-5.907078833578994770e-01
0.6673189823874754	-1.6763228974853772	-1.312799965169866301e-01	-5.805397575710659064e-01
0.6692759295499021	-1.6714364272818574	-1.324038615531592522e-01	-5.702834762628525844e-01
0.6712328767123288	-1.6664021844243115	-1.335076099668847938e-01	-5.599405968594565186e-01
0.6731898238747553	-1.66122339714098	-1.345910741529036114e-01	-5.495126899370763596e-01
0.6751467710371819	-1.6559031694011208	-1.356540895861352847e-01	-5.390013389834241719e-01
0.6771037181996086	-1.6504444772879079	-1.366964948466625474e-01	-5.284081401572655601e-01
0.6790606653620352	-1.6448501655937542	-1.377181316442423753e-01	-5.177347020460468796e-01
0.6810176125244618	-1.6391229446425932	-1.387188448423429532e-01	-5.069826454216267431e-01
0.6829745596868884	-1.633265387343328	-1.396984824817013582e-01	-4.961536029941588377e-01
0.684931506849315	-1.6272799264783637	-1.406568958033983241e-01	-4.852492191641682440e-01
0.6868884540117417	-1.6211688522307737	-1.415939392714478939e-01	-4.742711497728412939e-01
0.6888454011741683	-1.6149343099533535	-1.425094705948967977e-01	-4.632210618505902544e-01
0.6908023483365948	-1.608578298182448	-1.434033507494316406e-01	-4.521006333639106534e-01
0.6927592954990215	-1.602102666899129	-1.442754439984900994e-01	-4.409115529605781569e-01
0.6947162426614482	-1.59550911603993	-1.451256179138721014e-01	-4.296555197132310711e-01
0.6966731898238747	-1.5887991942590136	-1.459537433958498498e-01	-4.183342428613587294e-01
0.6986301369863013	-1.5819742979432883	-1.467596946927711699e-01	-4.069494415517567187e-01
0.700587084148728	-1.575035670481653	-1.475433494201552342e-01	-3.955028445774709800e-01
0.7025440313111546	-1.5679844017891829	-1.483045885792769469e-01	-3.839961901152760815e-01
0.7045009784735812	-1.5608214280867125	-1.490432965752366834e-01	-3.724312254617371254e-01
0.7064579256360077	-1.5535475319359406	-1.497593612345138048e-01	-3.608097067678750491e-01
0.7084148727984344	-1.5461633425297971	-1.504526738220000048e-01	-3.491333987724982713e-01
0.7103718199608611	-1.538669336237481	-1.511231290575110464e-01	-3.374040745342238301e-01
0.7123287671232876	-1.5310658374032113	-1.517706251317736399e-01	-3.256235151622336454e-01
0.7142857142857142	-1.5233530193973839	-1.523950637218851878e-01	-3.137935095458172507e-01
0.7162426614481409	-1.5155309059184863	-1.529963500062443693e-01	-3.019158540827209247e-01
0.7181996086105675	-1.5075993725437637	-1.535743926789496228e-01	-2.899923524063692803e-01
0.7201565557729941	-1.4995581485262761	-1.541291039636644433e-01	-2.780248151119752431e-01
0.7221135029354206	-1.491406818835672	-1.546603996269458603e-01	-2.660150594816051983e-01
0.7240704500978473	-1.4831448264396365	-1.551681989910356219e-01	-2.539649092082206794e-01
0.726027397260274	-1.4747714748226675	-1.556524249461112286e-01	-2.418761941187460573e-01
0.7279843444227005	-1.466285930738459	-1.561130039619949283e-01	-2.297507498962134687e-01
0.7299412915851271	-1.457687227191899	-1.565498660993195901e-01	-2.175904178010060475e-01
0.7318982387475538	-1.4489742666463357	-1.569629450201487642e-01	-2.053970443912664090e-01
0.7338551859099804	-1.4401458244514622	-1.573521779980504853e-01	-1.931724812424926996e-01
0.735812133072407	-1.431200552486865	-1.577175059276221536e-01	-1.809185846663723674e-01
0.7377690802348336	-1.422136983015976	-1.580588733334657436e-01	-1.686372154289055569e-01
0.7397260273972602	-1.4129535327448888	-1.583762283786118719e-01	-1.563302384678389445e-01
0.7416829745596869	-1.4036485070801916	-1.586695228723912499e-01	-1.439995226094793745e-01
0.7436399217221135	-1.3942201045797242	-1.589387122777524697e-01	-1.316469402849081427e-01
0.74559686888454	-1.384666421589854	-1.591837557180250939e-01	-1.192743672456477305e-01
0.7475538160469667	-1.3749854570626585	-1.594046159831266074e-01	-1.068836822788336305e-01
0.7495107632093934	-1.3651751175461062	-1.596012595352130636e-01	-9.447676692191127323e-02
0.7514677103718199	-1.3552332223401033	-1.597736565137716502e-01	-8.205550517693008250e-02
0.7534246575342465	-1.3451575088110581	-1.599217807401551172e-01	-6.962178322444874390e-02
0.7553816046966731	-1.334945637857355	-1.600456097215570417e-01	-5.717748913712313030e-02
0.7573385518590998	-1.3245951995179657	-1.601451246544272622e-01	-4.472451259299801279e-02
0.7592954990215264	-1.314103718716172	-1.602203104273274004e-01	-3.226474458855486949e-02
0.7612524461839529	-1.3034686611302426	-1.602711556232254420e-01	-1.980007715156855211e-02
0.7632093933463796	-1.292687439182675	-1.602976525212293502e-01	-7.332403053793889840e-03
0.7651663405088063	-1.2817574181394835	-1.602997970977597109e-01	5.136384476447264369e-03
0.7671232876712328	-1.270675922310839	-1.602775890271604664e-01	1.760439204175726427e-02
0.7690802348336594	-1.2594402413442203	-1.602310316817485425e-01	3.006972636317958511e-02
0.7710371819960861	-1.248047636601143	-1.601601321313017301e-01	4.253049456768876607e-02
0.7729941291585127	-1.23649534760835	-1.600649011419849610e-01	5.498480447563219159e-02
0.7749510763209393	-1.2247805985742908	-1.599453531747157820e-01	6.743076488805310742e-02
0.7769080234833659	-1.2129006049616045	-1.598015063829681115e-01	7.986648587387369658e-02
0.7788649706457925	-1.2008525801062444	-1.596333826100158615e-01	9.229007905688563218e-02
0.7808219178082192	-1.1886337418738027	-1.594410073856159238e-01	1.046996579024955104e-01
0.7827788649706457	-1.1762413193435568	-1.592244099221313824e-01	1.170933380042042116e-01
0.7847358121330723	-1.1636725595106934	-1.589836231100956732e-01	1.294692373697493848e-01
0.786692759295499	-1.150924733997156	-1.587186835132182450e-01	1.418254767068907740e-01
0.7886497064579256	-1.1379951457615338	-1.584296313628319741e-01	1.541601797087848447e-01
0.7906066536203522	-1.1248811357984196	-1.581165105517843561e-01	1.664714733388979462e-01
0.7925636007827788	-1.1115800898176407	-1.577793686277721708e-01	1.787574881154354312e-01
0.7945205479452054	-1.0980894448938383	-1.574182567861213133e-01	1.910163583952176058e-01
0.7964774951076321	-1.0844066960768657	-1.570332298620127631e-01	2.032462226569860808e-01
0.7984344422700587	-1.070529402953548	-1.566243463221557997e-01	2.154452237840716877e-01
0.8003913894324852	-1.0564551961513842	-1.561916682559098268e-01	2.276115093464020356e-01
0.8023483365949119	-1.0421817837748821	-1.557352613658559704e-01	2.397432318817973029e-01
0.8043052837573386	-1.0277069577652715	-1.552551949578201140e-01	2.518385491765031126e-01
0.8062622309197651	-1.0130286001744482	-1.547515419303487072e-01	2.638956245449394777e-01
0.8082191780821917	-0.9981446893441343	-1.542243787636390917e-01	2.759126271085971527e-01
0.8101761252446184	-0.9830533059813309	-1.536737855079259862e-01	2.878877320740608758e-01
0.812133072407045	-0.9677526391213176	-1.530998457713255156e-01	2.998191210101084914e-01
0.8140900195694716	-0.9522409919695453	-1.525026467071396163e-01	3.117049821238358498e-01
0.8160469667318981	-0.936516787614002	-1.518822790006213175e-01	3.235435105357856722e-01
0.8180039138943248	-0.9205785745997366	-1.512388368552044782e-01	3.353329085540146526e-01
0.8199608610567515	-0.9044250323574532	-1.505724179781986749e-01	3.470713859470768714e-01
0.821917808219178	-0.8880549764782605	-1.498831235659522643e-01	3.587571602158751150e-01
0.8238747553816046	-0.8714673638268663	-1.491710582884857028e-01	3.703884568643288633e-01
0.8258317025440313	-0.8546612974857632	-1.484363302735972334e-01	3.819635096688402398e-01
0.8277886497064579	-0.8376360315231053	-1.476790510904436304e-01	3.934805609464905873e-01
0.8297455968688845	-0.8203909755772761	-1.468993357325983351e-01	4.049378618219490189e-01
0.831702544031311	-0.8029256992513618	-1.460973026005893960e-01	4.163336724930432609e-01
0.8336594911937377	-0.7852399363110194	-1.452730734839205728e-01	4.276662624949445490e-01
0.8356164383561644	-0.7673335886794659	-1.444267735425770194e-01	4.389339109629467051e-01
0.837573385518591	-0.7492067302236215	-1.435585312880201247e-01	4.501349068937751108e-01
0.8395303326810175	-0.7308596103256817	-1.426684785636724295e-01	4.612675494054100933e-01
0.8414872798434442	-0.712292657234727	-1.417567505248975290e-01	4.723301479953622706e-01
0.8434442270058709	-0.693506481193236	-1.408234856184763517e-01	4.833210227973789852e-01
0.8454011741682974	-0.6745018773337005	-1.398688255615837817e-01	4.942385048365365297e-01
0.847358121330724	-0.6552798283408163	-1.388929153202691225e-01	5.050809362826697013e-01
0.8493150684931506	-0.6358415068750893	-1.378959030874424563e-01	5.158466707021212017e-01
0.8512720156555773	-0.616188277753976	-1.368779402603716722e-01	5.265340733077488178e-01
0.8532289628180039	-0.5963216998870107	-1.358391814176927448e-01	5.371415212071716239e-01
0.8551859099804304	-0.5762435279617381	-1.347797842959362891e-01	5.476674036492104047e-01
0.8571428571428571	-0.5559557138775575	-1.336999097655758584e-01	5.581101222684758945e-01
0.8590998043052838	-0.535460407924972	-1.325997218065989303e-01	5.684680913280885095e-01
0.8610567514677103	-0.5147599597080291	-1.314793874836068244e-01	5.787397379604687364e-01
0.8630136986301369	-0.49385691880815197	-1.303390769204457456e-01	5.889235024061808543e-01
0.8649706457925636	-0.47275403518784653	-1.291789632743729210e-01	5.990178382507859167e-01
0.8669275929549902	-0.4514542593331657	-1.279992227097631052e-01	6.090212126596612485e-01
0.8688845401174168	-0.4299607421341337	-1.268000343713572564e-01	6.189321066107689173e-01
0.8708414872798433	-0.4082768345027249	-1.255815803570597688e-01	6.287490151253144477e-01
0.87279843444227	-0.3864060867283087	-1.243440456902862590e-01	6.384704474962855647e-01
0.8747553816046967	-0.3643522475708614	-1.230876182918679562e-01	6.480949275148119026e-01
0.8767123287671232	-0.34211926309256546	-1.218124889515156406e-01	6.576209936943314682e-01
0.8786692759295498	-0.31971127522881077	-1.205188512988476651e-01	6.670471994925204484e-01
0.8806262230919765	-0.29713262009993036	-1.192069017739878917e-01	6.763721135309476162e-01
0.8825831702544031	-0.27438782606539786	-1.178768395977351363e-01	6.855943198124353488e-01
0.8845401174168297	-0.2514816115224977	-1.165288667413121593e-01	6.947124179360760765e-01
0.8864970645792563	-0.22841888245188627	-1.151631878956956984e-01	7.037250233098865104e-01
0.8884540117416829	-0.20520472971279363	-1.137800104405336798e-01	7.126307673610604576e-01
0.8904109589041096	-0.18184442609092324	-1.123795444126552412e-01	7.214282977437844746e-01
0.8923679060665362	-0.15834342310248534	-1.109620024741754529e-01	7.301162785445968195e-01
0.8943248532289627	-0.13470734755808553	-1.095275998802031775e-01	7.386933904852441835e-01
0.8962818003913894	-0.11094199789057392	-1.080765544461541050e-01	7.471583311230156621e-01
0.898238747553816	-0.087053340251223	-1.066090865146748640e-01	7.555098150485232145e-01
0.9001956947162426	-0.06304750437895981	-1.051254189221845353e-01	7.637465740808870862e-01
0.9021526418786692	-0.03893077924764843	-1.036257769650359845e-01	7.718673574603154286e-01
0.9041095890410958	-0.01470960849676875	-1.021103883653049771e-01	7.798709320380295962e-01
0.9060665362035225	0.009609414348905845	-1.005794832362101460e-01	7.877560824635199133e-01
0.9080234833659491	0.03401955086474803	-9.903329404716976203e-02	7.955216113691001567e-01
0.9099804305283756	0.058513922910621755	-9.747205558850170759e-02	8.031663395517251169e-01
0.9119373776908023	0.08308551800770514	-9.589600493576957985e-02	8.106891061520575814e-01
0.913894324853229	0.10772719490106168	-9.430538141378326522e-02	8.180887688307423300e-01
0.9158512720156555	0.13243168930101568	-9.270042656025651029e-02	8.253642039418748189e-01
0.9178082191780821	0.15719161979609492	-9.108138408912988537e-02	8.325143067036250288e-01
0.9197651663405088	0.18199949393011228	-8.944849985356220778e-02	8.395379913660010462e-01
0.9217221135029354	0.20684771443570898	-8.780202180859732197e-02	8.464341913757224001e-01
0.923679060665362	0.23172858561648912	-8.614219997351246771e-02	8.532018595381739567e-01
0.9256360078277885	0.25663431986965624	-8.446928639385185844e-02	8.598399681764276048e-01
0.9275929549902152	0.2815570443408551	-8.278353510315410169e-02	8.663475092872919836e-01
0.9295499021526419	0.30648880770278714	-8.108520208437658416e-02	8.727234946943805971e-01
0.9315068493150684	0.3314215870489605	-7.937454523102381587e-02	8.789669561981691137e-01
0.933463796477495	0.35634729489379174	-7.765182430798697744e-02	8.850769457230130977e-01
0.9354207436399217	0.38125778627011914	-7.591730091209737685e-02	8.910525354611188442e-01
0.9373776908023483	0.40614486591506144	-7.417123843240353009e-02	8.968928180134285721e-01
0.9393346379647749	0.43100029553505076	-7.241390201017496031e-02	9.025969065274103142e-01
0.9412915851272015	0.45581580114073345	-7.064555849863986270e-02	9.081639348317300797e-01
0.9432485322896281	0.4805830804423307	-6.886647642246401801e-02	9.135930575677766452e-01
0.9452054794520548	0.505293810296004	-6.707692593697409111e-02	9.188834503180337565e-01
0.9471624266144814	0.5299396541916576	-6.527717878713533428e-02	9.240343097312657683e-01
0.9491193737769079	0.554512269772594	-6.346750826628573539e-02	9.290448536445100602e-01
0.9510763209393346	0.579003316377338	-6.164818917463714409e-02	9.339143212018468088e-01
0.9530332681017613	0.603404462593971	-5.981949777754618641e-02	9.386419729699364556e-01
0.9549902152641878	0.6277073938172512	-5.798171176356267664e-02	9.432270910503049999e-01
0.9569471624266144	0.6519038197988347	-5.613511020226332610e-02	9.476689791883550207e-01
0.958904109589041	0.6759854821808653	-5.427997350187364206e-02	9.519669628790944360e-01
0.9608610567514677	0.6999441620032577	-5.241658336668861967e-02	9.561203894695597949e-01
0.9628180039138943	0.7237716871750466	-5.054522275429530753e-02	9.601286282579223341e-01
0.9647749510763208	0.7474599399001641	-4.866617583260497704e-02	9.639910705892617004e-01
0.9667318982387475	0.7710008640481218	-4.677972793670288898e-02	9.677071299479889088e-01
0.9686888454011742	0.7943864724601128	-4.488616552551886324e-02	9.712762420469115421e-01
0.9706457925636007	0.8176088541811661	-4.298577613832908068e-02	9.746978649129192096e-01
0.9726027397260273	0.8406601816090343	-4.107884835109265609e-02	9.779714789692837140e-01
0.974559686888454	0.8635327175506605	-3.916567173263060114e-02	9.810965871145577166e-01
0.9765166340508806	0.8862188221771445	-3.724653680065552475e-02	9.840727147980588008e-01
0.9784735812133072	0.9087109598683104	-3.532173497765514480e-02	9.868994100919318280e-01
0.9804305283757337	0.9310017059380853	-3.339155854664044298e-02	9.895762437597737105e-01
0.9823874755381604	0.9530837532320641	-3.145630060676180700e-02	9.921028093218132726e-01
0.9843444227005871	0.9749499185888284	-2.951625502880120960e-02	9.944787231166365427e-01
0.9863013698630136	0.9965931491567571	-2.757171641054867103e-02	9.967036243594450395e-01
0.9882583170254402	1.018006528558245	-2.562298003206610678e-02	9.987771751968422818e-01
0.9902152641878669	1.039183282893468	-2.367034181084996455e-02	1.000699060758135861e+00
0.9921722113502935	1.0601167865760308	-2.171409825689467332e-02	1.002468989203152194e+00
0.9941291585127201	1.080800567993092	-1.975454642766836036e-02	1.004086691766552519e+00
0.9960861056751467	1.101228314982755	-1.779198388300392425e-02	1.005551922798643583e+00
0.9980430528375733	1.1213938801217733	-1.582670863991389107e-02	1.006864459802682576e+00
1.0	1.1412912858168869	-1.385901912733720695e-02	1.008024103468660782e+00
