0.0	1.9808174943786088	-1.484913377272870615e-02	1.792793334042163567e+00
0.0019569471624266144	1.9987775703215998	-1.134653708627292486e-02	1.793820765249802607e+00
0.003913894324853229	2.016182576679691	-7.842196875232366679e-03	1.794578680862823017e+00
0.005870841487279843	2.0330311936041165	-4.336639655050507532e-03	1.795066967006928360e+00
0.007827788649706457	2.0493225276358484	-8.303921240223845939e-04	1.795285550318752144e+00
0.009784735812133072	2.065056109590585	2.676018915840052293e-03	1.795234397956880112e+00
0.011741682974559686	2.0802318919169847	6.182066637958197504e-03	1.794913517606784081e+00
0.0136986301369863	2.094850245532231	9.687224270340733662e-03	1.794322957479667524e+00
0.015655577299412915	2.108911956139726	1.319096517472934452e-02	1.793462806305222701e+00
0.01761252446183953	2.1224182200344	1.669276292572439285e-02	1.792333193318298212e+00
0.019569471624266144	2.1353706394018186	2.019209138987856228e-02	1.790934288239482530e+00
0.021526418786692758	2.1477712171179464	2.368842480474665432e-02	1.789266301249603508e+00
0.023483365949119372	2.159622351057101	2.718123785787963931e-02	1.787329482958150972e+00
0.025440313111545987	2.1709268279162854	3.067000576575114323e-02	1.785124124365620846e+00
0.0273972602739726	2.18168781656475	3.415420435260435594e-02	1.782650556819795673e+00
0.029354207436399216	2.191908860928255	3.763331012920775182e-02	1.779909151965959557e+00
0.03131115459882583	2.201593872418145	4.110680037150758054e-02	1.776900321691059936e+00
0.033268101761252444	2.2107471219159502	4.457415319916540469e-02	1.773624518061822641e+00
0.03522504892367906	2.2193732313248242	4.803484765396887068e-02	1.770082233256831783e+00
0.03718199608610567	2.2274771646997182	5.148836377810404180e-02	1.766273999492579128e+00
0.03913894324853229	2.2350642189687404	5.493418269227718503e-02	1.762200388943502061e+00
0.0410958904109589	2.2421400142587165	5.837178667367473595e-02	1.757862013656016575e+00
0.043052837573385516	2.2487104838384777	6.180065923374943038e-02	1.753259525456557721e+00
0.04500978473581213	2.2547818636939283	6.522028519582094563e-02	1.748393615853646388e+00
0.046966731898238745	2.2603606817494333	6.863015077247955342e-02	1.743265015933991746e+00
0.04892367906066536	2.2654537467505316	7.202974364278089126e-02	1.737874496252647560e+00
0.050880626223091974	2.2700681368234448	7.541855302922051418e-02	1.732222866717240350e+00
0.05283757338551859	2.274211187727273	7.879606977447649319e-02	1.726310976466281177e+00
0.0547945205479452	2.277890480815178	8.216178641790862491e-02	1.720139713741587695e+00
0.05675146771037182	2.2811138307212544	8.551519727180272035e-02	1.713710005754826904e+00
0.05870841487279843	2.283889272790129	8.885579849734843993e-02	1.707022818548206589e+00
0.060665362035225046	2.2862250502666943	9.218308818033947583e-02	1.700079156849328310e+00
0.06262230919765166	2.288129601263691	9.549656640658442386e-02	1.692880063920232825e+00
0.06457925636007827	2.289611545525132	9.879573533701725696e-02	1.685426621400651692e+00
0.06653620352250489	2.290679671003858	1.020800992824959369e-01	1.677719949145495715e+00
0.0684931506849315	2.2913429202717315	1.053491647782781870e-01	1.669761205056599751e+00
0.07045009784735812	2.2916103767812093	1.086024406581627272e-01	1.661551584908751655e+00
0.07240704500978473	2.2914912509972285	1.118394381282855621e-01	1.653092322170031991e+00
0.07436399217221135	2.29099486641849	1.150596708405594998e-01	1.644384687816488722e+00
0.07632093933463796	2.290130645507388	1.182626549657463666e-01	1.635429990141177514e+00
0.07827788649706457	2.2889080955479324	1.214479092661507470e-01	1.626229574557595425e+00
0.08023483365949119	2.287336794451109	1.246149551679243545e-01	1.616784823397536375e+00
0.0821917808219178	2.2854263765271714	1.277633168329701252e-01	1.607097155703401059e+00
0.08414872798434442	2.283186518244417	1.308925212304353214e-01	1.597168027014990166e+00
0.08610567514677103	2.28062692399398	1.340020982077828604e-01	1.586998929150814419e+00
0.08806262230919765	2.2777573118801766	1.370915805614300875e-01	1.576591389983953873e+00
0.09001956947162426	2.2745873995558967	1.401605041069447777e-01	1.565946973212499982e+00
0.09197651663405088	2.271126890122434	1.432084077487870144e-01	1.555067278124614871e+00
0.09393346379647749	2.2673854581130954	1.462348335495873841e-01	1.543953939358245098e+00
0.0958904109589041	2.2633727355797646	1.492393267989506334e-01	1.532608626655520112e+00
0.09784735812133072	2.2590982983014753	1.522214360817742140e-01	1.521033044611882046e+00
0.09980430528375733	2.254571652133851	1.551807133460720578e-01	1.509228932419973024e+00
0.10176125244618395	2.24980221951809	1.581167139702927271e-01	1.497198063608330409e+00
0.10371819960861056	2.244799326167925	1.610289968301225616e-01	1.484942245774916403e+00
0.10567514677103718	2.239572187952744	1.639171243647628839e-01	1.472463320315535951e+00
0.10763209393346379	2.2341298979947957	1.667806626426721894e-01	1.459763162147170945e+00
0.1095890410958904	2.228481413998074	1.696191814267629105e-01	1.446843679426280893e+00
0.11154598825831702	2.222635545826177	1.724322542390430979e-01	1.433706813262108692e+00
0.11350293542074363	2.2166009433460734	1.752194584246931919e-01	1.420354537425035701e+00
0.11545988258317025	2.210386084554336	1.779803752155687813e-01	1.406788858050028734e+00
0.11741682974559686	2.203999264002028	1.807145897931188294e-01	1.393011813335225613e+00
0.11937377690802348	2.1974485815339726	1.834216913507109581e-01	1.379025473235702570e+00
0.12133072407045009	2.190741931357751	1.861012731553537414e-01	1.364831939152469475e+00
0.1232876712328767	2.1838869914572596	1.887529326088068782e-01	1.350433343616743054e+00
0.12524461839530332	2.1768912133652347	1.913762713080703892e-01	1.335831849969539187e+00
0.12720156555772993	2.169761812308597	1.939708951052432906e-01	1.321029652036640023e+00
0.12915851272015655	2.1625057577400044	1.965364141667429732e-01	1.306028973798977200e+00
0.13111545988258316	2.155129764268433	1.990724430318762950e-01	1.290832069058488019e+00
0.13307240704500978	2.14764028300106	2.015786006707540878e-01	1.275441221099487432e+00
0.1350293542074364	2.1400434933081636	2.040545105415392801e-01	1.259858742345613125e+00
0.136986301369863	2.1323452950221564	2.064998006470212255e-01	1.244086974012390989e+00
0.13894324853228962	2.1245513010812784	2.089141035905070221e-01	1.228128285755476945e+00
0.14090019569471623	2.116666830627853	2.112970566310217180e-01	1.211985075314621296e+00
0.14285714285714285	2.1086969025703834	2.136483017378087157e-01	1.195659768153418678e+00
0.14481409001956946	2.1006462296181403	2.159674856441229085e-01	1.179154817094888896e+00
0.14677103718199608	2.0925192127962067	2.182542599003078065e-01	1.162472701952949494e+00
0.1487279843444227	2.084319936448318	2.205082809261488253e-01	1.145615929159830682e+00
0.1506849315068493	2.076052163734139	2.227292100624951310e-01	1.128587031389493900e+00
0.15264187866927592	2.067719332626951	2.249167136221421059e-01	1.111388567177104214e+00
0.15459882583170254	2.0593245524170145	2.270704629399666608e-01	1.094023120534620030e+00
0.15655577299412915	2.0508706007251973	2.291901344223080672e-01	1.076493300562554101e+00
0.15851272015655576	2.0423599210307355	2.312754095955869282e-01	1.058801741057963541e+00
0.16046966731898238	2.0337946207162996	2.333259751541546800e-01	1.040951100118731931e+00
0.162426614481409	2.0251764696328123	2.353415230073667153e-01	1.022944059744198997e+00
0.1643835616438356	2.016506899185759	2.373217503258721328e-01	1.004783325432197394e+00
0.16634050880626222	2.0077870019440027	2.392663595871124815e-01	9.864716257725633097e-01
0.16829745596868884	1.9990175317714123	2.411750586200240298e-01	9.680117120371720674e-01
0.17025440313111545	1.9901989044808583	2.430475606489350127e-01	9.494063577665721176e-01
0.17221135029354206	1.9813311990094582	2.448835843366531650e-01	9.306583583532656023e-01
0.17416829745596868	1.9724141591131927	2.466828538267352156e-01	9.117705306217140926e-01
0.1761252446183953	1.9634471955783173	2.484450987849338433e-01	8.927457124051170201e-01
0.1780821917808219	1.9544293889462814	2.501700544398142712e-01	8.735867621190379628e-01
0.18003913894324852	1.9453594927481586	2.518574616225352503e-01	8.542965583319379608e-01
0.18199608610567514	1.9362359372438847	2.535070668057886056e-01	8.348779993326783666e-01
0.18395303326810175	1.9270568336609033	2.551186221418904054e-01	8.153340026950645081e-01
0.18590998043052837	1.9178199789261423	2.566918855000197008e-01	7.956675048394880045e-01
0.18786692759295498	1.9085228608845561	2.582266205025974815e-01	7.758814605917416785e-01
0.1898238747553816	1.899162663996784	2.597225965608020437e-01	7.559788427390641274e-01
0.1917808219178082	1.8897362755078493	2.611795889092137779e-01	7.359626415834911173e-01
0.19373776908023482	1.8802402920781343	2.625973786395857656e-01	7.158358644925701952e-01
0.19569471624266144	1.8706710268672606	2.639757527337336929e-01	6.956015354475160173e-01
0.19765166340508805	1.861024517060854	2.653145040955415257e-01	6.752626945888645649e-01
0.19960861056751467	1.8512965318295853	2.666134315820765099e-01	6.548223977597055212e-01
0.20156555772994128	1.8414825807092647	2.678723400338107186e-01	6.342837160465487623e-01
0.2035225048923679	1.8315779223901871	2.690910403039427634e-01	6.136497353179051206e-01
0.2054794520547945	1.8215775739033768	2.702693492868166181e-01	5.929235557606468143e-01
0.20743639921722112	1.811476320190807	2.714070899454327224e-01	5.721082914142104903e-01
0.20939334637964774	1.8012687240461622	2.725040913380469276e-01	5.512070697027281474e-01
0.21135029354207435	1.7909491364121781	2.735601886438542296e-01	5.302230309651371210e-01
0.21330724070450097	1.780511707020121	2.745752231877524041e-01	5.091593279833592778e-01
0.21526418786692758	1.7699503953564788	2.755490424641823810e-01	4.880191255086018809e-01
0.2172211350293542	1.7592589819414863	2.764815001600417488e-01	4.668055997858677753e-01
0.2191780821917808	1.748431079903685	2.773724561766677810e-01	4.455219380767322379e-01
0.22113502935420742	1.7374601468342923	2.782217766508868206e-01	4.241713381804701477e-01
0.22309197651663404	1.7263394969047736	2.790293339751267476e-01	4.027570079535945924e-01
0.22504892367906065	1.7150623132306508	2.797950068165897530e-01	3.812821648278901243e-01
0.22700587084148727	1.7036216604642236	2.805186801354817572e-01	3.597500353270016160e-01
0.22896281800391388	1.6920104975985757	2.812002452022973054e-01	3.381638545816609276e-01
0.2309197651663405	1.6802216909649308	2.818395996141554449e-01	3.165268658436203864e-01
0.2328767123287671	1.668248027405164	2.824366473101855290e-01	2.948423199983628007e-01
0.23483365949119372	1.656082227601019	2.829912985859600605e-01	2.731134750766691099e-01
0.23679060665362034	1.643716959541362	2.835034701069724106e-01	2.513435957651075081e-01
0.23874755381604695	1.6311448521086196	2.839730849211576369e-01	2.295359529155281686e-01
0.24070450097847357	1.6183585087653596	2.844000724704542349e-01	2.076938230536254648e-01
0.24266144814090018	1.6053505213218513	2.847843686014053244e-01	1.858204878866540066e-01
0.2446183953033268	1.5921134837653002	2.851259155747972174e-01	1.639192338103600821e-01
0.2465753424657534	1.5786400061313903	2.854246620743349783e-01	1.419933514152146026e-01
0.24853228962818003	1.5649227283986777	2.856805632143521456e-01	1.200461349920097509e-01
0.25048923679060664	1.5509543343863486	2.858935805465548929e-01	9.808088203690598639e-02
0.25244618395303325	1.5367275656358583	2.860636820657986301e-01	7.610089275599143943e-02
0.25440313111545987	1.5222352352569586	2.861908422148967124e-01	5.410946956943804564e-02
0.2563600782778865	1.507470241718681	2.862750418884603687e-01	3.210991661532520275e-02
0.2583170254403131	1.4924255825659032	2.863162684357689614e-01	1.010553925320120151e-02
0.2602739726027397	1.4770943680422293	2.863145156626712429e-01	-1.190035643253283676e-02
0.2622309197651663	1.4614698346000252	2.862697838325155009e-01	-3.390446412935432113e-02
0.26418786692759294	1.4455453582785982	2.861820796661102007e-01	-5.590347779337844630e-02
0.26614481409001955	1.4293144679317022	2.860514163407141264e-01	-7.789409214608346288e-02
0.26810176125244617	1.4127708582857192	2.858778134880567978e-01	-9.987300317091456214e-02
0.2700587084148728	1.3959084028101205	2.856612971913884413e-01	-1.218369086097045861e-01
0.2720156555772994	1.3787211663820362	2.854018999815614577e-01	-1.437825084588240376e-01
0.273972602739726	1.361203417727059	2.850996608321424985e-01	-1.657065054649989877e-01
0.2759295499021526	1.3433496416186868	2.847546251535569839e-01	-1.876056056207089928e-01
0.27788649706457924	1.3251545508191478	2.843668447862663373e-01	-2.094765186591037165e-01
0.27984344422700586	1.3066130977446855	2.839363779929789389e-01	-2.313159585483532954e-01
0.28180039138943247	1.2877204858387614	2.834632894498966826e-01	-2.531206439853624923e-01
0.2837573385518591	1.2684721806370183	2.829476502369970836e-01	-2.748872988887784419e-01
0.2857142857142857	1.248863920508261	2.823895378273544310e-01	-2.966126528912073623e-01
0.2876712328767123	1.2288917270561577	2.817890360754990442e-01	-3.182934418305802260e-01
0.2896281800391389	1.2085519151668005	2.811462352048189062e-01	-3.399264082405784593e-01
0.29158512720156554	1.1878411026877722	2.804612317940035071e-01	-3.615083018400609416e-01
0.29354207436399216	1.166756219724827	2.797341287625336181e-01	-3.830358800214045956e-01
0.29549902152641877	1.1452945175428415	2.789650353552176054e-01	-4.045059083376985054e-01
0.2974559686888454	1.123453577058203	2.781540671257780595e-01	-4.259151609887056322e-01
0.299412915851272	1.1012313169103638	2.773013459194900165e-01	-4.472604213055320632e-01
0.3013698630136986	1.0786260011008615	2.764069998548742690e-01	-4.685384822339170308e-01
0.30332681017612523	1.0556362461886772	2.754711633044479302e-01	-4.897461468160854703e-01
0.30528375733855184	1.0322610280314224	2.744939768745351949e-01	-5.108802286710787399e-01
0.30724070450097846	1.0084996880624346	2.734755873841422380e-01	-5.319375524734963889e-01
0.30919765166340507	0.984351939094518	2.724161478428975824e-01	-5.529149544305818065e-01
0.3111545988258317	0.9598178706416776	2.713158174280632662e-01	-5.738092827575674848e-01
0.3131115459882583	0.9348979537508681	2.701747614606187509e-01	-5.946173981512237194e-01
0.3150684931506849	0.9095930453364391	2.689931513804222907e-01	-6.153361742615253149e-01
0.31702544031311153	0.883904392010611	2.677711647204523149e-01	-6.359624981613783978e-01
0.31898238747553814	0.8578336334040342	2.665089850801339866e-01	-6.564932708143241813e-01
0.32093933463796476	0.8313828049711456	2.652068020977538243e-01	-6.769254075401618387e-01
0.32289628180039137	0.8045543402757369	2.638648114219672713e-01	-6.972558384784092178e-01
0.324853228962818	0.7773510727528837	2.624832146824031542e-01	-7.174815090495392234e-01
0.3268101761252446	0.7497762369440399	2.610622194593692491e-01	-7.375993804139235888e-01
0.3287671232876712	0.7218334692028805	2.596020392526644516e-01	-7.576064299284029913e-01
0.33072407045009783	0.6935268078701281	2.581028934495008809e-01	-7.774996516004323288e-01
0.33268101761252444	0.6648606929163834	2.565650072915415802e-01	-7.972760565397229993e-01
0.33463796477495106	0.6358399650526397	2.549886118410589764e-01	-8.169326734073085738e-01
0.33659491193737767	0.6064698643089276	2.533739439462184828e-01	-8.364665488619825728e-01
0.3385518590998043	0.5767560280822507	2.517212462054927435e-01	-8.558747480040261868e-01
0.3405088062622309	0.5467044886556593	2.500307669312118453e-01	-8.751543548161699881e-01
0.3424657534246575	0.5163216701910867	2.483027601122557992e-01	-8.943024726017116954e-01
0.34442270058708413	0.48561438519921973	2.465374853758929563e-01	-9.133162244197376989e-01
0.34637964774951074	0.45458983049044793	2.447352079487722376e-01	-9.321927535173732959e-01
0.34833659491193736	0.42325558261159113	2.428961986170734555e-01	-9.509292237590019070e-01
0.350293542074364	0.3916195927738271	2.410207336858228577e-01	-9.695228200523818840e-01
0.3522504892367906	0.3596901812779456	2.391090949373791130e-01	-9.879707487716062886e-01
0.3542074363992172	0.32747603144368764	2.371615695890961772e-01	-1.006270238176837584e+00
0.3561643835616438	0.2949861830506734	2.351784502501703955e-01	-1.024418538830749403e+00
0.35812133072407043	0.2622300252990134	2.331600348776764753e-01	-1.042412924011621778e+00
0.36007827788649704	0.22921728929841712	2.311066267318007406e-01	-1.060250690123021311e+00
0.36203522504892366	0.19595804009519438	2.290185343302768572e-01	-1.077929157100010027e+00
0.3639921722113503	0.1624626682472147	2.268960714020326064e-01	-1.095445668811812601e+00
0.3659491193737769	0.12874188095749917	2.247395568400529509e-01	-1.112797593460893131e+00
0.3679060665362035	0.09480669277768458	2.225493146534673061e-01	-1.129982323978373060e+00
0.3698630136986301	0.06066841589324379	2.203256739188681756e-01	-1.146997278415737176e+00
0.37181996086105673	0.026338650002851988	2.180689687308689229e-01	-1.163839900332758859e+00
0.37377690802348335	-0.0081707281951017	2.157795381519067857e-01	-1.180507659181598834e+00
0.37573385518590996	-0.04284757589536928	2.134577261613000432e-01	-1.196998050687011261e+00
0.3776908023483366	-0.07767949544403532	2.111038816035660237e-01	-1.213308597222604979e+00
0.3796477495107632	-0.11265384594751228	2.087183581360086415e-01	-1.229436848183093289e+00
0.3816046966731898	-0.14775775521736467	2.063015141755827619e-01	-1.245380380352494099e+00
0.3835616438356164	-0.18297813203547492	2.038537128450424729e-01	-1.261136798268208681e+00
0.38551859099804303	-0.21830167872368794	2.013753219183839760e-01	-1.276703734580930893e+00
0.38747553816046965	-0.25371490400159447	1.988667137655882600e-01	-1.292078850410334212e+00
0.38943248532289626	-0.28920413611577794	1.963282652966740482e-01	-1.307259835696480632e+00
0.3913894324853229	-0.3247555362234386	1.937603579050678204e-01	-1.322244409546900812e+00
0.3933463796477495	-0.36035511201296905	1.911633774103013439e-01	-1.337030320579288389e+00
0.3953033268101761	-0.3959887315437578	1.885377140000432106e-01	-1.351615347259763622e+00
0.3972602739726027	-0.4316421372871497	1.858837621714745925e-01	-1.365997298236651059e+00
0.39921722113502933	-0.4673009603502729	1.832019206720170712e-01	-1.380174012669724837e+00
0.40117416829745595	-0.502950734864136	1.804925924394225611e-01	-1.394143360554864763e+00
0.40313111545988256	-0.5385769125172177	1.777561845412331254e-01	-1.407903243044083430e+00
0.4050880626223092	-0.5741648772155518	1.749931081136200939e-01	-1.421451592760873517e+00
0.4070450097847358	-0.6096999598501239	1.722037782996127808e-01	-1.434786374110819551e+00
0.4090019569471624	-0.6451674531522862	1.693886141867242401e-01	-1.447905583587443479e+00
0.410958904109589	-0.6805526266177212	1.665480387439850218e-01	-1.460807250073222097e+00
0.41291585127201563	-0.7158407414794514	1.636824787583930074e-01	-1.473489435135743042e+00
0.41487279843444225	-0.7510170657102566	1.607923647707907300e-01	-1.485950233318945601e+00
0.41682974559686886	-0.7860668890348768	1.578781310111775915e-01	-1.498187772429410813e+00
0.4187866927592955	-0.8209755379323262	1.549402153334685783e-01	-1.510200213817651349e+00
0.4207436399217221	-0.8557283906086592	1.519790591497076349e-01	-1.521985752654363200e+00
0.4227005870841487	-0.890310891920587	1.489951073637475476e-01	-1.533542618201594765e+00
0.4246575342465753	-0.9247085682303744	1.459888083044044715e-01	-1.544869074078794258e+00
0.42661448140900193	-0.9589070421725687	1.429606136580978681e-01	-1.555963418523695463e+00
0.42857142857142855	-0.99289204731321	1.399109784009860413e-01	-1.566823984648001877e+00
0.43052837573385516	-1.0266494426823094	1.368403607306078740e-01	-1.577449140687830820e+00
0.4324853228962818	-1.0601652271605841	1.337492219970400076e-01	-1.587837290248879762e+00
0.4344422700587084	-1.0934255537015771	1.306380266335800677e-01	-1.597986872546281800e+00
0.436399217221135	-1.1264167433705774	1.275072420869678980e-01	-1.607896362639105847e+00
0.4383561643835616	-1.1591252991819327	1.243573387471527542e-01	-1.617564271659474029e+00
0.44031311154598823	-1.191537919716672	1.211887898766189492e-01	-1.626989147036260741e+00
0.44227005870841485	-1.2236415125026252	1.180020715392793851e-01	-1.636169572713336517e+00
0.44422700587084146	-1.255423207139533	1.147976625289491293e-01	-1.645104169362323399e+00
0.4461839530332681	-1.2868703681520248	1.115760442974078614e-01	-1.653791594589836711e+00
0.4481409001956947	-1.3179706075536528	1.083377008820635146e-01	-1.662230543139174399e+00
0.4500978473581213	-1.3487117971056166	1.050831188332268101e-01	-1.670419747086428153e+00
0.4520547945205479	-1.3790820802541692	1.018127871410094698e-01	-1.678357976030983467e+00
0.45401174168297453	-1.40906988373117	9.852719716185459609e-02	-1.686044037280384433e+00
0.45596868884540115	-1.438663928802683	9.522684254471178167e-02	-1.693476776029531283e+00
0.45792563600782776	-1.4678532421509867	9.191221915686860477e-02	-1.700655075534186045e+00
0.4598825831702544	-1.4966271663758821	8.858382500944782245e-02	-1.707577857278759437e+00
0.461839530332681	-1.5249753701016608	8.524216018258307104e-02	-1.714244081138354581e+00
0.4637964774951076	-1.552887857676668	8.188772675028298254e-02	-1.720652745535042882e+00
0.4657534246575342	-1.580354978452902	7.852102870499699794e-02	-1.726802887588345881e+00
0.46771037181996084	-1.6073674356336904	7.514257188189168990e-02	-1.732693583259906855e+00
0.46966731898238745	-1.6339162946780563	7.175286388285091743e-02	-1.738323947492323329e+00
0.47162426614481406	-1.6599929912509594	6.835241400020992952e-02	-1.743693134342125362e+00
0.4735812133072407	-1.685589338709268	6.494173314023653221e-02	-1.748800337106873215e+00
0.4755381604696673	-1.7106975351138647	6.152133374636869351e-02	-1.753644788446364178e+00
0.4774951076320939	-1.7353101697590079	5.809172972222183262e-02	-1.758225760497921453e+00
0.4794520547945205	-1.7594202292106533	5.465343635437605596e-02	-1.762542564985754678e+00
0.48140900195694714	-1.7830211028461513	5.120697023495678069e-02	-1.766594553324368322e+00
0.48336594911937375	-1.80610658788838	4.775284918401809936e-02	-1.770381116716012393e+00
0.48532289628180036	-1.8286708939280596	4.429159217174173657e-02	-1.773901686242150832e+00
0.487279843444227	-1.8507086469287022	4.082371924046417078e-02	-1.777155732948939360e+00
0.4892367906066536	-1.8722148927093107	3.734975142654158725e-02	-1.780142767926699898e+00
0.4911937377690802	-1.8931850999006952	3.387021068206606117e-02	-1.782862342383376708e+00
0.4931506849315068	-1.9136151623719302	3.038561979644359076e-02	-1.785314047711967333e+00
0.49510763209393344	-1.9335014011242326	2.689650231784741080e-02	-1.787497515551912608e+00
0.49706457925636005	-1.9528405656502448	2.340338247455615167e-02	-1.789412417844443270e+00
0.49902152641878667	-1.9716298347574028	1.990678509619053446e-02	-1.791058466881867872e+00
0.5009784735812133	-1.9898668168548463	1.640723553485895839e-02	-1.792435415350802641e+00
0.5029354207436398	-2.007549549703983	1.290525958622586351e-02	-1.793543056369325983e+00
0.5048923679060665	-2.0246764996336055	9.401383410512295299e-03	-1.794381223518064949e+00
0.5068493150684932	-2.041246560221131	5.896133453441714314e-03	-1.794949790865197237e+00
0.5088062622309197	-2.05725905044228	2.390036367144026015e-03	-1.795248672985372940e+00
0.5107632093933463	-2.0727137122922223	-1.116381068972641891e-03	-1.795277824972549396e+00
0.512720156555773	-2.087610707881922	-4.622592027368542349e-03	-1.795037242446737125e+00
0.5146771037181996	-2.1019506160141206	-8.128069711526896349e-03	-1.794526961554659517e+00
0.5166340508806262	-2.115734428244109	-1.163228743510255972e-02	-1.793747058964320962e+00
0.5185909980430528	-2.1289635444311275	-1.513471870105539442e-02	-1.792697651853487173e+00
0.5205479452054794	-2.1416397677868924	-1.863483728075444185e-02	-1.791378897892081712e+00
0.5225048923679061	-2.1537652994284753	-2.213211729304252751e-02	-1.789790995218493830e+00
0.5244618395303327	-2.1653427324433836	-2.562603328324740068e-02	-1.787934182409810724e+00
0.5264187866927592	-2.1763750454753596	-2.911606030212992094e-02	-1.785808738445972210e+00
0.5283757338551859	-2.1868655958400693	-3.260167398475630196e-02	-1.783414982667853588e+00
0.5303326810176126	-2.1968181121804684	-3.608235062928147330e-02	-1.780753274729286684e+00
0.5322896281800391	-2.206236686672264	-3.955756727563399661e-02	-1.777824014543022635e+00
0.5342465753424657	-2.2151257667904822	-4.302680178408885975e-02	-1.774627642220647283e+00
0.5362035225048923	-2.2234901466487536	-4.648953291371771962e-02	-1.771164638006454517e+00
0.538160469667319	-2.2313349579234876	-4.994524040070286164e-02	-1.767435522205292209e+00
0.5401174168297456	-2.2386656603756685	-5.339340503650558123e-02	-1.763440855104386973e+00
0.5420743639921721	-2.245488031983565	-5.683350874587535240e-02	-1.759181236889164612e+00
0.5440313111545988	-2.2518081587001126	-6.026503466468936115e-02	-1.754657307553072476e+00
0.5459882583170255	-2.2576324238492953	-6.368746721760884522e-02	-1.749869746801424153e+00
0.547945205479452	-2.262967497176296	-6.710029219554314306e-02	-1.744819273949274718e+00
0.5499021526418786	-2.2678203235666383	-7.050299683290757458e-02	-1.739506647813346518e+00
0.5518590998043053	-2.2721981114500363	-7.389506988466530701e-02	-1.733932666598019701e+00
0.5538160469667319	-2.2761083209050113	-7.727600170313946026e-02	-1.728098167775404592e+00
0.5557729941291585	-2.279558651480817	-8.064528431458634072e-02	-1.722004027959514350e+00
0.557729941291585	-2.282557029753516	-8.400241149551715414e-02	-1.715651162774555649e+00
0.5596868884540117	-2.2851115966334556	-8.734687884875573516e-02	-1.709040526717360953e+00
0.5616438356164384	-2.287230694441689	-9.067818387922292611e-02	-1.702173113013977224e+00
0.5636007827788649	-2.288922853773214	-9.399582606943462926e-02	-1.695049953470437964e+00
0.5655577299412915	-2.290196780165159	-9.729930695470331847e-02	-1.687672118317736114e+00
0.5675146771037182	-2.2910613405883313	-1.005881301980300485e-01	-1.680040716051027339e+00
0.5694716242661448	-2.2915255497807463	-1.038618016646778164e-01	-1.672156893263081701e+00
0.5714285714285714	-2.2915985564419765	-1.071198294964135211e-01	-1.664021834472011685e+00
0.573385518590998	-2.2912896293073426	-1.103617241854084191e-01	-1.655636761943301227e+00
0.5753424657534246	-2.290608143121106	-1.135869986477843763e-01	-1.647002935506167054e+00
0.5772994129158513	-2.289563564527971	-1.167951682967969668e-01	-1.638121652364271430e+00
0.5792563600782779	-2.2881654379022875	-1.199857511156433298e-01	-1.628994246900821619e+00
0.5812133072407044	-2.286423371134444	-1.231582677298828782e-01	-1.619622090478084697e+00
0.5831702544031311	-2.2843470213939505	-1.263122414794622395e-01	-1.610006591231344153e+00
0.5851272015655578	-2.2819460808887824	-1.294471984903315942e-01	-1.600149193857331564e+00
0.5870841487279843	-2.2792302626405143	-1.325626677456430147e-01	-1.590051379397166231e+00
0.5890410958904109	-2.276209286294752	-1.356581811565187035e-01	-1.579714665013834507e+00
0.5909980430528375	-2.2728928639863213	-1.387332736323800830e-01	-1.569140603764240138e+00
0.5929549902152642	-2.269290686278588	-1.417874831508258993e-01	-1.558330784365862698e+00
0.5949119373776908	-2.2654124081961435	-1.448203508270500539e-01	-1.547286830958058523e+00
0.5968688845401173	-2.261267635370012	-1.478314209827867876e-01	-1.536010402858038582e+00
0.598825831702544	-2.2568659103143034	-1.508202412147753302e-01	-1.524503194311562337e+00
0.6007827788649707	-2.2522166988531143	-1.537863624627317238e-01	-1.512766934238382932e+00
0.6027397260273972	-2.247329376716201	-1.567293390768190464e-01	-1.500803385972481196e+00
0.6046966731898238	-2.242213216321771	-1.596487288846042407e-01	-1.488614346997132909e+00
0.6066536203522505	-2.2368773737644214	-1.625440932574933051e-01	-1.476201648674841937e+00
0.6086105675146771	-2.2313308760260018	-1.654149971766340765e-01	-1.463567155972182343e+00
0.6105675146771037	-2.225582608426851	-1.682610092982757821e-01	-1.450712767179596963e+00
0.6125244618395302	-2.21964130233451	-1.710817020185775583e-01	-1.437640413626182889e+00
0.6144814090019569	-2.2135155231466794	-1.738766515378538935e-01	-1.424352059389517144e+00
0.6164383561643836	-2.2072136585647804	-1.766454379242500539e-01	-1.410849701000557399e+00
0.6183953033268101	-2.2007439071740946	-1.793876451768342817e-01	-1.397135367143675699e+00
0.6203522504892367	-2.194114267346006	-1.821028612881015196e-01	-1.383211118351849844e+00
0.6223091976516634	-2.187332526477456	-1.847906783058754776e-01	-1.369079046697078583e+00
0.62426614481409	-2.1804062505822133	-1.874506923946027970e-01	-1.354741275476052165e+00
0.6262230919765166	-2.1733427742481064	-1.900825038960272106e-01	-1.340199958891136855e+00
0.6281800391389432	-2.1661491909738357	-1.926857173892373709e-01	-1.325457281726711400e+00
0.6301369863013698	-2.158832343898471	-1.952599417500776313e-01	-1.310515459020910045e+00
0.6320939334637965	-2.151398816936182	-1.978047902099125954e-01	-1.295376735732822526e+00
0.6340508806262231	-2.143854926328205	-2.003198804137382716e-01	-1.280043386405194106e+00
0.6360078277886496	-2.136206712623454	-2.028048344776294254e-01	-1.264517714822685823e+00
0.6379647749510763	-2.1284599330986085	-2.052592790455156635e-01	-1.248802053665734046e+00
0.639921722113503	-2.120620054627888	-2.076828453452765066e-01	-1.232898764160078819e+00
0.6418786692759295	-2.112692247012108	-2.100751692441487350e-01	-1.216810235721991651e+00
0.6438356164383561	-2.1046813767759844	-2.124358913034352370e-01	-1.200538885599280015e+00
0.6457925636007827	-2.0965920014419863	-2.147646568325106420e-01	-1.184087158508097204e+00
0.6477495107632094	-2.0884283642884167	-2.170611159421112213e-01	-1.167457526265638368e+00
0.649706457925636	-2.0801943895986716	-2.193249235969056410e-01	-1.150652487418752035e+00
0.6516634050880625	-2.071893678408024	-2.215557396673348001e-01	-1.133674566868545064e+00
0.6536203522504892	-2.0635295047535305	-2.237532289807148689e-01	-1.116526315491028098e+00
0.6555772994129159	-2.055104812432002	-2.259170613715966169e-01	-1.099210309753846593e+00
0.6575342465753424	-2.046622212270256	-2.280469117313714544e-01	-1.081729151329180461e+00
0.659491193737769	-2.038083979911175	-2.301424600571171375e-01	-1.064085466702854754e+00
0.6614481409001957	-2.0294920541183927	-2.322033914996783632e-01	-1.046281906779710225e+00
0.6634050880626223	-2.0208480356016834	-2.342293964109711524e-01	-1.028321146485319471e+00
0.6653620352250489	-2.012153186364444	-2.362201703905060513e-01	-1.010205884364090201e+00
0.6673189823874754	-2.0034084295739194	-2.381754143311243799e-01	-9.919388421738104533e-01
0.6692759295499021	-1.9946143499541136	-2.400948344639368681e-01	-9.735227644767227018e-01
0.6712328767123288	-1.985771194700606	-2.419781424024624039e-01	-9.549604182271543840e-01
0.6731898238747553	-1.9768788749157489	-2.438250551859567905e-01	-9.362545923557954453e-01
0.6751467710371819	-1.9679369675620544	-2.456352953219262947e-01	-9.174080973506749670e-01
0.6771037181996086	-1.9589447179308137	-2.474085908278206569e-01	-8.984237648348873950e-01
0.6790606653620352	-1.9499010426223147	-2.491446752718972368e-01	-8.793044471411530782e-01
0.6810176125244618	-1.9408045330333115	-2.508432878132511035e-01	-8.600530168832704048e-01
0.6829745596868884	-1.9316534593466779	-2.525041732410062134e-01	-8.406723665245062760e-01
0.684931506849315	-1.9224457750175263	-2.541270820126597663e-01	-8.211654079430171782e-01
0.6868884540117417	-1.913179121749353	-2.557117702915746582e-01	-8.015350719943534763e-01
0.6888454011741683	-1.9038508349531102	-2.572579999836158149e-01	-7.817843080710985548e-01
0.6908023483365948	-1.8944579496814373	-2.587655387729224654e-01	-7.619160836597431707e-01
0.6927592954990215	-1.8849972070296306	-2.602341601568133878e-01	-7.419333838948212190e-01
0.6947162426614482	-1.875465060994287	-2.616636434798177979e-01	-7.218392111104069420e-01
0.6966731898238747	-1.8658576857799083	-2.630537739668279418e-01	-7.016365843890288723e-01
0.6986301369863013	-1.8561709835431794	-2.644043427553688930e-01	-6.813285391080535769e-01
0.700587084148728	-1.8464005925639657	-2.657151469269791177e-01	-6.609181264836356817e-01
0.7025440313111546	-1.8365418958315511	-2.669859895376980319e-01	-6.404084131122859125e-01
0.7045009784735812	-1.8265900300340059	-2.682166796476567749e-01	-6.198024805101177703e-01
0.7064579256360077	-1.8165398949380724	-2.694070323497659292e-01	-5.991034246498628812e-01
0.7084148727984344	-1.8063861631463638	-2.705568687974969633e-01	-5.783143554957171917e-01
0.7103718199608611	-1.796123290218194	-2.716660162317539595e-01	-5.574383965360679705e-01
0.7123287671232876	-1.785745525139828	-2.727343080068295178e-01	-5.364786843142124173e-01
0.7142857142857142	-1.7752469211294457	-2.737615836154429494e-01	-5.154383679570920807e-01
0.7162426614481409	-1.7646213467617171	-2.747476887128560974e-01	-4.943206087021509987e-01
0.7181996086105675	-1.7538624973963377	-2.756924751400628426e-01	-4.731285794223752394e-01
0.7201565557729941	-1.7429639068945482	-2.765958009460495748e-01	-4.518654641495704061e-01
0.7221135029354206	-1.7319189596072024	-2.774575304091231320e-01	-4.305344575959753617e-01
0.7240704500978473	-1.7207209026175962	-2.782775340573020451e-01	-4.091387646742727369e-01
0.726027397260274	-1.7093628582219325	-2.790556886877698095e-01	-3.876816000160501208e-01
0.7279843444227005	-1.6978378366298932	-2.797918773853851349e-01	-3.661661874888249568e-01
0.7299412915851271	-1.6861387488675859	-2.804859895402485592e-01	-3.445957597116584559e-01
0.7318982387475538	-1.6742584198647676	-2.811379208643211003e-01	-3.229735575694696048e-01
0.7338551859099804	-1.6621896017080255	-2.817475734070927218e-01	-3.013028297261081678e-01
0.735812133072407	-1.6499249870413684	-2.823148555702998386e-01	-2.795868321362442455e-01
0.7377690802348336	-1.6374572225954283	-2.828396821216870860e-01	-2.578288275561761989e-01
0.7397260273972602	-1.6247789228263703	-2.833219742078132430e-01	-2.360320850536178905e-01
0.7416829745596869	-1.6118826836453561	-2.837616593658989772e-01	-2.141998795165219738e-01
0.7436399217221135	-1.5987610962193732	-2.841586715347140246e-01	-1.923354911610439810e-01
0.74559686888454	-1.5854067608240374	-2.845129510645023063e-01	-1.704422050387054688e-01
0.7475538160469667	-1.5718123007290017	-2.848244447259447587e-01	-1.485233105428149236e-01
0.7495107632093934	-1.5579703760964696	-2.850931057181562700e-01	-1.265821009142599207e-01
0.7514677103718199	-1.543873697873326	-2.853188936757177219e-01	-1.046218727466975834e-01
0.7534246575342465	-1.529515041657406	-2.855017746747406382e-01	-8.264592549125729382e-02
0.7553816046966731	-1.5148872615184246	-2.856417212379640524e-01	-6.065756096081369175e-02
0.7573385518590998	-1.4999833037541743	-2.857387123388830386e-01	-3.866008283389091305e-02
0.7592954990215264	-1.4847962205626395	-2.857927334049077950e-01	-1.665679615830056512e-02
0.7612524461839529	-1.4693191836108483	-2.858037763195530601e-01	5.348993145425857791e-03
0.7632093933463796	-1.4535454974813415	-2.857718394236576920e-01	2.735397878075010447e-02
0.7651663405088063	-1.4374686129773608	-2.856969275156339694e-01	4.935485457188241998e-02
0.7671232876712328	-1.4210821402680094	-2.855790518507465015e-01	7.134831496051867450e-02
0.7690802348336594	-1.4043798618548462	-2.854182301394211918e-01	9.333105550250063442e-02
0.7710371819960861	-1.3873557453416718	-2.852144865445846444e-01	1.152997733642849576e-01
0.7729941291585127	-1.370003955989424	-2.849678516780331794e-01	1.372511678191939977e-01
0.7749510763209393	-1.3523188690384826	-2.846783625958339004e-01	1.591819407433344435e-01
0.7769080234833659	-1.334295081780935	-2.843460627927572038e-01	1.810887971111243000e-01
0.7788649706457925	-1.3159274253657283	-2.839710021957415065e-01	2.029684454903694646e-01
0.7808219178082192	-1.2972109763199542	-2.835532371563921350e-01	2.248175985367854013e-01
0.7827788649706457	-1.278141067769932	-2.830928304425148201e-01	2.466329734879049163e-01
0.7847358121330723	-1.2587133003461144	-2.825898512286844633e-01	2.684112926563119728e-01
0.786692759295499	-1.2389235527563154	-2.820443750858524501e-01	2.901492839220984332e-01
0.7886497064579256	-1.2187679920121677	-2.814564839699924548e-01	3.118436812244844702e-01
0.7906066536203522	-1.1982430832942093	-2.808262662097861240e-01	3.334912250525442490e-01
0.7925636007827788	-1.1773455994414477	-2.801538164933526920e-01	3.550886629349241930e-01
0.7945205479452054	-1.1560726300518211	-2.794392358540220833e-01	3.766327499285267999e-01
0.7964774951076321	-1.1344215901804322	-2.786826316551549998e-01	3.981202491060479853e-01
0.7984344422700587	-1.1123902286230252	-2.778841175740120462e-01	4.195479320423097791e-01
0.8003913894324852	-1.0899766357726912	-2.770438135846739480e-01	4.409125792993297543e-01
0.8023483365949119	-1.0671792510384144	-2.761618459400160264e-01	4.622109809100266031e-01
0.8043052837573386	-1.0439968698146274	-2.752383471527389824e-01	4.834399368605017400e-01
0.8062622309197651	-1.0204286499915396	-2.742734559754593238e-01	5.045962575708407005e-01
0.8082191780821917	-0.9964741179966863	-2.732673173798623178e-01	5.256767643743314178e-01
0.8101761252446184	-0.9721331743586965	-2.722200825349205267e-01	5.466782899950446417e-01
0.812133072407045	-0.9474060987850044	-2.711319087841807529e-01	5.675976790237167169e-01
0.8140900195694716	-0.922293554745804	-2.700029596221245054e-01	5.884317883918270820e-01
0.8160469667318981	-0.8967965935573083	-2.688334046696026491e-01	6.091774878438447338e-01
0.8180039138943248	-0.8709166579579669	-2.676234196483507910e-01	6.298316604075342440e-01
0.8199608610567515	-0.8446555851720421	-2.663731863545880652e-01	6.503912028622654828e-01
0.821917808219178	-0.8180156094556019	-2.650828926317021494e-01	6.708530262052715409e-01
0.8238747553816046	-0.790999364120694	-2.637527323420266745e-01	6.912140561157568142e-01
0.8258317025440313	-0.7636098830342255	-2.623829053377144671e-01	7.114712334167984098e-01
0.8277886497064579	-0.7358506015886888	-2.609736174307099588e-01	7.316215145349864724e-01
0.8297455968688845	-0.707725357142666	-2.595250803618265323e-01	7.516618719577068397e-01
0.831702544031311	-0.6792383889297352	-2.580375117689337472e-01	7.715892946880098524e-01
0.8336594911937377	-0.6503943374351377	-2.565111351542573859e-01	7.914007886970126915e-01
0.8356164383561644	-0.6211982432402583	-2.549461798507994259e-01	8.110933773737315500e-01
0.837573385518591	-0.5916555453357331	-2.533428809878812138e-01	8.306641019723168817e-01
0.8395303326810175	-0.5617720789046613	-2.517014794558159463e-01	8.501100220565906973e-01
0.8414872798434442	-0.5315540725782013	-2.500222218697165655e-01	8.694282159418332823e-01
0.8434442270058709	-0.5010081451664621	-2.483053605324414270e-01	8.886157811337653811e-01
0.8454011741682974	-0.4701413018683761	-2.465511533966873170e-01	9.076698347646336984e-01
0.847358121330724	-0.4389609299648883	-2.447598640262332870e-01	9.265875140263476473e-01
0.8493150684931506	-0.4074747940005742	-2.429317615563400257e-01	9.453659766006177190e-01
0.8512720156555773	-0.375691030459426	-2.410671206533143429e-01	9.640024010859914450e-01
0.8532289628180039	-0.3436181419412484	-2.391662214732405145e-01	9.824939874217708535e-01
0.8551859099804304	-0.31126499084582415	-2.372293496198882023e-01	1.000837957308707393e+00
0.8571428571428571	-0.27864079257262214	-2.352567961018017517e-01	1.019031554626428138e+00
0.8590998043052838	-0.24575510824452876	-2.332488572885763611e-01	1.037072045847541757e+00
0.8610567514677103	-0.2126178369646707	-2.312058348663299789e-01	1.054956720448337659e+00
0.8630136986301369	-0.17923920761611115	-2.291280357923764222e-01	1.072682891316030007e+00
0.8649706457925636	-0.14562977021474768	-2.270157722491049634e-01	1.090247895152494095e+00
0.8669275929549902	-0.11180038682640564	-2.248693615970768778e-01	1.107649092874415819e+00
0.8688845401174168	-0.0777622220596483	-2.226891263273429455e-01	1.124883870009799391e+00
0.8708414872798433	-0.04352673314649347	-2.204753940129896006e-01	1.141949637090793113e+00
0.87279843444227	-0.009105659623690032	-2.182284972599233541e-01	1.158843830042737721e+00
0.8747553816046967	0.02548898737216701	-2.159487736568965477e-01	1.175563910569420001e+00
0.8767123287671232	0.06024493618194768	-2.136365657247863981e-01	1.192107366534437496e+00
0.8786692759295498	0.09514966605943077	-2.112922208651329681e-01	1.208471712338636816e+00
0.8806262230919765	0.13019041895011751	-2.089160913079420034e-01	1.224654489293572901e+00
0.8825831702544031	0.16535421159817623	-2.065085340587642371e-01	1.240653265990915299e+00
0.8845401174168297	0.20062784796586564	-2.040699108450569066e-01	1.256465638667756624e+00
0.8864970645792563	0.23599793194931978	-2.016005880618345070e-01	1.272089231567775647e+00
0.8884540117416829	0.2714508803741698	-1.991009367166194644e-01	1.287521697298183110e+00
0.8904109589041096	0.3069729362541327	-1.965713323737002804e-01	1.302760717182408268e+00
0.8923679060665362	0.34255018229530776	-1.940121550977027542e-01	1.317804001608477105e+00
0.8943248532289627	0.37816855462861365	-1.914237893964881865e-01	1.332649290373014050e+00
0.8962818003913894	0.41381385675243665	-1.888066241633809261e-01	1.347294353020833224e+00
0.898238747553816	0.44947177366733077	-1.861610526187390535e-01	1.361736989180057256e+00
0.9001956947162426	0.48512788618431124	-1.834874722508749445e-01	1.375975028892710172e+00
0.9021526418786692	0.5207676853880729	-1.807862847563327935e-01	1.390006332940754818e+00
0.9041095890410958	0.5563765872362061	-1.780578959795355298e-01	1.403828793167498201e+00
0.9060665362035225	0.591939947275335	-1.753027158518088158e-01	1.417440332794332569e+00
0.9080234833659491	0.6274430754549625	-1.725211583297889262e-01	1.430838906732771587e+00
0.9099804305283756	0.6628712510195865	-1.697136413332277494e-01	1.444022501891713439e+00
0.9119373776908023	0.6982097374596384	-1.668805866822023476e-01	1.456989137479899332e+00
0.913894324853229	0.7334437975016393	-1.640224200337364879e-01	1.469736865303526763e+00
0.9158512720156555	0.768558708117983	-1.611395708178487707e-01	1.482263770058952268e+00
0.9178082191780821	0.8035397755366439	-1.582324721730306305e-01	1.494567969620465009e+00
0.9197651663405088	0.8383723502311764	-1.553015608811695036e-01	1.506647615323068790e+00
0.9217221135029354	0.873041841871345	-1.523472773019242943e-01	1.518500892240232547e+00
0.923679060665362	0.9075337342148286	-1.493700653065616335e-01	1.530126019456584663e+00
0.9256360078277885	0.9418335999204657	-1.463703722112662531e-01	1.541521250335486037e+00
0.9275929549902152	0.9759271152636207	-1.433486487099339679e-01	1.552684872781454395e+00
0.9295499021526419	1.0098000747344238	-1.403053488064550103e-01	1.563615209497404290e+00
0.9315068493150684	1.0434384054997434	-1.372409297465021494e-01	1.574310618236654857e+00
0.933463796477495	1.076828181709962	-1.341558519488318668e-01	1.584769492049668882e+00
0.9354207436399217	1.1099556386318077	-1.310505789361060547e-01	1.594990259525496779e+00
0.9373776908023483	1.142807186588742	-1.279255772652515000e-01	1.604971385027870179e+00
0.9393346379647749	1.1753694246906772	-1.247813164573593481e-01	1.614711368925930701e+00
0.9412915851272015	1.2076291543350637	-1.216182689271420037e-01	1.624208747819543275e+00
0.9432485322896281	1.2395733924616572	-1.184369099119549490e-01	1.633462094759164041e+00
0.9452054794520548	1.2711893845436932	-1.152377174003926252e-01	1.642470019460240183e+00
0.9471624266144814	1.3024646172984555	-1.120211720604729344e-01	1.651231168512091285e+00
0.9491193737769079	1.3333868311006953	-1.087877571674190497e-01	1.659744225581256005e+00
0.9510763209393346	1.3639440320826566	-1.055379585310474433e-01	1.668007911609267646e+00
0.9530332681017613	1.3941245039049783	-1.022722644227783417e-01	1.676020985004827324e+00
0.9549902152641878	1.4239168191831166	-9.899116550227303468e-02	1.683782241830349191e+00
0.9569471624266144	1.4533098505544628	-9.569515474371444175e-02	1.691290515982849740e+00
0.958904109589041	1.4822927813717284	-9.238472736174026256e-02	1.698544679369146992e+00
0.9608610567514677	1.5108551160087473	-8.906038073703710645e-02	1.705543642075356914e+00
0.9628180039138943	1.5389866897653546	-8.572261434161140836e-02	1.712286352530647537e+00
0.9647749510763208	1.5666776783584928	-8.237192966374619341e-02	1.718771797665232137e+00
0.9667318982387475	1.5939186069873155	-7.900883013265271038e-02	1.724999003062583469e+00
0.9686888454011742	1.6207003589605846	-7.563382104283249141e-02	1.730967033105834663e+00
0.9706457925636007	1.6470141838752987	-7.224740947815933012e-02	1.736674991118350553e+00
0.9726027397260273	1.6728517053360257	-6.885010423568992122e-02	1.742122019498454133e+00
0.974559686888454	1.6982049282050997	-6.544241574922075866e-02	1.747307299848274820e+00
0.9765166340508806	1.7230662453744228	-6.202485601259540710e-02	1.752230053096713647e+00
0.9784735812133072	1.7474284440503025	-5.859793850277986854e-02	1.756889539616492968e+00
0.9804305283757337	1.7712847115433779	-5.516217810271516891e-02	1.761285059335284009e+00
0.9823874755381604	1.7946286405563467	-5.171809102395636543e-02	1.765415951840890729e+00
0.9843444227005871	1.8174542339629305	-4.826619472911426040e-02	1.769281596480475116e+00
0.9863013698630136	1.8397559090721596	-4.480700785410913350e-02	1.772881412453806149e+00
0.9882583170254402	1.8615285013727645	-4.134105013024585995e-02	1.776214858900525551e+00
0.9902152641878669	1.8827672677531602	-3.786884230612680424e-02	1.779281434981408561e+00
0.9921722113502935	1.9034678891932084	-3.439090606941186401e-02	1.782080679953613966e+00
0.9941291585127201	1.9236264729246935	-3.090776396843482321e-02	1.784612173239909394e+00
0.9960861056751467	1.9432395540581076	-2.741993933369420849e-02	1.786875534491860762e+00
0.9980430528375733	1.9623040966740928	-2.392795619922293698e-02	1.788870423646979901e+00
1.0	1.9808174943786083	-2.043233922385461962e-02	1.790596540979815909e+00
